 1.00000000e+08  1.84219044e-02 
 1.02330354e+08  1.84054838e-02 
 1.04715014e+08  1.83716777e-02 
 1.07155245e+08  1.83185919e-02 
 1.09652342e+08  1.82443596e-02 
 1.12207630e+08  1.81471967e-02 
 1.14822466e+08  1.80254657e-02 
 1.17498236e+08  1.78777456e-02 
 1.20236362e+08  1.77029032e-02 
 1.23038295e+08  1.75001644e-02 
 1.25905523e+08  1.72691782e-02 
 1.28839568e+08  1.70100689e-02 
 1.31841987e+08  1.67234723e-02 
 1.34914372e+08  1.64105507e-02 
 1.38058355e+08  1.60729845e-02 
 1.41275604e+08  1.57129395e-02 
 1.44567827e+08  1.53330121e-02 
 1.47936769e+08  1.49361547e-02 
 1.51384220e+08  1.45255875e-02 
 1.54912009e+08  1.41047022e-02 
 1.58522008e+08  1.36769650e-02 
 1.62216133e+08  1.32458239e-02 
 1.65996343e+08  1.28146256e-02 
 1.69864646e+08  1.23865466e-02 
 1.73823095e+08  1.19645390e-02 
 1.77873789e+08  1.15512923e-02 
 1.82018879e+08  1.11492108e-02 
 1.86260564e+08  1.07604052e-02 
 1.90601095e+08  1.03866955e-02 
 1.95042776e+08  1.00296242e-02 
 1.99587964e+08  9.69047846e-03 
 2.04239071e+08  9.37031912e-03 
 2.08998565e+08  9.07001743e-03 
 2.13868972e+08  8.79030192e-03 
 2.18852877e+08  8.53181999e-03 
 2.23952925e+08  8.29522506e-03 
 2.29171822e+08  8.08131030e-03 
 2.34512337e+08  7.89123091e-03 
 2.39977306e+08  7.72690355e-03 
 2.45569627e+08  7.59177940e-03 
 2.51292270e+08  7.49246259e-03 
 2.57148271e+08  7.44241243e-03 
 2.63140737e+08  7.47136984e-03 
 2.69272848e+08  7.65284990e-03 
 2.75547860e+08  8.20019958e-03 
 2.81969102e+08  9.90106301e-03 
 2.88539981e+08  1.62130622e-02 
 2.95263985e+08  2.28969245e-02 
 3.02144683e+08  1.25027238e-02 
 3.09185725e+08  9.49740409e-03 
 3.16390848e+08  8.60069941e-03 
 3.23763876e+08  1.07518631e-02 
 3.31308722e+08  8.95240791e-03 
 3.39029389e+08  8.13970284e-03 
 3.46929975e+08  7.95586098e-03 
 3.55014673e+08  7.98059403e-03 
 3.63287773e+08  8.46409137e-03 
 3.71753666e+08  9.29055803e-03 
 3.80416844e+08  1.05148090e-02 
 3.89281904e+08  9.44301499e-03 
 3.98353552e+08  1.24049719e-02 
 4.07636602e+08  1.17999368e-02 
 4.17135980e+08  1.03070139e-02 
 4.26856726e+08  8.93783820e-03 
 4.36804001e+08  8.55931430e-03 
 4.46983082e+08  8.72620955e-03 
 4.57399372e+08  9.02882297e-03 
 4.68058398e+08  8.39000081e-03 
 4.78965818e+08  8.58212891e-03 
 4.90127419e+08  8.86695040e-03 
 5.01549125e+08  9.17003806e-03 
 5.13236997e+08  9.82243644e-03 
 5.25197238e+08  7.72147714e-03 
 5.37436195e+08  8.49607520e-03 
 5.49960363e+08  1.01574107e-02 
 5.62776388e+08  1.00644596e-02 
 5.75891073e+08  9.82644170e-03 
 5.89311376e+08  9.20601441e-03 
 6.03044419e+08  1.02953437e-02 
 6.17097492e+08  8.56936489e-03 
 6.31478050e+08  7.50360688e-03 
 6.46193727e+08  8.32117873e-03 
 6.61252331e+08  8.79573256e-03 
 6.76661854e+08  8.58408326e-03 
 6.92430473e+08  9.04960277e-03 
 7.08566557e+08  9.70662973e-03 
 7.25078669e+08  9.72783182e-03 
 7.41975572e+08  1.06052150e-02 
 7.59266232e+08  1.06938593e-02 
 7.76959826e+08  9.82981750e-03 
 7.95065744e+08  1.09906045e-02 
 8.13593593e+08  1.01746298e-02 
 8.32553207e+08  1.04641994e-02 
 8.51954648e+08  1.10972119e-02 
 8.71808210e+08  1.03260171e-02 
 8.92124431e+08  1.09166877e-02 
 9.12914092e+08  1.21469079e-02 
 9.34188226e+08  1.24873129e-02 
 9.55958123e+08  1.30671370e-02 
 9.78235335e+08  1.49759987e-02 
 1.00103169e+09  1.24727092e-02 
 1.02435927e+09  1.06611303e-02 
 1.04823047e+09  1.03729434e-02 
 1.07265796e+09  1.10617805e-02 
 1.09765469e+09  1.21068837e-02 
 1.12323393e+09  1.05279780e-02 
 1.14940927e+09  1.06516079e-02 
 1.17619457e+09  1.09720872e-02 
 1.20360408e+09  1.21233166e-02 
 1.23165232e+09  1.09793253e-02 
 1.26035418e+09  1.14701721e-02 
 1.28972490e+09  1.10240727e-02 
 1.31978006e+09  1.14030081e-02 
 1.35053561e+09  1.31624056e-02 
 1.38200788e+09  1.07764524e-02 
 1.41421356e+09  1.15779113e-02 
 1.44716975e+09  1.10605454e-02 
 1.48089393e+09  1.12899014e-02 
 1.51540401e+09  1.18217866e-02 
 1.55071830e+09  1.56746148e-02 
 1.58685553e+09  1.06011394e-02 
 1.62383489e+09  1.09198884e-02 
 1.66167599e+09  1.13610441e-02 
 1.70039893e+09  1.29123387e-02 
 1.74002425e+09  9.74807051e-03 
 1.78057299e+09  1.04048251e-02 
 1.82206665e+09  1.14801613e-02 
 1.86452726e+09  1.08004805e-02 
 1.90797735e+09  1.12686888e-02 
 1.95243999e+09  1.11205761e-02 
 1.99793876e+09  1.09936668e-02 
 2.04449781e+09  1.06799768e-02 
 2.09214185e+09  1.06874966e-02 
 2.14089617e+09  1.06951947e-02 
 2.19078664e+09  1.06943115e-02 
 2.24183974e+09  1.06855539e-02 
 2.29408255e+09  1.06699632e-02 
 2.34754280e+09  1.06483310e-02 
 2.40224887e+09  1.06212344e-02 
 2.45822978e+09  1.05891052e-02 
 2.51551525e+09  1.05522794e-02 
 2.57413567e+09  1.05110300e-02 
 2.63412215e+09  1.04655889e-02 
 2.69550653e+09  1.04161629e-02 
 2.75832139e+09  1.03629464e-02 
 2.82260005e+09  1.03061355e-02 
 2.88837664e+09  1.02459470e-02 
 2.95568605e+09  1.01826552e-02 
 3.02456401e+09  1.01166788e-02 
 3.09504707e+09  1.00488336e-02 
 3.16717263e+09  9.98127796e-03 
 3.24097898e+09  9.92276918e-03 
 3.31650528e+09  9.95646194e-03 
 3.39379160e+09  1.06437856e-02 
 3.47287898e+09  9.68107381e-03 
 3.55380937e+09  9.56175910e-03 
 3.63662572e+09  9.46529042e-03 
 3.72137199e+09  9.37086531e-03 
 3.80809314e+09  9.27552686e-03 
 3.89683521e+09  9.17860589e-03 
 3.98764528e+09  9.07994931e-03 
 4.08057155e+09  8.97956029e-03 
 4.17566333e+09  8.87749840e-03 
 4.27297108e+09  8.77384574e-03 
 4.37254645e+09  8.66869351e-03 
 4.47444228e+09  8.56213602e-03 
 4.57871264e+09  8.45426755e-03 
 4.68541287e+09  8.34518058e-03 
 4.79459960e+09  8.23496439e-03 
 4.90633076e+09  8.12370387e-03 
 5.02066566e+09  8.01147830e-03 
 5.13766496e+09  7.89835981e-03 
 5.25739076e+09  7.78441144e-03 
 5.37990660e+09  7.66968449e-03 
 5.50527749e+09  7.55421471e-03 
 5.63356997e+09  7.43801656e-03 
 5.76485211e+09  7.32107419e-03 
 5.89919360e+09  7.20332639e-03 
 6.03666571e+09  7.08463940e-03 
 6.17734142e+09  6.96471915e-03 
 6.32129537e+09  6.84320269e-03 
 6.46860395e+09  6.71894907e-03 
 6.61934535e+09  6.58963016e-03 
 6.77359956e+09  6.44734880e-03 
 6.93144843e+09  6.32567181e-03 
 7.09297575e+09  7.72280154e-03 
 7.25826722e+09  6.23578008e-03 
 7.42741057e+09  6.04881985e-03 
 7.60049556e+09  5.87530829e-03 
 7.77761404e+09  5.63419740e-03 
 7.95886001e+09  6.04064717e-03 
 8.14432966e+09  5.55804745e-03 
 8.33412140e+09  5.23840414e-03 
 8.52833597e+09  4.94716836e-03 
 8.72707642e+09  8.07462800e-03 
 8.93044823e+09  5.94237082e-03 
 9.13855932e+09  5.57588619e-03 
 9.35152014e+09  5.36972218e-03 
 9.56944371e+09  5.21301314e-03 
 9.79244566e+09  5.07859671e-03 
 1.00206443e+10  4.95651078e-03 
 1.02541609e+10  4.84223396e-03 
 1.04931192e+10  4.73341190e-03 
 1.07376460e+10  4.62869362e-03 
 1.09878712e+10  4.52724382e-03 
 1.12439276e+10  4.42851237e-03 
 1.15059509e+10  4.33211440e-03 
 1.17740804e+10  4.23776192e-03 
 1.20484582e+10  4.14522022e-03 
 1.23292299e+10  4.05427462e-03 
 1.26165447e+10  3.96469681e-03 
 1.29105549e+10  3.87619691e-03 
 1.32114166e+10  3.78833180e-03 
 1.35192894e+10  3.70028363e-03 
 1.38343368e+10  3.61018457e-03 
 1.41567259e+10  3.51223932e-03 
 1.44866277e+10  3.37217971e-03 
 1.48242175e+10  3.71691937e-03 
 1.51696743e+10  3.07915268e-03 
 1.55231815e+10  3.32753945e-03 
 1.58849266e+10  3.22775899e-03 
 1.62551017e+10  3.14555899e-03 
 1.66339032e+10  3.06948596e-03 
 1.70215321e+10  2.99686591e-03 
 1.74181941e+10  2.92668745e-03 
 1.78240998e+10  2.85846844e-03 
 1.82394645e+10  2.79194254e-03 
 1.86645086e+10  2.72694587e-03 
 1.90994578e+10  2.66336859e-03 
 1.95445429e+10  2.60113156e-03 
 2.00000000e+10  2.54017429e-03 
