 1.00000000e+08  1.76023694e-02 
 1.02330354e+08  1.77198590e-02 
 1.04715014e+08  1.78420601e-02 
 1.07155245e+08  1.79691577e-02 
 1.09652342e+08  1.81013444e-02 
 1.12207630e+08  1.82388210e-02 
 1.14822466e+08  1.83817966e-02 
 1.17498236e+08  1.85304891e-02 
 1.20236362e+08  1.86851258e-02 
 1.23038295e+08  1.88459437e-02 
 1.25905523e+08  1.90131900e-02 
 1.28839568e+08  1.91871230e-02 
 1.31841987e+08  1.93680122e-02 
 1.34914372e+08  1.95561394e-02 
 1.38058355e+08  1.97517991e-02 
 1.41275604e+08  1.99552992e-02 
 1.44567827e+08  2.01669622e-02 
 1.47936769e+08  2.03871256e-02 
 1.51384220e+08  2.06161428e-02 
 1.54912009e+08  2.08543846e-02 
 1.58522008e+08  2.11022398e-02 
 1.62216133e+08  2.13601164e-02 
 1.65996343e+08  2.16284429e-02 
 1.69864646e+08  2.19076697e-02 
 1.73823095e+08  2.21982704e-02 
 1.77873789e+08  2.25007432e-02 
 1.82018879e+08  2.28156127e-02 
 1.86260564e+08  2.31434314e-02 
 1.90601095e+08  2.34847818e-02 
 1.95042776e+08  2.38402780e-02 
 1.99587964e+08  2.42105678e-02 
 2.04239071e+08  2.45963348e-02 
 2.08998565e+08  2.49983005e-02 
 2.13868972e+08  2.54172264e-02 
 2.18852877e+08  2.58539164e-02 
 2.23952925e+08  2.63092182e-02 
 2.29171822e+08  2.67840263e-02 
 2.34512337e+08  2.72792826e-02 
 2.39977306e+08  2.77959785e-02 
 2.45569627e+08  2.83351553e-02 
 2.51292270e+08  2.88979040e-02 
 2.57148271e+08  2.94853647e-02 
 2.63140737e+08  3.00987233e-02 
 2.69272848e+08  3.07392073e-02 
 2.75547860e+08  3.14080781e-02 
 2.81969102e+08  3.21066201e-02 
 2.88539981e+08  3.28361247e-02 
 2.95263985e+08  3.35978685e-02 
 3.02144683e+08  3.43930834e-02 
 3.09185725e+08  3.52229153e-02 
 3.16390848e+08  3.60883707e-02 
 3.23763876e+08  3.69902450e-02 
 3.31308722e+08  3.79290291e-02 
 3.39029389e+08  3.89047880e-02 
 3.46929975e+08  3.99170054e-02 
 3.55014673e+08  4.09643845e-02 
 3.63287773e+08  4.20445984e-02 
 3.71753666e+08  4.31539785e-02 
 3.80416844e+08  4.42871338e-02 
 3.89281904e+08  4.54364949e-02 
 3.98353552e+08  4.65917812e-02 
 4.07636602e+08  4.77394046e-02 
 4.17135980e+08  4.88618340e-02 
 4.26856726e+08  4.99369756e-02 
 4.36804001e+08  5.09376528e-02 
 4.46983082e+08  5.18313083e-02 
 4.57399372e+08  5.25800804e-02 
 4.68058398e+08  5.31414160e-02 
 4.78965818e+08  5.34693371e-02 
 4.90127419e+08  5.35163515e-02 
 5.01549125e+08  5.32357667e-02 
 5.13236997e+08  5.25838102e-02 
 5.25197238e+08  5.15205060e-02 
 5.37436195e+08  5.00076615e-02 
 5.49960363e+08  4.80013700e-02 
 5.62776388e+08  4.54343192e-02 
 5.75891073e+08  4.21774786e-02 
 5.89311376e+08  3.79543483e-02 
 6.03044419e+08  3.21354210e-02 
 6.17097492e+08  2.32908342e-02 
 6.31478050e+08  1.14625614e-02 
 6.46193727e+08  2.73877227e-02 
 6.61252331e+08  4.29767731e-02 
 6.76661854e+08  4.40349047e-02 
 6.92430473e+08  4.14704823e-02 
 7.08566557e+08  3.85579037e-02 
 7.25078669e+08  3.58603701e-02 
 7.41975572e+08  3.34462862e-02 
 7.59266232e+08  3.12995980e-02 
 7.76959826e+08  2.93952003e-02 
 7.95065744e+08  2.77123104e-02 
 8.13593593e+08  2.62356032e-02 
 8.32553207e+08  2.49540952e-02 
 8.51954648e+08  2.38598386e-02 
 8.71808210e+08  2.29467915e-02 
 8.92124431e+08  2.22098830e-02 
 9.12914092e+08  2.16442509e-02 
 9.34188226e+08  2.12446540e-02 
 9.55958123e+08  2.10050764e-02 
 9.78235335e+08  2.09185424e-02 
 1.00103169e+09  2.09771392e-02 
 1.02435927e+09  2.11722179e-02 
 1.04823047e+09  2.14947152e-02 
 1.07265796e+09  2.19355289e-02 
 1.09765469e+09  2.24858844e-02 
 1.12323393e+09  2.31376464e-02 
 1.14940927e+09  2.38835552e-02 
 1.17619457e+09  2.47173806e-02 
 1.20360408e+09  2.56340058e-02 
 1.23165232e+09  2.66294554e-02 
 1.26035418e+09  2.77008864e-02 
 1.28972490e+09  2.88465568e-02 
 1.31978006e+09  3.00657845e-02 
 1.35053561e+09  3.13589062e-02 
 1.38200788e+09  3.27272417e-02 
 1.41421356e+09  3.41730673e-02 
 1.44716975e+09  3.56995999e-02 
 1.48089393e+09  3.73109907e-02 
 1.51540401e+09  3.90123283e-02 
 1.55071830e+09  4.08096446e-02 
 1.58685553e+09  4.27099196e-02 
 1.62383489e+09  4.47210725e-02 
 1.66167599e+09  4.68519235e-02 
 1.70039893e+09  4.91121007e-02 
 1.74002425e+09  5.15118519e-02 
 1.78057299e+09  5.40617001e-02 
 1.82206665e+09  5.67718479e-02 
 1.86452726e+09  5.96511890e-02 
 1.90797735e+09  6.27057110e-02 
 1.95243999e+09  6.59359798e-02 
 1.99793876e+09  6.93332702e-02 
 2.04449781e+09  7.28737816e-02 
 2.09214185e+09  7.65103142e-02 
 2.14089617e+09  8.01609587e-02 
 2.19078664e+09  8.36951117e-02 
 2.24183974e+09  8.69190228e-02 
 2.29408255e+09  8.95666122e-02 
 2.34754280e+09  9.13059808e-02 
 2.40224887e+09  9.17746176e-02 
 2.45822978e+09  9.06498618e-02 
 2.51551525e+09  8.77403441e-02 
 2.57413567e+09  8.30578980e-02 
 2.63412215e+09  7.68248441e-02 
 2.69550653e+09  6.94056001e-02 
 2.75832139e+09  6.11988109e-02 
 2.82260005e+09  5.25428353e-02 
 2.88837664e+09  4.36670337e-02 
 2.95568605e+09  3.47000960e-02 
 3.02456401e+09  2.57850709e-02 
 3.09504707e+09  1.76975743e-02 
 3.16717263e+09  1.49445993e-02 
 3.24097898e+09  2.49978413e-02 
 3.31650528e+09  4.74391445e-02 
 3.39379160e+09  8.45057420e-02 
 3.47287898e+09  1.17310101e-01 
 3.55380937e+09  1.00737910e-01 
 3.63662572e+09  7.60444442e-02 
 3.72137199e+09  5.70495578e-02 
 3.80809314e+09  4.42976196e-02 
 3.89683521e+09  3.50274042e-02 
 3.98764528e+09  2.76684691e-02 
 4.08057155e+09  1.99531930e-02 
 4.17566333e+09  2.41739276e-02 
 4.27297108e+09  1.96562754e-02 
 4.37254645e+09  1.83656184e-02 
 4.47444228e+09  1.89668999e-02 
 4.57871264e+09  2.13166784e-02 
 4.68541287e+09  2.56864135e-02 
 4.79459960e+09  3.09330579e-02 
 4.90633076e+09  4.92541744e-02 
 5.02066566e+09  1.15950831e-01 
 5.13766496e+09  6.66998325e-02 
 5.25739076e+09  2.75707036e-02 
 5.37990660e+09  2.22285298e-02 
 5.50527749e+09  2.77602205e-02 
 5.63356997e+09  2.90769558e-02 
 5.76485211e+09  3.59767595e-02 
 5.89919360e+09  4.57562746e-02 
 6.03666571e+09  9.09264814e-02 
 6.17734142e+09  3.52960015e-02 
 6.32129537e+09  5.27826307e-02 
 6.46860395e+09  8.16441171e-02 
 6.61934535e+09  8.47893748e-02 
 6.77359956e+09  5.02889035e-02 
 6.93144843e+09  4.45970485e-02 
 7.09297575e+09  1.01147346e-01 
 7.25826722e+09  1.02000301e-01 
 7.42741057e+09  1.32431522e-01 
 7.60049556e+09  1.08133741e-02 
 7.77761404e+09  9.90067933e-02 
 7.95886001e+09  2.50897916e-02 
 8.14432966e+09  5.61673302e-02 
 8.33412140e+09  2.92465287e-02 
 8.52833597e+09  3.76410641e-02 
 8.72707642e+09  4.27152584e-02 
 8.93044823e+09  4.29841716e-02 
 9.13855932e+09  5.31525812e-02 
 9.35152014e+09  4.80529368e-02 
 9.56944371e+09  5.00114381e-02 
 9.79244566e+09  4.94745572e-02 
 1.00206443e+10  6.31363194e-02 
 1.02541609e+10  6.85001586e-02 
 1.04931192e+10  7.34958817e-02 
 1.07376460e+10  7.87055742e-02 
 1.09878712e+10  8.43974381e-02 
 1.12439276e+10  9.08306373e-02 
 1.15059509e+10  9.82808431e-02 
 1.17740804e+10  1.06849840e-01 
 1.20484582e+10  1.15396678e-01 
 1.23292299e+10  1.17706688e-01 
 1.26165447e+10  1.01393009e-01 
 1.29105549e+10  7.48779291e-02 
 1.32114166e+10  6.21920252e-02 
 1.35192894e+10  6.32512021e-02 
 1.38343368e+10  6.95934766e-02 
 1.41567259e+10  7.80454473e-02 
 1.44866277e+10  9.48575552e-02 
 1.48242175e+10  1.00184703e-01 
 1.51696743e+10  1.03338289e-01 
 1.55231815e+10  8.08202813e-02 
 1.58849266e+10  9.72118361e-02 
 1.62551017e+10  1.00555075e-01 
 1.66339032e+10  1.03000780e-01 
 1.70215321e+10  1.06935636e-01 
 1.74181941e+10  1.11305270e-01 
 1.78240998e+10  1.15753944e-01 
 1.82394645e+10  1.20220978e-01 
 1.86645086e+10  1.24756793e-01 
 1.90994578e+10  1.29382347e-01 
 1.95445429e+10  1.34088760e-01 
 2.00000000e+10  1.38875190e-01 
