 1.00000000e+08  1.83031667e-02 
 1.02330354e+08  1.83592028e-02 
 1.04715014e+08  1.84047269e-02 
 1.07155245e+08  1.84379211e-02 
 1.09652342e+08  1.84568373e-02 
 1.12207630e+08  1.84594180e-02 
 1.14822466e+08  1.84435269e-02 
 1.17498236e+08  1.84069906e-02 
 1.20236362e+08  1.83476503e-02 
 1.23038295e+08  1.82634252e-02 
 1.25905523e+08  1.81523853e-02 
 1.28839568e+08  1.80128314e-02 
 1.31841987e+08  1.78433783e-02 
 1.34914372e+08  1.76430365e-02 
 1.38058355e+08  1.74112873e-02 
 1.41275604e+08  1.71481431e-02 
 1.44567827e+08  1.68541901e-02 
 1.47936769e+08  1.65306047e-02 
 1.51384220e+08  1.61791448e-02 
 1.54912009e+08  1.58021120e-02 
 1.58522008e+08  1.54022887e-02 
 1.62216133e+08  1.49828530e-02 
 1.65996343e+08  1.45472799e-02 
 1.69864646e+08  1.40992334e-02 
 1.73823095e+08  1.36424593e-02 
 1.77873789e+08  1.31806846e-02 
 1.82018879e+08  1.27175283e-02 
 1.86260564e+08  1.22564296e-02 
 1.90601095e+08  1.18005929e-02 
 1.95042776e+08  1.13529517e-02 
 1.99587964e+08  1.09161501e-02 
 2.04239071e+08  1.04925397e-02 
 2.08998565e+08  1.00841914e-02 
 2.13868972e+08  9.69292088e-03 
 2.18852877e+08  9.32032748e-03 
 2.23952925e+08  8.96785326e-03 
 2.29171822e+08  8.63687270e-03 
 2.34512337e+08  8.32884252e-03 
 2.39977306e+08  8.04557629e-03 
 2.45569627e+08  7.78979999e-03 
 2.51292270e+08  7.56638919e-03 
 2.57148271e+08  7.38542493e-03 
 2.63140737e+08  7.27073289e-03 
 2.69272848e+08  7.28784334e-03 
 2.75547860e+08  7.65738620e-03 
 2.81969102e+08  9.37170344e-03 
 2.88539981e+08  1.82040295e-02 
 2.95263985e+08  1.58025448e-02 
 3.02144683e+08  9.97860943e-03 
 3.09185725e+08  8.40313610e-03 
 3.16390848e+08  7.87912742e-03 
 3.23763876e+08  7.94310329e-03 
 3.31308722e+08  9.33468670e-03 
 3.39029389e+08  1.61003216e-02 
 3.46929975e+08  1.13638153e-02 
 3.55014673e+08  8.81058240e-03 
 3.63287773e+08  8.10561826e-03 
 3.71753666e+08  7.86830779e-03 
 3.80416844e+08  7.80863841e-03 
 3.89281904e+08  7.84182741e-03 
 3.98353552e+08  7.94002146e-03 
 4.07636602e+08  8.11378775e-03 
 4.17135980e+08  8.33203059e-03 
 4.26856726e+08  8.63920180e-03 
 4.36804001e+08  9.33245734e-03 
 4.46983082e+08  1.17668533e-02 
 4.57399372e+08  9.31520409e-03 
 4.68058398e+08  9.98008845e-03 
 4.78965818e+08  8.90333827e-03 
 4.90127419e+08  9.49520498e-03 
 5.01549125e+08  1.18750266e-02 
 5.13236997e+08  1.02572831e-02 
 5.25197238e+08  1.05382347e-02 
 5.37436195e+08  1.12777790e-02 
 5.49960363e+08  1.21408490e-02 
 5.62776388e+08  1.30405644e-02 
 5.75891073e+08  1.41978353e-02 
 5.89311376e+08  1.10789565e-02 
 6.03044419e+08  1.17425062e-02 
 6.17097492e+08  1.64976160e-02 
 6.31478050e+08  1.26909679e-02 
 6.46193727e+08  1.25149521e-02 
 6.61252331e+08  1.46237380e-02 
 6.76661854e+08  1.89696761e-02 
 6.92430473e+08  1.34451717e-02 
 7.08566557e+08  9.89775534e-03 
 7.25078669e+08  1.35479190e-02 
 7.41975572e+08  1.22006543e-02 
 7.59266232e+08  1.60195175e-02 
 7.76959826e+08  1.43662514e-02 
 7.95065744e+08  1.56740159e-02 
 8.13593593e+08  1.64937743e-02 
 8.32553207e+08  1.84397303e-02 
 8.51954648e+08  1.65217953e-02 
 8.71808210e+08  1.50441491e-02 
 8.92124431e+08  1.46719534e-02 
 9.12914092e+08  1.64021253e-02 
 9.34188226e+08  2.00240082e-02 
 9.55958123e+08  1.86533461e-02 
 9.78235335e+08  2.33702878e-02 
 1.00103169e+09  1.86085583e-02 
 1.02435927e+09  1.68954778e-02 
 1.04823047e+09  2.16979837e-02 
 1.07265796e+09  2.36342542e-02 
 1.09765469e+09  1.80666661e-02 
 1.12323393e+09  1.82016827e-02 
 1.14940927e+09  2.38215317e-02 
 1.17619457e+09  2.34251865e-02 
 1.20360408e+09  2.98252357e-02 
 1.23165232e+09  3.69803013e-02 
 1.26035418e+09  2.02203339e-02 
 1.28972490e+09  2.20681006e-02 
 1.31978006e+09  2.78076106e-02 
 1.35053561e+09  3.15852588e-02 
 1.38200788e+09  2.83653322e-02 
 1.41421356e+09  2.50994615e-02 
 1.44716975e+09  2.99258184e-02 
 1.48089393e+09  3.32875992e-02 
 1.51540401e+09  2.98715484e-02 
 1.55071830e+09  2.74863968e-02 
 1.58685553e+09  2.43937539e-02 
 1.62383489e+09  2.39423748e-02 
 1.66167599e+09  2.22773530e-02 
 1.70039893e+09  2.11942241e-02 
 1.74002425e+09  2.00322850e-02 
 1.78057299e+09  1.94222662e-02 
 1.82206665e+09  1.87852128e-02 
 1.86452726e+09  1.82974450e-02 
 1.90797735e+09  1.79615345e-02 
 1.95243999e+09  1.75969905e-02 
 1.99793876e+09  1.74489197e-02 
 2.04449781e+09  1.72672331e-02 
 2.09214185e+09  1.71485964e-02 
 2.14089617e+09  1.70720181e-02 
 2.19078664e+09  1.70367410e-02 
 2.24183974e+09  1.70385945e-02 
 2.29408255e+09  1.69618193e-02 
 2.34754280e+09  1.71527260e-02 
 2.40224887e+09  1.72455717e-02 
 2.45822978e+09  1.74304908e-02 
 2.51551525e+09  1.76126094e-02 
 2.57413567e+09  1.78104264e-02 
 2.63412215e+09  1.80249285e-02 
 2.69550653e+09  1.82561304e-02 
 2.75832139e+09  1.85043768e-02 
 2.82260005e+09  1.87704897e-02 
 2.88837664e+09  1.90558165e-02 
 2.95568605e+09  1.93623638e-02 
 3.02456401e+09  1.96930256e-02 
 3.09504707e+09  2.00519415e-02 
 3.16717263e+09  2.04454076e-02 
 3.24097898e+09  2.08853038e-02 
 3.31650528e+09  2.14060657e-02 
 3.39379160e+09  2.14342646e-02 
 3.47287898e+09  2.21839085e-02 
 3.55380937e+09  2.28658021e-02 
 3.63662572e+09  2.35842783e-02 
 3.72137199e+09  2.43789938e-02 
 3.80809314e+09  2.52680691e-02 
 3.89683521e+09  2.62602791e-02 
 3.98764528e+09  2.73469229e-02 
 4.08057155e+09  2.84779811e-02 
 4.17566333e+09  2.95140839e-02 
 4.27297108e+09  3.01560820e-02 
 4.37254645e+09  2.99227355e-02 
 4.47444228e+09  2.83735290e-02 
 4.57871264e+09  2.56127739e-02 
 4.68541287e+09  2.24371076e-02 
 4.79459960e+09  1.97330620e-02 
 4.90633076e+09  1.79326460e-02 
 5.02066566e+09  1.70260553e-02 
 5.13766496e+09  1.68081318e-02 
 5.25739076e+09  1.70642710e-02 
 5.37990660e+09  1.76440437e-02 
 5.50527749e+09  1.84688605e-02 
 5.63356997e+09  1.95206774e-02 
 5.76485211e+09  2.08340629e-02 
 5.89919360e+09  2.24960650e-02 
 6.03666571e+09  2.46411821e-02 
 6.17734142e+09  2.73708154e-02 
 6.32129537e+09  3.03342678e-02 
 6.46860395e+09  3.17772835e-02 
 6.61934535e+09  2.97126784e-02 
 6.77359956e+09  2.59523684e-02 
 6.93144843e+09  2.30907509e-02 
 7.09297575e+09  2.15317324e-02 
 7.25826722e+09  2.08589306e-02 
 7.42741057e+09  2.07154458e-02 
 7.60049556e+09  2.05608508e-02 
 7.77761404e+09  2.10052110e-02 
 7.95886001e+09  2.13989526e-02 
 8.14432966e+09  2.18622094e-02 
 8.33412140e+09  2.25048501e-02 
 8.52833597e+09  2.32029154e-02 
 8.72707642e+09  2.22908030e-02 
 8.93044823e+09  2.34073866e-02 
 9.13855932e+09  2.40426536e-02 
 9.35152014e+09  2.46306261e-02 
 9.56944371e+09  2.52122496e-02 
 9.79244566e+09  2.57983840e-02 
 1.00206443e+10  2.63934062e-02 
 1.02541609e+10  2.69996674e-02 
 1.04931192e+10  2.76187458e-02 
 1.07376460e+10  2.82518890e-02 
 1.09878712e+10  2.89001962e-02 
 1.12439276e+10  2.95647024e-02 
 1.15059509e+10  3.02464229e-02 
 1.17740804e+10  3.09463783e-02 
 1.20484582e+10  3.16656131e-02 
 1.23292299e+10  3.24052083e-02 
 1.26165447e+10  3.31662936e-02 
 1.29105549e+10  3.39500592e-02 
 1.32114166e+10  3.47577678e-02 
 1.35192894e+10  3.55907676e-02 
 1.38343368e+10  3.64505075e-02 
 1.41567259e+10  3.73385533e-02 
 1.44866277e+10  3.82566085e-02 
 1.48242175e+10  3.92065365e-02 
 1.51696743e+10  4.01903886e-02 
 1.55231815e+10  4.12104370e-02 
 1.58849266e+10  4.22692144e-02 
 1.62551017e+10  4.33695631e-02 
 1.66339032e+10  4.45146942e-02 
 1.70215321e+10  4.57082626e-02 
 1.74181941e+10  4.69544593e-02 
 1.78240998e+10  4.82581294e-02 
 1.82394645e+10  4.96249225e-02 
 1.86645086e+10  5.10614871e-02 
 1.90994578e+10  5.25757247e-02 
 1.95445429e+10  5.41771277e-02 
 2.00000000e+10  5.58772329e-02 
