 1.00000000e+08  2.17959729e-02 
 1.02330354e+08  2.18559501e-02 
 1.04715014e+08  2.19041577e-02 
 1.07155245e+08  2.19387058e-02 
 1.09652342e+08  2.19575746e-02 
 1.12207630e+08  2.19586393e-02 
 1.14822466e+08  2.19397045e-02 
 1.17498236e+08  2.18985507e-02 
 1.20236362e+08  2.18329924e-02 
 1.23038295e+08  2.17409481e-02 
 1.25905523e+08  2.16205198e-02 
 1.28839568e+08  2.14700804e-02 
 1.31841987e+08  2.12883634e-02 
 1.34914372e+08  2.10745504e-02 
 1.38058355e+08  2.08283496e-02 
 1.41275604e+08  2.05500583e-02 
 1.44567827e+08  2.02406031e-02 
 1.47936769e+08  1.99015526e-02 
 1.51384220e+08  1.95350997e-02 
 1.54912009e+08  1.91440127e-02 
 1.58522008e+08  1.87315574e-02 
 1.62216133e+08  1.83013968e-02 
 1.65996343e+08  1.78574730e-02 
 1.69864646e+08  1.74038821e-02 
 1.73823095e+08  1.69447487e-02 
 1.77873789e+08  1.64841091e-02 
 1.82018879e+08  1.60258075e-02 
 1.86260564e+08  1.55734110e-02 
 1.90601095e+08  1.51301441e-02 
 1.95042776e+08  1.46988442e-02 
 1.99587964e+08  1.42819359e-02 
 2.04239071e+08  1.38814218e-02 
 2.08998565e+08  1.34988894e-02 
 2.13868972e+08  1.31355285e-02 
 2.18852877e+08  1.27921612e-02 
 2.23952925e+08  1.24692831e-02 
 2.29171822e+08  1.21671228e-02 
 2.34512337e+08  1.18857332e-02 
 2.39977306e+08  1.16251548e-02 
 2.45569627e+08  1.13857479e-02 
 2.51292270e+08  1.11689611e-02 
 2.57148271e+08  1.09793326e-02 
 2.63140737e+08  1.08304423e-02 
 2.69272848e+08  1.07658709e-02 
 2.75547860e+08  1.09527295e-02 
 2.81969102e+08  1.22704647e-02 
 2.88539981e+08  2.10319292e-02 
 2.95263985e+08  1.93474479e-02 
 3.02144683e+08  1.34914693e-02 
 3.09185725e+08  1.18546502e-02 
 3.16390848e+08  1.11317012e-02 
 3.23763876e+08  1.07303307e-02 
 3.31308722e+08  1.08762537e-02 
 3.39029389e+08  1.59930511e-02 
 3.46929975e+08  1.45584614e-02 
 3.55014673e+08  1.26647855e-02 
 3.63287773e+08  1.20257668e-02 
 3.71753666e+08  1.17478568e-02 
 3.80416844e+08  1.16209493e-02 
 3.89281904e+08  1.15797435e-02 
 3.98353552e+08  1.16061576e-02 
 4.07636602e+08  1.17241230e-02 
 4.17135980e+08  1.14059767e-02 
 4.26856726e+08  1.18919685e-02 
 4.36804001e+08  1.27017820e-02 
 4.46983082e+08  1.77725631e-02 
 4.57399372e+08  1.28757178e-02 
 4.68058398e+08  1.21828697e-02 
 4.78965818e+08  1.21799606e-02 
 4.90127419e+08  1.27732060e-02 
 5.01549125e+08  1.60170298e-02 
 5.13236997e+08  1.20731261e-02 
 5.25197238e+08  1.30971405e-02 
 5.37436195e+08  1.31915492e-02 
 5.49960363e+08  1.38401167e-02 
 5.62776388e+08  1.42739860e-02 
 5.75891073e+08  1.64590236e-02 
 5.89311376e+08  1.29587363e-02 
 6.03044419e+08  1.40372362e-02 
 6.17097492e+08  1.72004599e-02 
 6.31478050e+08  1.42372477e-02 
 6.46193727e+08  1.51241143e-02 
 6.61252331e+08  1.45242410e-02 
 6.76661854e+08  1.83791449e-02 
 6.92430473e+08  1.49362815e-02 
 7.08566557e+08  1.68505425e-02 
 7.25078669e+08  2.47445606e-02 
 7.41975572e+08  1.49868783e-02 
 7.59266232e+08  1.79940533e-02 
 7.76959826e+08  1.91887688e-02 
 7.95065744e+08  1.95215354e-02 
 8.13593593e+08  2.04182594e-02 
 8.32553207e+08  2.18909407e-02 
 8.51954648e+08  1.27872951e-02 
 8.71808210e+08  2.33143668e-02 
 8.92124431e+08  1.92213637e-02 
 9.12914092e+08  2.18886489e-02 
 9.34188226e+08  3.01702801e-02 
 9.55958123e+08  3.77468249e-02 
 9.78235335e+08  2.53515787e-02 
 1.00103169e+09  2.53298174e-02 
 1.02435927e+09  2.15583908e-02 
 1.04823047e+09  1.89486291e-02 
 1.07265796e+09  2.48605305e-02 
 1.09765469e+09  2.10653459e-02 
 1.12323393e+09  2.08670995e-02 
 1.14940927e+09  2.49039425e-02 
 1.17619457e+09  2.43515425e-02 
 1.20360408e+09  3.05031340e-02 
 1.23165232e+09  3.97413281e-02 
 1.26035418e+09  2.18717529e-02 
 1.28972490e+09  2.26903737e-02 
 1.31978006e+09  2.84630668e-02 
 1.35053561e+09  3.24884367e-02 
 1.38200788e+09  2.91222962e-02 
 1.41421356e+09  2.91558693e-02 
 1.44716975e+09  3.05660193e-02 
 1.48089393e+09  3.49027337e-02 
 1.51540401e+09  3.18643786e-02 
 1.55071830e+09  2.90562043e-02 
 1.58685553e+09  2.65262609e-02 
 1.62383489e+09  2.42479892e-02 
 1.66167599e+09  1.91454283e-02 
 1.70039893e+09  2.54060892e-02 
 1.74002425e+09  2.23606250e-02 
 1.78057299e+09  2.12267500e-02 
 1.82206665e+09  2.01164549e-02 
 1.86452726e+09  1.92900948e-02 
 1.90797735e+09  1.69728473e-02 
 1.95243999e+09  1.78180932e-02 
 1.99793876e+09  1.79890055e-02 
 2.04449781e+09  1.78217389e-02 
 2.09214185e+09  1.76741195e-02 
 2.14089617e+09  1.76868312e-02 
 2.19078664e+09  1.77025424e-02 
 2.24183974e+09  1.77527266e-02 
 2.29408255e+09  1.77420387e-02 
 2.34754280e+09  1.79504553e-02 
 2.40224887e+09  1.80728424e-02 
 2.45822978e+09  1.82228903e-02 
 2.51551525e+09  1.83545344e-02 
 2.57413567e+09  1.84820860e-02 
 2.63412215e+09  1.86014293e-02 
 2.69550653e+09  1.87014373e-02 
 2.75832139e+09  1.87619190e-02 
 2.82260005e+09  1.87497611e-02 
 2.88837664e+09  1.86135083e-02 
 2.95568605e+09  1.82772930e-02 
 3.02456401e+09  1.76381652e-02 
 3.09504707e+09  1.65772199e-02 
 3.16717263e+09  1.50009838e-02 
 3.24097898e+09  1.29192526e-02 
 3.31650528e+09  1.05221747e-02 
 3.39379160e+09  8.18984148e-03 
 3.47287898e+09  6.50965289e-03 
 3.55380937e+09  5.86004845e-03 
 3.63662572e+09  6.23451092e-03 
 3.72137199e+09  7.15214751e-03 
 3.80809314e+09  8.21899478e-03 
 3.89683521e+09  9.26013489e-03 
 3.98764528e+09  1.02191902e-02 
 4.08057155e+09  1.10868804e-02 
 4.17566333e+09  1.18703019e-02 
 4.27297108e+09  1.25809198e-02 
 4.37254645e+09  1.32300929e-02 
 4.47444228e+09  1.38279725e-02 
 4.57871264e+09  1.43840474e-02 
 4.68541287e+09  1.49073224e-02 
 4.79459960e+09  1.54053612e-02 
 4.90633076e+09  1.58838551e-02 
 5.02066566e+09  1.63471333e-02 
 5.13766496e+09  1.67987242e-02 
 5.25739076e+09  1.72416513e-02 
 5.37990660e+09  1.76785723e-02 
 5.50527749e+09  1.81118652e-02 
 5.63356997e+09  1.85436980e-02 
 5.76485211e+09  1.89760921e-02 
 5.89919360e+09  1.94109601e-02 
 6.03666571e+09  1.98500321e-02 
 6.17734142e+09  2.02943276e-02 
 6.32129537e+09  2.07423091e-02 
 6.46860395e+09  2.11880480e-02 
 6.61934535e+09  2.16303453e-02 
 6.77359956e+09  2.20750172e-02 
 6.93144843e+09  2.25165385e-02 
 7.09297575e+09  2.29614879e-02 
 7.25826722e+09  2.34394116e-02 
 7.42741057e+09  2.40102517e-02 
 7.60049556e+09  2.37736853e-02 
 7.77761404e+09  2.47623297e-02 
 7.95886001e+09  2.53460665e-02 
 8.14432966e+09  2.59252344e-02 
 8.33412140e+09  2.67139848e-02 
 8.52833597e+09  2.69960529e-02 
 8.72707642e+09  2.76031414e-02 
 8.93044823e+09  2.82256083e-02 
 9.13855932e+09  2.88567520e-02 
 9.35152014e+09  2.95037963e-02 
 9.56944371e+09  3.01689846e-02 
 9.79244566e+09  3.08538349e-02 
 1.00206443e+10  3.15596649e-02 
 1.02541609e+10  3.22877434e-02 
 1.04931192e+10  3.30393545e-02 
 1.07376460e+10  3.38158314e-02 
 1.09878712e+10  3.46185804e-02 
 1.12439276e+10  3.54491006e-02 
 1.15059509e+10  3.63090022e-02 
 1.17740804e+10  3.72000264e-02 
 1.20484582e+10  3.81240662e-02 
 1.23292299e+10  3.90831905e-02 
 1.26165447e+10  4.00796715e-02 
 1.29105549e+10  4.11160167e-02 
 1.32114166e+10  4.21950063e-02 
 1.35192894e+10  4.33197383e-02 
 1.38343368e+10  4.44936819e-02 
 1.41567259e+10  4.57207417e-02 
 1.44866277e+10  4.70053364e-02 
 1.48242175e+10  4.83524944e-02 
 1.51696743e+10  4.97679717e-02 
 1.55231815e+10  5.12583990e-02 
 1.58849266e+10  5.28314647e-02 
 1.62551017e+10  5.44961477e-02 
 1.66339032e+10  5.62630136e-02 
 1.70215321e+10  5.81445976e-02 
 1.74181941e+10  6.01559032e-02 
 1.78240998e+10  6.23150622e-02 
 1.82394645e+10  6.46442176e-02 
 1.86645086e+10  6.71707240e-02 
 1.90994578e+10  6.99288068e-02 
 1.95445429e+10  7.29618951e-02 
 2.00000000e+10  7.63259734e-02 
