 1.00000000e+08  2.59587264e-02 
 1.02330354e+08  2.60149607e-02 
 1.04715014e+08  2.60593842e-02 
 1.07155245e+08  2.60899788e-02 
 1.09652342e+08  2.61045863e-02 
 1.12207630e+08  2.61009343e-02 
 1.14822466e+08  2.60766744e-02 
 1.17498236e+08  2.60294319e-02 
 1.20236362e+08  2.59568696e-02 
 1.23038295e+08  2.58567632e-02 
 1.25905523e+08  2.57270885e-02 
 1.28839568e+08  2.55661158e-02 
 1.31841987e+08  2.53725079e-02 
 1.34914372e+08  2.51454146e-02 
 1.38058355e+08  2.48845578e-02 
 1.41275604e+08  2.45902985e-02 
 1.44567827e+08  2.42636789e-02 
 1.47936769e+08  2.39064344e-02 
 1.51384220e+08  2.35209713e-02 
 1.54912009e+08  2.31103108e-02 
 1.58522008e+08  2.26780003e-02 
 1.62216133e+08  2.22280000e-02 
 1.65996343e+08  2.17645508e-02 
 1.69864646e+08  2.12920338e-02 
 1.73823095e+08  2.08148307e-02 
 1.77873789e+08  2.03371929e-02 
 1.82018879e+08  1.98631274e-02 
 1.86260564e+08  1.93963020e-02 
 1.90601095e+08  1.89399739e-02 
 1.95042776e+08  1.84969402e-02 
 1.99587964e+08  1.80695090e-02 
 2.04239071e+08  1.76594880e-02 
 2.08998565e+08  1.72681859e-02 
 2.13868972e+08  1.68964232e-02 
 2.18852877e+08  1.65445450e-02 
 2.23952925e+08  1.62124338e-02 
 2.29171822e+08  1.58995126e-02 
 2.34512337e+08  1.56047376e-02 
 2.39977306e+08  1.53265727e-02 
 2.45569627e+08  1.50629592e-02 
 2.51292270e+08  1.48113319e-02 
 2.57148271e+08  1.45689325e-02 
 2.63140737e+08  1.43345162e-02 
 2.69272848e+08  1.41169514e-02 
 2.75547860e+08  1.39855134e-02 
 2.81969102e+08  1.44861913e-02 
 2.88539981e+08  2.15795283e-02 
 2.95263985e+08  2.24281946e-02 
 3.02144683e+08  1.73499331e-02 
 3.09185725e+08  1.58129253e-02 
 3.16390848e+08  1.50361152e-02 
 3.23763876e+08  1.44059970e-02 
 3.31308722e+08  1.35351556e-02 
 3.39029389e+08  1.39714428e-02 
 3.46929975e+08  1.65450379e-02 
 3.55014673e+08  1.59524503e-02 
 3.63287773e+08  1.56483375e-02 
 3.71753666e+08  1.54995127e-02 
 3.80416844e+08  1.54330834e-02 
 3.89281904e+08  1.54203649e-02 
 3.98353552e+08  1.54508786e-02 
 4.07636602e+08  1.55267404e-02 
 4.17135980e+08  1.56473230e-02 
 4.26856726e+08  1.59012287e-02 
 4.36804001e+08  1.65899463e-02 
 4.46983082e+08  2.09403893e-02 
 4.57399372e+08  1.76343104e-02 
 4.68058398e+08  1.93890025e-02 
 4.78965818e+08  1.68226235e-02 
 4.90127419e+08  1.68248713e-02 
 5.01549125e+08  1.93180290e-02 
 5.13236997e+08  1.69701762e-02 
 5.25197238e+08  1.74146771e-02 
 5.37436195e+08  1.84673692e-02 
 5.49960363e+08  1.98156194e-02 
 5.62776388e+08  2.11255476e-02 
 5.75891073e+08  1.90120028e-02 
 5.89311376e+08  1.78211966e-02 
 6.03044419e+08  2.01817332e-02 
 6.17097492e+08  1.91229795e-02 
 6.31478050e+08  1.92196729e-02 
 6.46193727e+08  2.50950177e-02 
 6.61252331e+08  1.65060195e-02 
 6.76661854e+08  1.73316321e-02 
 6.92430473e+08  1.79969927e-02 
 7.08566557e+08  1.97670766e-02 
 7.25078669e+08  2.63544525e-02 
 7.41975572e+08  1.79840226e-02 
 7.59266232e+08  1.80653207e-02 
 7.76959826e+08  1.96528530e-02 
 7.95065744e+08  2.06129280e-02 
 8.13593593e+08  2.18676350e-02 
 8.32553207e+08  2.21019304e-02 
 8.51954648e+08  1.98499576e-02 
 8.71808210e+08  2.65410345e-02 
 8.92124431e+08  2.26692434e-02 
 9.12914092e+08  2.72899962e-02 
 9.34188226e+08  2.20887661e-02 
 9.55958123e+08  2.40708085e-02 
 9.78235335e+08  2.70995244e-02 
 1.00103169e+09  2.36908423e-02 
 1.02435927e+09  2.31573531e-02 
 1.04823047e+09  2.68370848e-02 
 1.07265796e+09  1.75212932e-02 
 1.09765469e+09  2.27865036e-02 
 1.12323393e+09  2.57374712e-02 
 1.14940927e+09  2.88826323e-02 
 1.17619457e+09  2.97289348e-02 
 1.20360408e+09  3.14980829e-02 
 1.23165232e+09  3.44926220e-02 
 1.26035418e+09  2.82451469e-02 
 1.28972490e+09  2.72552015e-02 
 1.31978006e+09  3.03000555e-02 
 1.35053561e+09  2.50379053e-02 
 1.38200788e+09  2.88610519e-02 
 1.41421356e+09  3.18773337e-02 
 1.44716975e+09  3.21634400e-02 
 1.48089393e+09  3.42308854e-02 
 1.51540401e+09  3.51182146e-02 
 1.55071830e+09  3.25504824e-02 
 1.58685553e+09  2.94000136e-02 
 1.62383489e+09  2.85315216e-02 
 1.66167599e+09  2.40973490e-02 
 1.70039893e+09  2.63970243e-02 
 1.74002425e+09  2.32578240e-02 
 1.78057299e+09  2.18127998e-02 
 1.82206665e+09  2.02382858e-02 
 1.86452726e+09  1.85356291e-02 
 1.90797735e+09  2.07242506e-02 
 1.95243999e+09  2.47041325e-02 
 1.99793876e+09  2.11184873e-02 
 2.04449781e+09  1.97050402e-02 
 2.09214185e+09  1.89050370e-02 
 2.14089617e+09  1.83971030e-02 
 2.19078664e+09  1.80854526e-02 
 2.24183974e+09  1.79346914e-02 
 2.29408255e+09  1.78852113e-02 
 2.34754280e+09  1.80637962e-02 
 2.40224887e+09  1.82639389e-02 
 2.45822978e+09  1.85425279e-02 
 2.51551525e+09  1.88194657e-02 
 2.57413567e+09  1.90645811e-02 
 2.63412215e+09  1.92273051e-02 
 2.69550653e+09  1.92357646e-02 
 2.75832139e+09  1.89942345e-02 
 2.82260005e+09  1.84007175e-02 
 2.88837664e+09  1.74042210e-02 
 2.95568605e+09  1.60908031e-02 
 3.02456401e+09  1.47152515e-02 
 3.09504707e+09  1.35927826e-02 
 3.16717263e+09  1.29209879e-02 
 3.24097898e+09  1.27055834e-02 
 3.31650528e+09  1.28397973e-02 
 3.39379160e+09  1.33160665e-02 
 3.47287898e+09  1.35758881e-02 
 3.55380937e+09  1.40179937e-02 
 3.63662572e+09  1.44717543e-02 
 3.72137199e+09  1.49148464e-02 
 3.80809314e+09  1.53399989e-02 
 3.89683521e+09  1.57456337e-02 
 3.98764528e+09  1.61327760e-02 
 4.08057155e+09  1.65035782e-02 
 4.17566333e+09  1.68604961e-02 
 4.27297108e+09  1.72056955e-02 
 4.37254645e+09  1.75406542e-02 
 4.47444228e+09  1.78665639e-02 
 4.57871264e+09  1.81859575e-02 
 4.68541287e+09  1.85035018e-02 
 4.79459960e+09  1.88243796e-02 
 4.90633076e+09  1.91529983e-02 
 5.02066566e+09  1.94934487e-02 
 5.13766496e+09  1.98504486e-02 
 5.25739076e+09  2.02301201e-02 
 5.37990660e+09  2.06407650e-02 
 5.50527749e+09  2.10939382e-02 
 5.63356997e+09  2.16061239e-02 
 5.76485211e+09  2.22014121e-02 
 5.89919360e+09  2.29157238e-02 
 6.03666571e+09  2.38030648e-02 
 6.17734142e+09  2.49427686e-02 
 6.32129537e+09  2.64402657e-02 
 6.46860395e+09  2.84070634e-02 
 6.61934535e+09  3.09089019e-02 
 6.77359956e+09  3.36475451e-02 
 6.93144843e+09  3.53782281e-02 
 7.09297575e+09  3.48533055e-02 
 7.25826722e+09  3.27763287e-02 
 7.42741057e+09  3.06488191e-02 
 7.60049556e+09  2.86816879e-02 
 7.77761404e+09  2.79016990e-02 
 7.95886001e+09  2.73114878e-02 
 8.14432966e+09  2.70053563e-02 
 8.33412140e+09  2.69984724e-02 
 8.52833597e+09  2.69098685e-02 
 8.72707642e+09  2.69845931e-02 
 8.93044823e+09  2.71501533e-02 
 9.13855932e+09  2.73940194e-02 
 9.35152014e+09  2.76811363e-02 
 9.56944371e+09  2.80044299e-02 
 9.79244566e+09  2.83590120e-02 
 1.00206443e+10  2.87414325e-02 
 1.02541609e+10  2.91492831e-02 
 1.04931192e+10  2.95809149e-02 
 1.07376460e+10  3.00352391e-02 
 1.09878712e+10  3.05115869e-02 
 1.12439276e+10  3.10096116e-02 
 1.15059509e+10  3.15292193e-02 
 1.17740804e+10  3.20705205e-02 
 1.20484582e+10  3.26337961e-02 
 1.23292299e+10  3.32194742e-02 
 1.26165447e+10  3.38281150e-02 
 1.29105549e+10  3.44604014e-02 
 1.32114166e+10  3.51171356e-02 
 1.35192894e+10  3.57992386e-02 
 1.38343368e+10  3.65077544e-02 
 1.41567259e+10  3.72438579e-02 
 1.44866277e+10  3.80088659e-02 
 1.48242175e+10  3.88042521e-02 
 1.51696743e+10  3.96316677e-02 
 1.55231815e+10  4.04929658e-02 
 1.58849266e+10  4.13902331e-02 
 1.62551017e+10  4.23258292e-02 
 1.66339032e+10  4.33024354e-02 
 1.70215321e+10  4.43231167e-02 
 1.74181941e+10  4.53913996e-02 
 1.78240998e+10  4.65113708e-02 
 1.82394645e+10  4.76878047e-02 
 1.86645086e+10  4.89263285e-02 
 1.90994578e+10  5.02336384e-02 
 1.95445429e+10  5.16177875e-02 
 2.00000000e+10  5.30885746e-02 
