0.7432
0.7459
0.7463
0.7449
0.7374
0.7378
0.7383
0.7432
0.7433
0.7433
0.7440
0.7433
0.7279
0.7284
0.7221
0.7130
0.7199
0.7196
0.7431
0.7438
0.7486
0.7830
0.7447
0.0076
0.0067
0.0020
0.0123
0.0176
0.0213
0.7426
0.7543
0.8148
0.7449
0.7447
0.0098
0.0055
0.0000
0.0132
0.0169
0.0176
0.7439
0.8348
0.7461
0.7439
0.7433
0.7471
0.7472
0.7454
0.7370
0.7390
0.7359
0.8186
0.7443
0.7441
0.7438
0.7432
0.7434
0.7408
0.7433
0.7435
0.7581
0.9812
0.7516
0.6994
0.7005
0.7446
0.7432
0.7405
0.7407
0.7433
0.7432
0.7393
0.7421
0.7440
0.7439
0.7439
0.7439
0.7432
0.7434
0.7441
0.7720
1.0000
0.7438
0.7433
0.7446
0.7002
0.7000
0.7443
0.7432
0.7442
0.7520
0.8283
0.7472
0.7434
0.7435
0.7436
0.7436
0.7437
0.7435
0.7433
0.7467
0.8121
0.7455
0.7434
0.7435
0.7435
0.7435
0.7435
0.7435
0.7435
0.7436
0.7677
0.7438
0.7433
0.7433
0.7433
0.7433
0.7433
0.7433
0.7433
0.7433
