 1.00000000e+08  2.05676234e-02 
 1.02330354e+08  2.07832084e-02 
 1.04715014e+08  2.10079669e-02 
 1.07155245e+08  2.12422856e-02 
 1.09652342e+08  2.14865601e-02 
 1.12207630e+08  2.17411915e-02 
 1.14822466e+08  2.20065832e-02 
 1.17498236e+08  2.22831350e-02 
 1.20236362e+08  2.25712364e-02 
 1.23038295e+08  2.28712573e-02 
 1.25905523e+08  2.31835363e-02 
 1.28839568e+08  2.35083654e-02 
 1.31841987e+08  2.38459710e-02 
 1.34914372e+08  2.41964893e-02 
 1.38058355e+08  2.45599358e-02 
 1.41275604e+08  2.49361670e-02 
 1.44567827e+08  2.53248339e-02 
 1.47936769e+08  2.57253235e-02 
 1.51384220e+08  2.61366890e-02 
 1.54912009e+08  2.65575652e-02 
 1.58522008e+08  2.69860694e-02 
 1.62216133e+08  2.74196850e-02 
 1.65996343e+08  2.78551311e-02 
 1.69864646e+08  2.82882186e-02 
 1.73823095e+08  2.87137008e-02 
 1.77873789e+08  2.91251279e-02 
 1.82018879e+08  2.95147233e-02 
 1.86260564e+08  2.98733056e-02 
 1.90601095e+08  3.01902889e-02 
 1.95042776e+08  3.04538002e-02 
 1.99587964e+08  3.06509551e-02 
 2.04239071e+08  3.07683280e-02 
 2.08998565e+08  3.07926346e-02 
 2.13868972e+08  3.07116130e-02 
 2.18852877e+08  3.05150432e-02 
 2.23952925e+08  3.01957956e-02 
 2.29171822e+08  2.97507578e-02 
 2.34512337e+08  2.91814750e-02 
 2.39977306e+08  2.84943671e-02 
 2.45569627e+08  2.77004559e-02 
 2.51292270e+08  2.68146268e-02 
 2.57148271e+08  2.58545433e-02 
 2.63140737e+08  2.48393879e-02 
 2.69272848e+08  2.37886203e-02 
 2.75547860e+08  2.27209050e-02 
 2.81969102e+08  2.16533084e-02 
 2.88539981e+08  2.06007937e-02 
 2.95263985e+08  1.95759956e-02 
 3.02144683e+08  1.85892186e-02 
 3.09185725e+08  1.76485949e-02 
 3.16390848e+08  1.67603356e-02 
 3.23763876e+08  1.59290244e-02 
 3.31308722e+08  1.51579137e-02 
 3.39029389e+08  1.44491983e-02 
 3.46929975e+08  1.38042528e-02 
 3.55014673e+08  1.32238280e-02 
 3.63287773e+08  1.27082081e-02 
 3.71753666e+08  1.22573360e-02 
 3.80416844e+08  1.18709179e-02 
 3.89281904e+08  1.15485214e-02 
 3.98353552e+08  1.12896886e-02 
 4.07636602e+08  1.10940902e-02 
 4.17135980e+08  1.09617609e-02 
 4.26856726e+08  1.08934844e-02 
 4.36804001e+08  1.08914614e-02 
 4.46983082e+08  1.09605527e-02 
 4.57399372e+08  1.11108216e-02 
 4.68058398e+08  1.13634054e-02 
 4.78965818e+08  1.17663303e-02 
 4.90127419e+08  1.24464899e-02 
 5.01549125e+08  1.38257762e-02 
 5.13236997e+08  1.71464134e-02 
 5.25197238e+08  1.46523428e-02 
 5.37436195e+08  1.29157402e-02 
 5.49960363e+08  1.46787674e-02 
 5.62776388e+08  1.54901746e-02 
 5.75891073e+08  1.33193558e-02 
 5.89311376e+08  1.39487001e-02 
 6.03044419e+08  1.51559543e-02 
 6.17097492e+08  1.63683915e-02 
 6.31478050e+08  1.86389650e-02 
 6.46193727e+08  1.88223542e-02 
 6.61252331e+08  2.12570334e-02 
 6.76661854e+08  2.41129595e-02 
 6.92430473e+08  2.75651539e-02 
 7.08566557e+08  3.15214794e-02 
 7.25078669e+08  3.54053073e-02 
 7.41975572e+08  3.80140957e-02 
 7.59266232e+08  3.82413858e-02 
 7.76959826e+08  3.62747710e-02 
 7.95065744e+08  3.33095938e-02 
 8.13593593e+08  3.03495914e-02 
 8.32553207e+08  2.78274312e-02 
 8.51954648e+08  2.58219529e-02 
 8.71808210e+08  2.42774259e-02 
 8.92124431e+08  2.31069993e-02 
 9.12914092e+08  2.22277698e-02 
 9.34188226e+08  2.15677654e-02 
 9.55958123e+08  2.10625281e-02 
 9.78235335e+08  2.06470086e-02 
 1.00103169e+09  2.02434231e-02 
 1.02435927e+09  1.97454595e-02 
 1.04823047e+09  1.90189161e-02 
 1.07265796e+09  1.81125992e-02 
 1.09765469e+09  1.87082979e-02 
 1.12323393e+09  2.38019363e-02 
 1.14940927e+09  2.77151331e-02 
 1.17619457e+09  2.85415540e-02 
 1.20360408e+09  2.83490423e-02 
 1.23165232e+09  2.78914517e-02 
 1.26035418e+09  2.73571961e-02 
 1.28972490e+09  2.68125907e-02 
 1.31978006e+09  2.62970608e-02 
 1.35053561e+09  2.58393804e-02 
 1.38200788e+09  2.54598937e-02 
 1.41421356e+09  2.51710923e-02 
 1.44716975e+09  2.49779045e-02 
 1.48089393e+09  2.48775251e-02 
 1.51540401e+09  2.48592114e-02 
 1.55071830e+09  2.49051248e-02 
 1.58685553e+09  2.49930792e-02 
 1.62383489e+09  2.51008324e-02 
 1.66167599e+09  2.52102667e-02 
 1.70039893e+09  2.53097262e-02 
 1.74002425e+09  2.53939766e-02 
 1.78057299e+09  2.54625363e-02 
 1.82206665e+09  2.55175547e-02 
 1.86452726e+09  2.55620610e-02 
 1.90797735e+09  2.55988766e-02 
 1.95243999e+09  2.56301439e-02 
 1.99793876e+09  2.56573248e-02 
 2.04449781e+09  2.56815373e-02 
 2.09214185e+09  2.57041302e-02 
 2.14089617e+09  2.57274068e-02 
 2.19078664e+09  2.57554212e-02 
 2.24183974e+09  2.57946609e-02 
 2.29408255e+09  2.58537308e-02 
 2.34754280e+09  2.59402541e-02 
 2.40224887e+09  2.60556442e-02 
 2.45822978e+09  2.61940227e-02 
 2.51551525e+09  2.63475419e-02 
 2.57413567e+09  2.65111256e-02 
 2.63412215e+09  2.66830636e-02 
 2.69550653e+09  2.68638850e-02 
 2.75832139e+09  2.70555938e-02 
 2.82260005e+09  2.72617503e-02 
 2.88837664e+09  2.74886737e-02 
 2.95568605e+09  2.77492094e-02 
 3.02456401e+09  2.80756587e-02 
 3.09504707e+09  2.85774203e-02 
 3.16717263e+09  2.73844451e-02 
 3.24097898e+09  2.70798949e-02 
 3.31650528e+09  2.80271857e-02 
 3.39379160e+09  2.85311248e-02 
 3.47287898e+09  2.88119947e-02 
 3.55380937e+09  2.92246994e-02 
 3.63662572e+09  2.96180654e-02 
 3.72137199e+09  3.00380760e-02 
 3.80809314e+09  3.04774892e-02 
 3.89683521e+09  3.11585555e-02 
 3.98764528e+09  3.19841851e-02 
 4.08057155e+09  3.37170471e-02 
 4.17566333e+09  2.54460854e-02 
 4.27297108e+09  3.09594053e-02 
 4.37254645e+09  3.26369150e-02 
 4.47444228e+09  3.38143921e-02 
 4.57871264e+09  3.57419883e-02 
 4.68541287e+09  3.62553434e-02 
 4.79459960e+09  2.55152426e-02 
 4.90633076e+09  3.54490634e-02 
 5.02066566e+09  2.64260845e-02 
 5.13766496e+09  3.14943273e-02 
 5.25739076e+09  3.39821668e-02 
 5.37990660e+09  3.65898387e-02 
 5.50527749e+09  3.86183758e-02 
 5.63356997e+09  3.22067909e-02 
 5.76485211e+09  3.99724618e-02 
 5.89919360e+09  4.48421109e-02 
 6.03666571e+09  4.73268665e-02 
 6.17734142e+09  3.52928597e-02 
 6.32129537e+09  2.62705425e-02 
 6.46860395e+09  2.62734654e-02 
 6.61934535e+09  2.99830977e-02 
 6.77359956e+09  3.46309998e-02 
 6.93144843e+09  3.96577356e-02 
 7.09297575e+09  6.45830709e-02 
 7.25826722e+09  2.21705880e-02 
 7.42741057e+09  5.98493717e-02 
 7.60049556e+09  1.32949094e-02 
 7.77761404e+09  2.91593557e-02 
 7.95886001e+09  1.91292333e-02 
 8.14432966e+09  2.65849776e-02 
 8.33412140e+09  3.12476802e-02 
 8.52833597e+09  3.11008450e-02 
 8.72707642e+09  3.00390818e-02 
 8.93044823e+09  3.18693624e-02 
 9.13855932e+09  3.37618096e-02 
 9.35152014e+09  3.61493610e-02 
 9.56944371e+09  3.83490325e-02 
 9.79244566e+09  3.60150545e-02 
 1.00206443e+10  3.84254608e-02 
 1.02541609e+10  4.01020174e-02 
 1.04931192e+10  4.17011199e-02 
 1.07376460e+10  4.33471392e-02 
 1.09878712e+10  4.51015231e-02 
 1.12439276e+10  4.70103987e-02 
 1.15059509e+10  4.91028575e-02 
 1.17740804e+10  5.13469918e-02 
 1.20484582e+10  5.34991943e-02 
 1.23292299e+10  5.47280563e-02 
 1.26165447e+10  5.33497554e-02 
 1.29105549e+10  4.88209826e-02 
 1.32114166e+10  4.44602385e-02 
 1.35192894e+10  4.29810206e-02 
 1.38343368e+10  4.38197655e-02 
 1.41567259e+10  4.60132893e-02 
 1.44866277e+10  5.09950783e-02 
 1.48242175e+10  5.03162817e-02 
 1.51696743e+10  5.61282157e-02 
 1.55231815e+10  5.05078325e-02 
 1.58849266e+10  5.56264527e-02 
 1.62551017e+10  5.84452590e-02 
 1.66339032e+10  6.10441806e-02 
 1.70215321e+10  6.37242903e-02 
 1.74181941e+10  6.65650125e-02 
 1.78240998e+10  6.96148104e-02 
 1.82394645e+10  7.29218632e-02 
 1.86645086e+10  7.65424338e-02 
 1.90994578e+10  8.05458452e-02 
 1.95445429e+10  8.50196115e-02 
 2.00000000e+10  9.00754144e-02 
