 1.00000000e+08  2.04928495e-02 
 1.02330354e+08  2.07088524e-02 
 1.04715014e+08  2.09344444e-02 
 1.07155245e+08  2.11700517e-02 
 1.09652342e+08  2.14161103e-02 
 1.12207630e+08  2.16730640e-02 
 1.14822466e+08  2.19413598e-02 
 1.17498236e+08  2.22214424e-02 
 1.20236362e+08  2.25137476e-02 
 1.23038295e+08  2.28186921e-02 
 1.25905523e+08  2.31366621e-02 
 1.28839568e+08  2.34679973e-02 
 1.31841987e+08  2.38129715e-02 
 1.34914372e+08  2.41717672e-02 
 1.38058355e+08  2.45444447e-02 
 1.41275604e+08  2.49309024e-02 
 1.44567827e+08  2.53308289e-02 
 1.47936769e+08  2.57436435e-02 
 1.51384220e+08  2.61684235e-02 
 1.54912009e+08  2.66038178e-02 
 1.58522008e+08  2.70479438e-02 
 1.62216133e+08  2.74982681e-02 
 1.65996343e+08  2.79514703e-02 
 1.69864646e+08  2.84032947e-02 
 1.73823095e+08  2.88483933e-02 
 1.77873789e+08  2.92801742e-02 
 1.82018879e+08  2.96906697e-02 
 1.86260564e+08  3.00704506e-02 
 1.90601095e+08  3.04086203e-02 
 1.95042776e+08  3.06929266e-02 
 1.99587964e+08  3.09100362e-02 
 2.04239071e+08  3.10460083e-02 
 2.08998565e+08  3.10869873e-02 
 2.13868972e+08  3.10201009e-02 
 2.18852877e+08  3.08345059e-02 
 2.23952925e+08  3.05224679e-02 
 2.29171822e+08  3.00803234e-02 
 2.34512337e+08  2.95091544e-02 
 2.39977306e+08  2.88150342e-02 
 2.45569627e+08  2.80087728e-02 
 2.51292270e+08  2.71051849e-02 
 2.57148271e+08  2.61219978e-02 
 2.63140737e+08  2.50785773e-02 
 2.69272848e+08  2.39946634e-02 
 2.75547860e+08  2.28892770e-02 
 2.81969102e+08  2.17798968e-02 
 2.88539981e+08  2.06819425e-02 
 2.95263985e+08  1.96085440e-02 
 3.02144683e+08  1.85705433e-02 
 3.09185725e+08  1.75766628e-02 
 3.16390848e+08  1.66337748e-02 
 3.23763876e+08  1.57472165e-02 
 3.31308722e+08  1.49211119e-02 
 3.39029389e+08  1.41586694e-02 
 3.46929975e+08  1.34624410e-02 
 3.55014673e+08  1.28345326e-02 
 3.63287773e+08  1.22767624e-02 
 3.71753666e+08  1.17907718e-02 
 3.80416844e+08  1.13780960e-02 
 3.89281904e+08  1.10402105e-02 
 3.98353552e+08  1.07785800e-02 
 4.07636602e+08  1.05947489e-02 
 4.17135980e+08  1.04905336e-02 
 4.26856726e+08  1.04684112e-02 
 4.36804001e+08  1.05322718e-02 
 4.46983082e+08  1.06888805e-02 
 4.57399372e+08  1.09508718e-02 
 4.68058398e+08  1.13435372e-02 
 4.78965818e+08  1.19226124e-02 
 4.90127419e+08  1.28306891e-02 
 5.01549125e+08  1.45184789e-02 
 5.13236997e+08  1.80988962e-02 
 5.25197238e+08  1.47520784e-02 
 5.37436195e+08  1.32888395e-02 
 5.49960363e+08  1.56069507e-02 
 5.62776388e+08  1.59839834e-02 
 5.75891073e+08  1.40756422e-02 
 5.89311376e+08  1.50916976e-02 
 6.03044419e+08  1.67358938e-02 
 6.17097492e+08  1.82869773e-02 
 6.31478050e+08  2.08599201e-02 
 6.46193727e+08  2.14070881e-02 
 6.61252331e+08  2.42638806e-02 
 6.76661854e+08  2.74961098e-02 
 6.92430473e+08  3.12671056e-02 
 7.08566557e+08  3.54129008e-02 
 7.25078669e+08  3.92330439e-02 
 7.41975572e+08  4.13996283e-02 
 7.59266232e+08  4.08233900e-02 
 7.76959826e+08  3.79082093e-02 
 7.95065744e+08  3.40839833e-02 
 8.13593593e+08  3.04619359e-02 
 8.32553207e+08  2.74818037e-02 
 8.51954648e+08  2.51921318e-02 
 8.71808210e+08  2.35012957e-02 
 8.92124431e+08  2.22904273e-02 
 9.12914092e+08  2.14499949e-02 
 9.34188226e+08  2.08865655e-02 
 9.55958123e+08  2.05195900e-02 
 9.78235335e+08  2.02752283e-02 
 1.00103169e+09  2.00802779e-02 
 1.02435927e+09  1.98629789e-02 
 1.04823047e+09  1.95970128e-02 
 1.07265796e+09  1.95835178e-02 
 1.09765469e+09  2.14622967e-02 
 1.12323393e+09  2.62858044e-02 
 1.14940927e+09  2.87217748e-02 
 1.17619457e+09  2.86212349e-02 
 1.20360408e+09  2.80404544e-02 
 1.23165232e+09  2.75328919e-02 
 1.26035418e+09  2.71925539e-02 
 1.28972490e+09  2.70283754e-02 
 1.31978006e+09  2.70227518e-02 
 1.35053561e+09  2.71372050e-02 
 1.38200788e+09  2.73137328e-02 
 1.41421356e+09  2.74780849e-02 
 1.44716975e+09  2.75456171e-02 
 1.48089393e+09  2.74306747e-02 
 1.51540401e+09  2.70599499e-02 
 1.55071830e+09  2.63876807e-02 
 1.58685553e+09  2.54073741e-02 
 1.62383489e+09  2.41541182e-02 
 1.66167599e+09  2.26954537e-02 
 1.70039893e+09  2.11147925e-02 
 1.74002425e+09  1.94945866e-02 
 1.78057299e+09  1.79048105e-02 
 1.82206665e+09  1.63982605e-02 
 1.86452726e+09  1.50110618e-02 
 1.90797735e+09  1.37658239e-02 
 1.95243999e+09  1.26753679e-02 
 1.99793876e+09  1.17458054e-02 
 2.04449781e+09  1.09783854e-02 
 2.09214185e+09  1.03698136e-02 
 2.14089617e+09  9.91080931e-03 
 2.19078664e+09  9.58297849e-03 
 2.24183974e+09  9.35600160e-03 
 2.29408255e+09  9.19204699e-03 
 2.34754280e+09  9.06513846e-03 
 2.40224887e+09  8.98177225e-03 
 2.45822978e+09  8.97055288e-03 
 2.51551525e+09  9.05085910e-03 
 2.57413567e+09  9.22093732e-03 
 2.63412215e+09  9.46698963e-03 
 2.69550653e+09  9.77357791e-03 
 2.75832139e+09  1.01283407e-02 
 2.82260005e+09  1.05231287e-02 
 2.88837664e+09  1.09543304e-02 
 2.95568605e+09  1.14246104e-02 
 3.02456401e+09  1.19515755e-02 
 3.09504707e+09  1.26226530e-02 
 3.16717263e+09  1.38880350e-02 
 3.24097898e+09  1.27885141e-02 
 3.31650528e+09  1.35632678e-02 
 3.39379160e+09  1.43231025e-02 
 3.47287898e+09  1.45070599e-02 
 3.55380937e+09  1.53109331e-02 
 3.63662572e+09  1.60127798e-02 
 3.72137199e+09  1.67475136e-02 
 3.80809314e+09  1.75859207e-02 
 3.89683521e+09  1.84266063e-02 
 3.98764528e+09  1.96258562e-02 
 4.08057155e+09  2.19365001e-02 
 4.17566333e+09  1.63374027e-02 
 4.27297108e+09  2.01015743e-02 
 4.37254645e+09  2.20502021e-02 
 4.47444228e+09  2.41317046e-02 
 4.57871264e+09  2.72298362e-02 
 4.68541287e+09  3.22053295e-02 
 4.79459960e+09  1.79166444e-02 
 4.90633076e+09  2.58086838e-02 
 5.02066566e+09  1.93049087e-02 
 5.13766496e+09  2.44612996e-02 
 5.25739076e+09  2.87915718e-02 
 5.37990660e+09  3.56548862e-02 
 5.50527749e+09  5.19826524e-02 
 5.63356997e+09  2.93470973e-02 
 5.76485211e+09  2.07192683e-02 
 5.89919360e+09  2.93738839e-02 
 6.03666571e+09  3.50974850e-02 
 6.17734142e+09  3.09472974e-02 
 6.32129537e+09  2.46865568e-02 
 6.46860395e+09  2.33018341e-02 
 6.61934535e+09  2.73261897e-02 
 6.77359956e+09  2.83385525e-02 
 6.93144843e+09  3.77582063e-02 
 7.09297575e+09  6.70574721e-02 
 7.25826722e+09  2.77068187e-02 
 7.42741057e+09  3.21711266e-02 
 7.60049556e+09  4.82146399e-02 
 7.77761404e+09  3.38831173e-02 
 7.95886001e+09  1.84087985e-02 
 8.14432966e+09  2.43378466e-02 
 8.33412140e+09  2.77666415e-02 
 8.52833597e+09  4.68957704e-02 
 8.72707642e+09  3.81927031e-02 
 8.93044823e+09  8.31953803e-02 
 9.13855932e+09  2.90552796e-02 
 9.35152014e+09  3.40118050e-02 
 9.56944371e+09  3.57638535e-02 
 9.79244566e+09  3.81043783e-02 
 1.00206443e+10  3.89289167e-02 
 1.02541609e+10  4.15960658e-02 
 1.04931192e+10  4.40882486e-02 
 1.07376460e+10  4.66797380e-02 
 1.09878712e+10  4.94735961e-02 
 1.12439276e+10  5.25515627e-02 
 1.15059509e+10  5.59787419e-02 
 1.17740804e+10  5.97440970e-02 
 1.20484582e+10  6.35412180e-02 
 1.23292299e+10  6.61829452e-02 
 1.26165447e+10  6.50214740e-02 
 1.29105549e+10  5.85683378e-02 
 1.32114166e+10  5.12540632e-02 
 1.35192894e+10  4.79363805e-02 
 1.38343368e+10  4.85257698e-02 
 1.41567259e+10  5.14993818e-02 
 1.44866277e+10  6.06962840e-02 
 1.48242175e+10  6.16696697e-02 
 1.51696743e+10  7.46175360e-02 
 1.55231815e+10  5.94170068e-02 
 1.58849266e+10  6.85011398e-02 
 1.62551017e+10  7.40960763e-02 
 1.66339032e+10  7.94598065e-02 
 1.70215321e+10  8.51919464e-02 
 1.74181941e+10  9.15352197e-02 
 1.78240998e+10  9.87003850e-02 
 1.82394645e+10  1.06939696e-01 
 1.86645086e+10  1.16588392e-01 
 1.90994578e+10  1.28113435e-01 
 1.95445429e+10  1.42186579e-01 
 2.00000000e+10  1.59799567e-01 
