 1.00000000e+08  1.94461342e-02 
 1.02330354e+08  1.96416569e-02 
 1.04715014e+08  1.98466223e-02 
 1.07155245e+08  2.00614958e-02 
 1.09652342e+08  2.02867574e-02 
 1.12207630e+08  2.05229000e-02 
 1.14822466e+08  2.07704257e-02 
 1.17498236e+08  2.10298413e-02 
 1.20236362e+08  2.13016521e-02 
 1.23038295e+08  2.15863536e-02 
 1.25905523e+08  2.18844211e-02 
 1.28839568e+08  2.21962953e-02 
 1.31841987e+08  2.25223646e-02 
 1.34914372e+08  2.28629421e-02 
 1.38058355e+08  2.32182370e-02 
 1.41275604e+08  2.35883177e-02 
 1.44567827e+08  2.39730669e-02 
 1.47936769e+08  2.43721253e-02 
 1.51384220e+08  2.47848234e-02 
 1.54912009e+08  2.52100979e-02 
 1.58522008e+08  2.56463934e-02 
 1.62216133e+08  2.60915461e-02 
 1.65996343e+08  2.65426513e-02 
 1.69864646e+08  2.69959160e-02 
 1.73823095e+08  2.74465023e-02 
 1.77873789e+08  2.78883720e-02 
 1.82018879e+08  2.83141466e-02 
 1.86260564e+08  2.87150082e-02 
 1.90601095e+08  2.90806709e-02 
 1.95042776e+08  2.93994634e-02 
 1.99587964e+08  2.96585624e-02 
 2.04239071e+08  2.98444174e-02 
 2.08998565e+08  2.99433881e-02 
 2.13868972e+08  2.99425856e-02 
 2.18852877e+08  2.98308672e-02 
 2.23952925e+08  2.95998801e-02 
 2.29171822e+08  2.92450105e-02 
 2.34512337e+08  2.87660741e-02 
 2.39977306e+08  2.81676090e-02 
 2.45569627e+08  2.74586925e-02 
 2.51292270e+08  2.66522966e-02 
 2.57148271e+08  2.57642845e-02 
 2.63140737e+08  2.48122147e-02 
 2.69272848e+08  2.38141332e-02 
 2.75547860e+08  2.27875113e-02 
 2.81969102e+08  2.17484289e-02 
 2.88539981e+08  2.07110409e-02 
 2.95263985e+08  1.96873157e-02 
 3.02144683e+08  1.86869963e-02 
 3.09185725e+08  1.77177250e-02 
 3.16390848e+08  1.67852701e-02 
 3.23763876e+08  1.58938052e-02 
 3.31308722e+08  1.50462013e-02 
 3.39029389e+08  1.42443081e-02 
 3.46929975e+08  1.34892095e-02 
 3.55014673e+08  1.27814452e-02 
 3.63287773e+08  1.21211985e-02 
 3.71753666e+08  1.15084502e-02 
 3.80416844e+08  1.09431037e-02 
 3.89281904e+08  1.04250829e-02 
 3.98353552e+08  9.95440855e-03 
 4.07636602e+08  9.53125822e-03 
 4.17135980e+08  9.15601449e-03 
 4.26856726e+08  8.82931166e-03 
 4.36804001e+08  8.55209666e-03 
 4.46983082e+08  8.32573508e-03 
 4.57399372e+08  8.15222866e-03 
 4.68058398e+08  8.03470346e-03 
 4.78965818e+08  7.97861883e-03 
 4.90127419e+08  7.99526002e-03 
 5.01549125e+08  8.11400973e-03 
 5.13236997e+08  8.38642651e-03 
 5.25197238e+08  8.36919176e-03 
 5.37436195e+08  8.84662771e-03 
 5.49960363e+08  1.04098822e-02 
 5.62776388e+08  1.12835227e-02 
 5.75891073e+08  9.45878056e-03 
 5.89311376e+08  1.06955546e-02 
 6.03044419e+08  1.00661203e-02 
 6.17097492e+08  1.10145079e-02 
 6.31478050e+08  1.41299474e-02 
 6.46193727e+08  1.09057076e-02 
 6.61252331e+08  1.26577253e-02 
 6.76661854e+08  1.43700747e-02 
 6.92430473e+08  1.63187055e-02 
 7.08566557e+08  1.84809254e-02 
 7.25078669e+08  2.05376954e-02 
 7.41975572e+08  2.18300755e-02 
 7.59266232e+08  2.17840638e-02 
 7.76959826e+08  2.05619352e-02 
 7.95065744e+08  1.88602499e-02 
 8.13593593e+08  1.72340883e-02 
 8.32553207e+08  1.59058543e-02 
 8.51954648e+08  1.49006048e-02 
 8.71808210e+08  1.41724163e-02 
 8.92124431e+08  1.36621335e-02 
 9.12914092e+08  1.33162191e-02 
 9.34188226e+08  1.30902072e-02 
 9.55958123e+08  1.29470129e-02 
 9.78235335e+08  1.28537091e-02 
 1.00103169e+09  1.27779413e-02 
 1.02435927e+09  1.26854727e-02 
 1.04823047e+09  1.25482882e-02 
 1.07265796e+09  1.24236670e-02 
 1.09765469e+09  1.28368907e-02 
 1.12323393e+09  1.45161447e-02 
 1.14940927e+09  1.56655265e-02 
 1.17619457e+09  1.58279702e-02 
 1.20360408e+09  1.57414315e-02 
 1.23165232e+09  1.56499651e-02 
 1.26035418e+09  1.56050565e-02 
 1.28972490e+09  1.56169993e-02 
 1.31978006e+09  1.56854510e-02 
 1.35053561e+09  1.58056494e-02 
 1.38200788e+09  1.59705825e-02 
 1.41421356e+09  1.61723547e-02 
 1.44716975e+09  1.64031549e-02 
 1.48089393e+09  1.66559603e-02 
 1.51540401e+09  1.69251067e-02 
 1.55071830e+09  1.72067363e-02 
 1.58685553e+09  1.74989865e-02 
 1.62383489e+09  1.78017677e-02 
 1.66167599e+09  1.81161508e-02 
 1.70039893e+09  1.84436141e-02 
 1.74002425e+09  1.87854447e-02 
 1.78057299e+09  1.91424435e-02 
 1.82206665e+09  1.95148933e-02 
 1.86452726e+09  1.99026599e-02 
 1.90797735e+09  2.03053049e-02 
 1.95243999e+09  2.07221332e-02 
 1.99793876e+09  2.11521342e-02 
 2.04449781e+09  2.15937877e-02 
 2.09214185e+09  2.20447346e-02 
 2.14089617e+09  2.25014367e-02 
 2.19078664e+09  2.29594064e-02 
 2.24183974e+09  2.34154659e-02 
 2.29408255e+09  2.38734080e-02 
 2.34754280e+09  2.43490265e-02 
 2.40224887e+09  2.48636356e-02 
 2.45822978e+09  2.54285609e-02 
 2.51551525e+09  2.60410564e-02 
 2.57413567e+09  2.66934873e-02 
 2.63412215e+09  2.73811047e-02 
 2.69550653e+09  2.81040964e-02 
 2.75832139e+09  2.88675486e-02 
 2.82260005e+09  2.96823834e-02 
 2.88837664e+09  3.05696484e-02 
 2.95568605e+09  3.15742562e-02 
 3.02456401e+09  3.28154069e-02 
 3.09504707e+09  3.47559077e-02 
 3.16717263e+09  3.63356054e-02 
 3.24097898e+09  3.04346994e-02 
 3.31650528e+09  3.33407704e-02 
 3.39379160e+09  3.50143947e-02 
 3.47287898e+09  3.63196972e-02 
 3.55380937e+09  3.77450638e-02 
 3.63662572e+09  3.91953653e-02 
 3.72137199e+09  4.07722442e-02 
 3.80809314e+09  4.26125203e-02 
 3.89683521e+09  4.46970026e-02 
 3.98764528e+09  4.78150136e-02 
 4.08057155e+09  5.46208601e-02 
 4.17566333e+09  2.71038406e-02 
 4.27297108e+09  4.45125365e-02 
 4.37254645e+09  5.04559878e-02 
 4.47444228e+09  5.47391609e-02 
 4.57871264e+09  6.23404651e-02 
 4.68541287e+09  7.12999326e-02 
 4.79459960e+09  2.62577893e-02 
 4.90633076e+09  5.72771298e-02 
 5.02066566e+09  3.25022264e-02 
 5.13766496e+09  4.73018197e-02 
 5.25739076e+09  5.56508538e-02 
 5.37990660e+09  6.44312239e-02 
 5.50527749e+09  7.28372706e-02 
 5.63356997e+09  4.94971814e-02 
 5.76485211e+09  7.74993251e-02 
 5.89919360e+09  9.70817340e-02 
 6.03666571e+09  1.07028419e-01 
 6.17734142e+09  8.42528767e-02 
 6.32129537e+09  4.94764644e-02 
 6.46860395e+09  3.04070938e-02 
 6.61934535e+09  3.83668582e-02 
 6.77359956e+09  4.21700213e-02 
 6.93144843e+09  6.69903866e-02 
 7.09297575e+09  6.46587857e-02 
 7.25826722e+09  3.46759456e-02 
 7.42741057e+09  1.09222129e-01 
 7.60049556e+09  1.68775499e-02 
 7.77761404e+09  9.78679421e-02 
 7.95886001e+09  2.21242733e-02 
 8.14432966e+09  4.02339241e-02 
 8.33412140e+09  4.77655472e-02 
 8.52833597e+09  1.30727263e-01 
 8.72707642e+09  3.36462091e-02 
 8.93044823e+09  5.72797333e-02 
 9.13855932e+09  4.96534465e-02 
 9.35152014e+09  4.68244874e-02 
 9.56944371e+09  5.59975127e-02 
 9.79244566e+09  6.10464719e-02 
 1.00206443e+10  6.48633594e-02 
 1.02541609e+10  6.87471505e-02 
 1.04931192e+10  7.25760590e-02 
 1.07376460e+10  7.65130692e-02 
 1.09878712e+10  8.06539697e-02 
 1.12439276e+10  8.50711910e-02 
 1.15059509e+10  8.97856828e-02 
 1.17740804e+10  9.46436421e-02 
 1.20484582e+10  9.89394007e-02 
 1.23292299e+10  1.00530100e-01 
 1.26165447e+10  9.53193040e-02 
 1.29105549e+10  8.22018657e-02 
 1.32114166e+10  6.98734359e-02 
 1.35192894e+10  6.57778186e-02 
 1.38343368e+10  6.80841105e-02 
 1.41567259e+10  7.34702893e-02 
 1.44866277e+10  8.34902826e-02 
 1.48242175e+10  8.15126330e-02 
 1.51696743e+10  8.76001490e-02 
 1.55231815e+10  9.56540509e-02 
 1.58849266e+10  9.83111970e-02 
 1.62551017e+10  1.01082907e-01 
 1.66339032e+10  1.04512872e-01 
 1.70215321e+10  1.08249100e-01 
 1.74181941e+10  1.12145624e-01 
 1.78240998e+10  1.16153204e-01 
 1.82394645e+10  1.20259887e-01 
 1.86645086e+10  1.24469193e-01 
 1.90994578e+10  1.28791776e-01 
 1.95445429e+10  1.33241662e-01 
 2.00000000e+10  1.37833133e-01 
