 1.00000000e+08  2.00280166e-02 
 1.02330354e+08  2.02236116e-02 
 1.04715014e+08  2.04288354e-02 
 1.07155245e+08  2.06441516e-02 
 1.09652342e+08  2.08700368e-02 
 1.12207630e+08  2.11069778e-02 
 1.14822466e+08  2.13554678e-02 
 1.17498236e+08  2.16160016e-02 
 1.20236362e+08  2.18890688e-02 
 1.23038295e+08  2.21751452e-02 
 1.25905523e+08  2.24746810e-02 
 1.28839568e+08  2.27880865e-02 
 1.31841987e+08  2.31157128e-02 
 1.34914372e+08  2.34578284e-02 
 1.38058355e+08  2.38145887e-02 
 1.41275604e+08  2.41859983e-02 
 1.44567827e+08  2.45718642e-02 
 1.47936769e+08  2.49717379e-02 
 1.51384220e+08  2.53848450e-02 
 1.54912009e+08  2.58100001e-02 
 1.58522008e+08  2.62455057e-02 
 1.62216133e+08  2.66890339e-02 
 1.65996343e+08  2.71374921e-02 
 1.69864646e+08  2.75868738e-02 
 1.73823095e+08  2.80321015e-02 
 1.77873789e+08  2.84668710e-02 
 1.82018879e+08  2.88835146e-02 
 1.86260564e+08  2.92729062e-02 
 1.90601095e+08  2.96244411e-02 
 1.95042776e+08  2.99261305e-02 
 1.99587964e+08  3.01648516e-02 
 2.04239071e+08  3.03267933e-02 
 2.08998565e+08  3.03981177e-02 
 2.13868972e+08  3.03658274e-02 
 2.18852877e+08  3.02187835e-02 
 2.23952925e+08  2.99487687e-02 
 2.29171822e+08  2.95514446e-02 
 2.34512337e+08  2.90270389e-02 
 2.39977306e+08  2.83806217e-02 
 2.45569627e+08  2.76218931e-02 
 2.51292270e+08  2.67645025e-02 
 2.57148271e+08  2.58250065e-02 
 2.63140737e+08  2.48216379e-02 
 2.69272848e+08  2.37730713e-02 
 2.75547860e+08  2.26973452e-02 
 2.81969102e+08  2.16110393e-02 
 2.88539981e+08  2.05287475e-02 
 2.95263985e+08  1.94628278e-02 
 3.02144683e+08  1.84233830e-02 
 3.09185725e+08  1.74184073e-02 
 3.16390848e+08  1.64540377e-02 
 3.23763876e+08  1.55348601e-02 
 3.31308722e+08  1.46642301e-02 
 3.39029389e+08  1.38445863e-02 
 3.46929975e+08  1.30777409e-02 
 3.55014673e+08  1.23651439e-02 
 3.63287773e+08  1.17081218e-02 
 3.71753666e+08  1.11080968e-02 
 3.80416844e+08  1.05667977e-02 
 3.89281904e+08  1.00864794e-02 
 3.98353552e+08  9.67017806e-03 
 4.07636602e+08  9.32205399e-03 
 4.17135980e+08  9.04791562e-03 
 4.26856726e+08  8.85611352e-03 
 4.36804001e+08  8.75920043e-03 
 4.46983082e+08  8.77724295e-03 
 4.57399372e+08  8.94494521e-03 
 4.68058398e+08  9.32847694e-03 
 4.78965818e+08  1.00705497e-02 
 4.90127419e+08  1.15336556e-02 
 5.01549125e+08  1.48598895e-02 
 5.13236997e+08  2.33743236e-02 
 5.25197238e+08  1.92849960e-02 
 5.37436195e+08  1.09376082e-02 
 5.49960363e+08  1.02441763e-02 
 5.62776388e+08  1.10628751e-02 
 5.75891073e+08  1.42902782e-02 
 5.89311376e+08  8.25857463e-03 
 6.03044419e+08  6.34180694e-03 
 6.17097492e+08  8.04608861e-03 
 6.31478050e+08  9.34302056e-03 
 6.46193727e+08  1.03226326e-02 
 6.61252331e+08  1.17133959e-02 
 6.76661854e+08  1.33719844e-02 
 6.92430473e+08  1.53621297e-02 
 7.08566557e+08  1.76431829e-02 
 7.25078669e+08  1.99163770e-02 
 7.41975572e+08  2.15323461e-02 
 7.59266232e+08  2.18739591e-02 
 7.76959826e+08  2.10224934e-02 
 7.95065744e+08  1.96212939e-02 
 8.13593593e+08  1.82192340e-02 
 8.32553207e+08  1.70541637e-02 
 8.51954648e+08  1.61686351e-02 
 8.71808210e+08  1.55304488e-02 
 8.92124431e+08  1.50902318e-02 
 9.12914092e+08  1.48012219e-02 
 9.34188226e+08  1.46234828e-02 
 9.55958123e+08  1.45225124e-02 
 9.78235335e+08  1.44655703e-02 
 1.00103169e+09  1.44159560e-02 
 1.02435927e+09  1.43234780e-02 
 1.04823047e+09  1.41089130e-02 
 1.07265796e+09  1.36668832e-02 
 1.09765469e+09  1.31853117e-02 
 1.12323393e+09  1.40501597e-02 
 1.14940927e+09  1.56281400e-02 
 1.17619457e+09  1.63750404e-02 
 1.20360408e+09  1.66686176e-02 
 1.23165232e+09  1.68188633e-02 
 1.26035418e+09  1.69375078e-02 
 1.28972490e+09  1.70669930e-02 
 1.31978006e+09  1.72243349e-02 
 1.35053561e+09  1.74149377e-02 
 1.38200788e+09  1.76382163e-02 
 1.41421356e+09  1.78905627e-02 
 1.44716975e+09  1.81671178e-02 
 1.48089393e+09  1.84629162e-02 
 1.51540401e+09  1.87737114e-02 
 1.55071830e+09  1.90965835e-02 
 1.58685553e+09  1.94302469e-02 
 1.62383489e+09  1.97749335e-02 
 1.66167599e+09  2.01318848e-02 
 1.70039893e+09  2.05026853e-02 
 1.74002425e+09  2.08887211e-02 
 1.78057299e+09  2.12909098e-02 
 1.82206665e+09  2.17096709e-02 
 1.86452726e+09  2.21450199e-02 
 1.90797735e+09  2.25966726e-02 
 1.95243999e+09  2.30640890e-02 
 1.99793876e+09  2.35464142e-02 
 2.04449781e+09  2.40422911e-02 
 2.09214185e+09  2.45495389e-02 
 2.14089617e+09  2.50648202e-02 
 2.19078664e+09  2.55838551e-02 
 2.24183974e+09  2.61036068e-02 
 2.29408255e+09  2.66277869e-02 
 2.34754280e+09  2.71717929e-02 
 2.40224887e+09  2.77564903e-02 
 2.45822978e+09  2.83931522e-02 
 2.51551525e+09  2.90794055e-02 
 2.57413567e+09  2.98080929e-02 
 2.63412215e+09  3.05748449e-02 
 2.69550653e+09  3.13801240e-02 
 2.75832139e+09  3.22292430e-02 
 2.82260005e+09  3.31333523e-02 
 2.88837664e+09  3.41137675e-02 
 2.95568605e+09  3.52157406e-02 
 3.02456401e+09  3.65588879e-02 
 3.09504707e+09  3.86054787e-02 
 3.16717263e+09  4.00783864e-02 
 3.24097898e+09  3.44982566e-02 
 3.31650528e+09  3.75356412e-02 
 3.39379160e+09  3.93440349e-02 
 3.47287898e+09  4.07978606e-02 
 3.55380937e+09  4.23813843e-02 
 3.63662572e+09  4.40104263e-02 
 3.72137199e+09  4.57963154e-02 
 3.80809314e+09  4.78986856e-02 
 3.89683521e+09  5.03420991e-02 
 3.98764528e+09  5.40977543e-02 
 4.08057155e+09  6.28640881e-02 
 4.17566333e+09  2.68668222e-02 
 4.27297108e+09  4.80365182e-02 
 4.37254645e+09  5.48379392e-02 
 4.47444228e+09  5.95190673e-02 
 4.57871264e+09  6.71031910e-02 
 4.68541287e+09  7.44965365e-02 
 4.79459960e+09  3.40287742e-02 
 4.90633076e+09  6.65230945e-02 
 5.02066566e+09  3.78486358e-02 
 5.13766496e+09  5.41118973e-02 
 5.25739076e+09  6.30899798e-02 
 5.37990660e+09  7.21120459e-02 
 5.50527749e+09  8.19494692e-02 
 5.63356997e+09  5.96895682e-02 
 5.76485211e+09  8.92484314e-02 
 5.89919360e+09  1.12039250e-01 
 6.03666571e+09  1.21436263e-01 
 6.17734142e+09  9.89245624e-02 
 6.32129537e+09  5.93820405e-02 
 6.46860395e+09  3.70438823e-02 
 6.61934535e+09  4.98389407e-02 
 6.77359956e+09  3.67330588e-02 
 6.93144843e+09  3.49895436e-02 
 7.09297575e+09  5.59562972e-02 
 7.25826722e+09  4.36969039e-02 
 7.42741057e+09  6.94728725e-02 
 7.60049556e+09  8.60143387e-02 
 7.77761404e+09  7.69193993e-02 
 7.95886001e+09  2.76303966e-02 
 8.14432966e+09  6.89027032e-02 
 8.33412140e+09  3.36828024e-02 
 8.52833597e+09  3.91350460e-02 
 8.72707642e+09  4.59878035e-02 
 8.93044823e+09  5.69874965e-02 
 9.13855932e+09  6.12183243e-02 
 9.35152014e+09  6.68137919e-02 
 9.56944371e+09  6.92288251e-02 
 9.79244566e+09  7.21842807e-02 
 1.00206443e+10  7.74844373e-02 
 1.02541609e+10  8.18326845e-02 
 1.04931192e+10  8.61514356e-02 
 1.07376460e+10  9.06492789e-02 
 1.09878712e+10  9.54425332e-02 
 1.12439276e+10  1.00626100e-01 
 1.15059509e+10  1.06246090e-01 
 1.17740804e+10  1.12161433e-01 
 1.20484582e+10  1.17605626e-01 
 1.23292299e+10  1.20121241e-01 
 1.26165447e+10  1.14804383e-01 
 1.29105549e+10  9.98682398e-02 
 1.32114166e+10  8.49725920e-02 
 1.35192894e+10  7.91076256e-02 
 1.38343368e+10  8.08447150e-02 
 1.41567259e+10  8.66688331e-02 
 1.44866277e+10  1.06046090e-01 
 1.48242175e+10  1.02957712e-01 
 1.51696743e+10  1.32388190e-01 
 1.55231815e+10  8.83595430e-02 
 1.58849266e+10  1.03206252e-01 
 1.62551017e+10  1.10372055e-01 
 1.66339032e+10  1.15905099e-01 
 1.70215321e+10  1.20934806e-01 
 1.74181941e+10  1.25770538e-01 
 1.78240998e+10  1.30534080e-01 
 1.82394645e+10  1.35289071e-01 
 1.86645086e+10  1.40076482e-01 
 1.90994578e+10  1.44926850e-01 
 1.95445429e+10  1.49865015e-01 
 2.00000000e+10  1.54911094e-01 
