 1.00000000e+08  1.75072712e-02 
 1.02330354e+08  1.74695791e-02 
 1.04715014e+08  1.74170315e-02 
 1.07155245e+08  1.73483527e-02 
 1.09652342e+08  1.72623284e-02 
 1.12207630e+08  1.71578437e-02 
 1.14822466e+08  1.70339233e-02 
 1.17498236e+08  1.68897732e-02 
 1.20236362e+08  1.67248221e-02 
 1.23038295e+08  1.65387587e-02 
 1.25905523e+08  1.63315641e-02 
 1.28839568e+08  1.61035357e-02 
 1.31841987e+08  1.58553008e-02 
 1.34914372e+08  1.55878184e-02 
 1.38058355e+08  1.53023683e-02 
 1.41275604e+08  1.50005276e-02 
 1.44567827e+08  1.46841355e-02 
 1.47936769e+08  1.43552486e-02 
 1.51384220e+08  1.40160894e-02 
 1.54912009e+08  1.36689905e-02 
 1.58522008e+08  1.33163378e-02 
 1.62216133e+08  1.29605162e-02 
 1.65996343e+08  1.26038599e-02 
 1.69864646e+08  1.22486086e-02 
 1.73823095e+08  1.18968721e-02 
 1.77873789e+08  1.15506029e-02 
 1.82018879e+08  1.12115768e-02 
 1.86260564e+08  1.08813815e-02 
 1.90601095e+08  1.05614120e-02 
 1.95042776e+08  1.02528715e-02 
 1.99587964e+08  9.95677710e-03 
 2.04239071e+08  9.67396872e-03 
 2.08998565e+08  9.40512042e-03 
 2.13868972e+08  9.15075328e-03 
 2.18852877e+08  8.91124897e-03 
 2.23952925e+08  8.68686337e-03 
 2.29171822e+08  8.47774015e-03 
 2.34512337e+08  8.28392369e-03 
 2.39977306e+08  8.10537153e-03 
 2.45569627e+08  7.94196617e-03 
 2.51292270e+08  7.79352640e-03 
 2.57148271e+08  7.65981827e-03 
 2.63140737e+08  7.54056609e-03 
 2.69272848e+08  7.43546375e-03 
 2.75547860e+08  7.34418708e-03 
 2.81969102e+08  7.26640847e-03 
 2.88539981e+08  7.20181559e-03 
 2.95263985e+08  7.15013865e-03 
 3.02144683e+08  7.11119512e-03 
 3.09185725e+08  7.08497436e-03 
 3.16390848e+08  7.07182280e-03 
 3.23763876e+08  7.07292184e-03 
 3.31308722e+08  7.09180556e-03 
 3.39029389e+08  7.14083259e-03 
 3.46929975e+08  7.28667502e-03 
 3.55014673e+08  8.55000363e-03 
 3.63287773e+08  7.62358212e-03 
 3.71753666e+08  7.31906230e-03 
 3.80416844e+08  7.35406028e-03 
 3.89281904e+08  7.45026039e-03 
 3.98353552e+08  7.60251655e-03 
 4.07636602e+08  7.88273879e-03 
 4.17135980e+08  8.72717044e-03 
 4.26856726e+08  8.94798369e-03 
 4.36804001e+08  8.06473362e-03 
 4.46983082e+08  8.27439775e-03 
 4.57399372e+08  9.07678098e-03 
 4.68058398e+08  1.07876042e-02 
 4.78965818e+08  8.69024616e-03 
 4.90127419e+08  8.68388127e-03 
 5.01549125e+08  9.65611387e-03 
 5.13236997e+08  1.33082609e-02 
 5.25197238e+08  9.08774791e-03 
 5.37436195e+08  9.86978641e-03 
 5.49960363e+08  9.21122501e-03 
 5.62776388e+08  9.46050037e-03 
 5.75891073e+08  8.69397603e-03 
 5.89311376e+08  9.48278191e-03 
 6.03044419e+08  1.04399597e-02 
 6.17097492e+08  8.91021201e-03 
 6.31478050e+08  1.04540278e-02 
 6.46193727e+08  1.31113862e-02 
 6.61252331e+08  8.63209408e-03 
 6.76661854e+08  9.35425752e-03 
 6.92430473e+08  1.38865957e-02 
 7.08566557e+08  9.32454368e-03 
 7.25078669e+08  9.57895084e-03 
 7.41975572e+08  1.04395346e-02 
 7.59266232e+08  1.16556408e-02 
 7.76959826e+08  1.51264505e-02 
 7.95065744e+08  8.17379879e-03 
 8.13593593e+08  1.03485092e-02 
 8.32553207e+08  1.04304642e-02 
 8.51954648e+08  1.23455389e-02 
 8.71808210e+08  1.28691930e-02 
 8.92124431e+08  1.10863794e-02 
 9.12914092e+08  1.13012950e-02 
 9.34188226e+08  1.19530812e-02 
 9.55958123e+08  1.40134300e-02 
 9.78235335e+08  1.36151027e-02 
 1.00103169e+09  1.22538736e-02 
 1.02435927e+09  1.14251802e-02 
 1.04823047e+09  1.12750795e-02 
 1.07265796e+09  1.15908232e-02 
 1.09765469e+09  1.23099969e-02 
 1.12323393e+09  1.71637244e-02 
 1.14940927e+09  1.19389379e-02 
 1.17619457e+09  1.29101390e-02 
 1.20360408e+09  1.29010951e-02 
 1.23165232e+09  1.30177125e-02 
 1.26035418e+09  1.33910366e-02 
 1.28972490e+09  1.41462902e-02 
 1.31978006e+09  1.51663250e-02 
 1.35053561e+09  1.66558612e-02 
 1.38200788e+09  1.20882684e-02 
 1.41421356e+09  1.27230419e-02 
 1.44716975e+09  1.34111364e-02 
 1.48089393e+09  1.36006376e-02 
 1.51540401e+09  1.37638749e-02 
 1.55071830e+09  1.40026736e-02 
 1.58685553e+09  1.44149793e-02 
 1.62383489e+09  1.46509597e-02 
 1.66167599e+09  1.48915778e-02 
 1.70039893e+09  1.51437906e-02 
 1.74002425e+09  1.54002365e-02 
 1.78057299e+09  1.56572919e-02 
 1.82206665e+09  1.59145006e-02 
 1.86452726e+09  1.61739718e-02 
 1.90797735e+09  1.64387843e-02 
 1.95243999e+09  1.67113143e-02 
 1.99793876e+09  1.69926963e-02 
 2.04449781e+09  1.72831870e-02 
 2.09214185e+09  1.75826645e-02 
 2.14089617e+09  1.78909135e-02 
 2.19078664e+09  1.82077021e-02 
 2.24183974e+09  1.85327359e-02 
 2.29408255e+09  1.88655574e-02 
 2.34754280e+09  1.92054645e-02 
 2.40224887e+09  1.95516656e-02 
 2.45822978e+09  1.99040661e-02 
 2.51551525e+09  2.02642662e-02 
 2.57413567e+09  2.06347618e-02 
 2.63412215e+09  2.10165933e-02 
 2.69550653e+09  2.14086746e-02 
 2.75832139e+09  2.18088892e-02 
 2.82260005e+09  2.22151771e-02 
 2.88837664e+09  2.26261924e-02 
 2.95568605e+09  2.30419511e-02 
 3.02456401e+09  2.34643639e-02 
 3.09504707e+09  2.38965519e-02 
 3.16717263e+09  2.43402118e-02 
 3.24097898e+09  2.47928977e-02 
 3.31650528e+09  2.52484446e-02 
 3.39379160e+09  2.56996095e-02 
 3.47287898e+09  2.61428363e-02 
 3.55380937e+09  2.65848833e-02 
 3.63662572e+09  2.70417786e-02 
 3.72137199e+09  2.75272148e-02 
 3.80809314e+09  2.80459338e-02 
 3.89683521e+09  2.85967956e-02 
 3.98764528e+09  2.91764320e-02 
 4.08057155e+09  2.97808787e-02 
 4.17566333e+09  3.04065041e-02 
 4.27297108e+09  3.10503409e-02 
 4.37254645e+09  3.17098291e-02 
 4.47444228e+09  3.23825155e-02 
 4.57871264e+09  3.30668670e-02 
 4.68541287e+09  3.37651339e-02 
 4.79459960e+09  3.44861846e-02 
 4.90633076e+09  3.52020188e-02 
 5.02066566e+09  3.59877509e-02 
 5.13766496e+09  3.67863071e-02 
 5.25739076e+09  3.76114164e-02 
 5.37990660e+09  3.84696419e-02 
 5.50527749e+09  3.93843489e-02 
 5.63356997e+09  4.05727705e-02 
 5.76485211e+09  4.10224964e-02 
 5.89919360e+09  4.32419048e-02 
 6.03666571e+09  4.24791997e-02 
 6.17734142e+09  4.36806697e-02 
 6.32129537e+09  4.46898210e-02 
 6.46860395e+09  4.57626564e-02 
 6.61934535e+09  4.68758206e-02 
 6.77359956e+09  4.81074903e-02 
 6.93144843e+09  4.82113660e-02 
 7.09297575e+09  4.98989378e-02 
 7.25826722e+09  5.14948462e-02 
 7.42741057e+09  5.17687999e-02 
 7.60049556e+09  5.38255361e-02 
 7.77761404e+09  5.31781528e-02 
 7.95886001e+09  5.57553972e-02 
 8.14432966e+09  5.67253168e-02 
 8.33412140e+09  5.84849221e-02 
 8.52833597e+09  6.06784465e-02 
 8.72707642e+09  5.97320586e-02 
 8.93044823e+09  6.21328714e-02 
 9.13855932e+09  6.35236625e-02 
 9.35152014e+09  6.53266308e-02 
 9.56944371e+09  6.69457263e-02 
 9.79244566e+09  6.85574174e-02 
 1.00206443e+10  7.02622341e-02 
 1.02541609e+10  7.19772852e-02 
 1.04931192e+10  7.37362620e-02 
 1.07376460e+10  7.55430020e-02 
 1.09878712e+10  7.74009814e-02 
 1.12439276e+10  7.93138111e-02 
 1.15059509e+10  8.12855723e-02 
 1.17740804e+10  8.33212159e-02 
 1.20484582e+10  8.54271851e-02 
 1.23292299e+10  8.76125409e-02 
 1.26165447e+10  8.98912304e-02 
 1.29105549e+10  9.22872234e-02 
 1.32114166e+10  9.48479596e-02 
 1.35192894e+10  9.76877334e-02 
 1.38343368e+10  1.01184733e-01 
 1.41567259e+10  1.07868333e-01 
 1.44866277e+10  8.84558161e-02 
 1.48242175e+10  1.02248736e-01 
 1.51696743e+10  1.06583519e-01 
 1.55231815e+10  1.10041759e-01 
 1.58849266e+10  1.13298527e-01 
 1.62551017e+10  1.16526049e-01 
 1.66339032e+10  1.19791817e-01 
 1.70215321e+10  1.23130792e-01 
 1.74181941e+10  1.26565733e-01 
 1.78240998e+10  1.30114654e-01 
 1.82394645e+10  1.33794129e-01 
 1.86645086e+10  1.37620898e-01 
 1.90994578e+10  1.41612143e-01 
 1.95445429e+10  1.45782978e-01 
 2.00000000e+10  1.50134966e-01 
