 1.00000000e+08  1.82907089e-02 
 1.02330354e+08  1.84158582e-02 
 1.04715014e+08  1.85465180e-02 
 1.07155245e+08  1.86829287e-02 
 1.09652342e+08  1.88253427e-02 
 1.12207630e+08  1.89740249e-02 
 1.14822466e+08  1.91292539e-02 
 1.17498236e+08  1.92913232e-02 
 1.20236362e+08  1.94605426e-02 
 1.23038295e+08  1.96372393e-02 
 1.25905523e+08  1.98217601e-02 
 1.28839568e+08  2.00144734e-02 
 1.31841987e+08  2.02157711e-02 
 1.34914372e+08  2.04260715e-02 
 1.38058355e+08  2.06458227e-02 
 1.41275604e+08  2.08755057e-02 
 1.44567827e+08  2.11156395e-02 
 1.47936769e+08  2.13667855e-02 
 1.51384220e+08  2.16295541e-02 
 1.54912009e+08  2.19046121e-02 
 1.58522008e+08  2.21926916e-02 
 1.62216133e+08  2.24946008e-02 
 1.65996343e+08  2.28112376e-02 
 1.69864646e+08  2.31436061e-02 
 1.73823095e+08  2.34928378e-02 
 1.77873789e+08  2.38602173e-02 
 1.82018879e+08  2.42472163e-02 
 1.86260564e+08  2.46555366e-02 
 1.90601095e+08  2.50871662e-02 
 1.95042776e+08  2.55444535e-02 
 1.99587964e+08  2.60302061e-02 
 2.04239071e+08  2.65478237e-02 
 2.08998565e+08  2.71014797e-02 
 2.13868972e+08  2.76963697e-02 
 2.18852877e+08  2.83390558e-02 
 2.23952925e+08  2.90379362e-02 
 2.29171822e+08  2.98038691e-02 
 2.34512337e+08  3.06509188e-02 
 2.39977306e+08  3.15969383e-02 
 2.45569627e+08  3.26627105e-02 
 2.51292270e+08  3.38644464e-02 
 2.57148271e+08  3.51780361e-02 
 2.63140737e+08  3.63797235e-02 
 2.69272848e+08  3.63475161e-02 
 2.75547860e+08  3.09586986e-02 
 2.81969102e+08  1.69954360e-02 
 2.88539981e+08  1.15994778e-02 
 2.95263985e+08  1.71772729e-02 
 3.02144683e+08  2.18722240e-02 
 3.09185725e+08  2.51825917e-02 
 3.16390848e+08  2.76767686e-02 
 3.23763876e+08  2.97022036e-02 
 3.31308722e+08  3.14501737e-02 
 3.39029389e+08  3.30298115e-02 
 3.46929975e+08  3.45066383e-02 
 3.55014673e+08  3.59218015e-02 
 3.63287773e+08  3.73019773e-02 
 3.71753666e+08  3.86646617e-02 
 3.80416844e+08  4.00210669e-02 
 3.89281904e+08  4.13777015e-02 
 3.98353552e+08  4.27371785e-02 
 4.07636602e+08  4.40985437e-02 
 4.17135980e+08  4.54572866e-02 
 4.26856726e+08  4.68051408e-02 
 4.36804001e+08  4.81297569e-02 
 4.46983082e+08  4.94143340e-02 
 4.57399372e+08  5.06373165e-02 
 4.68058398e+08  5.17722924e-02 
 4.78965818e+08  5.27882619e-02 
 4.90127419e+08  5.36504607e-02 
 5.01549125e+08  5.43219031e-02 
 5.13236997e+08  5.47657304e-02 
 5.25197238e+08  5.49482908e-02 
 5.37436195e+08  5.48426602e-02 
 5.49960363e+08  5.44320874e-02 
 5.62776388e+08  5.37127056e-02 
 5.75891073e+08  5.26948897e-02 
 5.89311376e+08  5.14028849e-02 
 6.03044419e+08  4.98727313e-02 
 6.17097492e+08  4.81489107e-02 
 6.31478050e+08  4.62804027e-02 
 6.46193727e+08  4.43168676e-02 
 6.61252331e+08  4.23055090e-02 
 6.76661854e+08  4.02889041e-02 
 6.92430473e+08  3.83038295e-02 
 7.08566557e+08  3.63809323e-02 
 7.25078669e+08  3.45450091e-02 
 7.41975572e+08  3.28156474e-02 
 7.59266232e+08  3.12080233e-02 
 7.76959826e+08  2.97337003e-02 
 7.95065744e+08  2.84013326e-02 
 8.13593593e+08  2.72172200e-02 
 8.32553207e+08  2.61856960e-02 
 8.51954648e+08  2.53093632e-02 
 8.71808210e+08  2.45892053e-02 
 8.92124431e+08  2.40246250e-02 
 9.12914092e+08  2.36134608e-02 
 9.34188226e+08  2.33520372e-02 
 9.55958123e+08  2.32352844e-02 
 9.78235335e+08  2.32569467e-02 
 1.00103169e+09  2.34098728e-02 
 1.02435927e+09  2.36863601e-02 
 1.04823047e+09  2.40785166e-02 
 1.07265796e+09  2.45786028e-02 
 1.09765469e+09  2.51793265e-02 
 1.12323393e+09  2.58740728e-02 
 1.14940927e+09  2.66570684e-02 
 1.17619457e+09  2.75234845e-02 
 1.20360408e+09  2.84694897e-02 
 1.23165232e+09  2.94922680e-02 
 1.26035418e+09  3.05900116e-02 
 1.28972490e+09  3.17619024e-02 
 1.31978006e+09  3.30080877e-02 
 1.35053561e+09  3.43296597e-02 
 1.38200788e+09  3.57286391e-02 
 1.41421356e+09  3.72079685e-02 
 1.44716975e+09  3.87715149e-02 
 1.48089393e+09  4.04240804e-02 
 1.51540401e+09  4.21714205e-02 
 1.55071830e+09  4.40202648e-02 
 1.58685553e+09  4.59783345e-02 
 1.62383489e+09  4.80543445e-02 
 1.66167599e+09  5.02579742e-02 
 1.70039893e+09  5.25997798e-02 
 1.74002425e+09  5.50910050e-02 
 1.78057299e+09  5.77432269e-02 
 1.82206665e+09  6.05677353e-02 
 1.86452726e+09  6.35744938e-02 
 1.90797735e+09  6.67704556e-02 
 1.95243999e+09  7.01569010e-02 
 1.99793876e+09  7.37253361e-02 
 2.04449781e+09  7.74513542e-02 
 2.09214185e+09  8.12857997e-02 
 2.14089617e+09  8.51427695e-02 
 2.19078664e+09  8.88848037e-02 
 2.24183974e+09  9.23076485e-02 
 2.29408255e+09  9.51307254e-02 
 2.34754280e+09  9.70043588e-02 
 2.40224887e+09  9.75473826e-02 
 2.45822978e+09  9.64216658e-02 
 2.51551525e+09  9.34279908e-02 
 2.57413567e+09  8.85805211e-02 
 2.63412215e+09  8.21131881e-02 
 2.69550653e+09  7.44075664e-02 
 2.75832139e+09  6.58807647e-02 
 2.82260005e+09  5.68885063e-02 
 2.88837664e+09  4.76775903e-02 
 2.95568605e+09  3.84020212e-02 
 3.02456401e+09  2.92618695e-02 
 3.09504707e+09  2.11602670e-02 
 3.16717263e+09  1.84308657e-02 
 3.24097898e+09  2.84796029e-02 
 3.31650528e+09  5.25202125e-02 
 3.39379160e+09  9.34029842e-02 
 3.47287898e+09  1.30576798e-01 
 3.55380937e+09  1.13368187e-01 
 3.63662572e+09  8.66947109e-02 
 3.72137199e+09  6.61623883e-02 
 3.80809314e+09  5.24317125e-02 
 3.89683521e+09  4.24734134e-02 
 3.98764528e+09  3.44691239e-02 
 4.08057155e+09  2.49827980e-02 
 4.17566333e+09  3.13728022e-02 
 4.27297108e+09  2.56952112e-02 
 4.37254645e+09  2.31515873e-02 
 4.47444228e+09  2.20736046e-02 
 4.57871264e+09  2.22493586e-02 
 4.68541287e+09  2.37458207e-02 
 4.79459960e+09  2.51159150e-02 
 4.90633076e+09  2.98998027e-02 
 5.02066566e+09  3.49446200e-02 
 5.13766496e+09  1.04564312e-01 
 5.25739076e+09  1.99260782e-02 
 5.37990660e+09  2.35875454e-02 
 5.50527749e+09  2.88761760e-02 
 5.63356997e+09  3.45787479e-02 
 5.76485211e+09  3.96230219e-02 
 5.89919360e+09  4.64128735e-02 
 6.03666571e+09  7.06608998e-02 
 6.17734142e+09  4.49918619e-02 
 6.32129537e+09  5.50668714e-02 
 6.46860395e+09  6.49566951e-02 
 6.61934535e+09  6.99375580e-02 
 6.77359956e+09  9.02435521e-02 
 6.93144843e+09  9.74597358e-02 
 7.09297575e+09  1.68432378e-01 
 7.25826722e+09  1.03991895e-01 
 7.42741057e+09  1.12263298e-01 
 7.60049556e+09  9.29905923e-02 
 7.77761404e+09  4.75471605e-02 
 7.95886001e+09  8.31097683e-02 
 8.14432966e+09  2.36040407e-01 
 8.33412140e+09  1.03698559e-01 
 8.52833597e+09  2.27243142e-02 
 8.72707642e+09  1.54368945e-02 
 8.93044823e+09  2.92356813e-02 
 9.13855932e+09  4.47452630e-02 
 9.35152014e+09  3.70880244e-02 
 9.56944371e+09  5.14751657e-02 
 9.79244566e+09  6.12271699e-02 
 1.00206443e+10  7.02777773e-02 
 1.02541609e+10  7.93088130e-02 
 1.04931192e+10  8.88481569e-02 
 1.07376460e+10  9.93622554e-02 
 1.09878712e+10  1.11365956e-01 
 1.12439276e+10  1.25534738e-01 
 1.15059509e+10  1.42755016e-01 
 1.17740804e+10  1.63885139e-01 
 1.20484582e+10  1.87896303e-01 
 1.23292299e+10  2.03892943e-01 
 1.26165447e+10  1.83542840e-01 
 1.29105549e+10  1.29591895e-01 
 1.32114166e+10  8.79465031e-02 
 1.35192894e+10  7.77757443e-02 
 1.38343368e+10  9.09330982e-02 
 1.41567259e+10  1.17476104e-01 
 1.44866277e+10  1.90298275e-01 
 1.48242175e+10  1.31194801e-01 
 1.51696743e+10  1.85798472e-01 
 1.55231815e+10  2.52809808e-01 
 1.58849266e+10  3.15073625e-01 
 1.62551017e+10  2.94478156e-01 
 1.66339032e+10  3.05985380e-01 
 1.70215321e+10  3.65290690e-01 
 1.74181941e+10  4.51475763e-01 
 1.78240998e+10  5.34956345e-01 
 1.82394645e+10  5.54858338e-01 
 1.86645086e+10  4.91298085e-01 
 1.90994578e+10  4.01408493e-01 
 1.95445429e+10  3.24233686e-01 
 2.00000000e+10  2.65467864e-01 
