 1.00000000e+08  1.90301824e-02 
 1.02330354e+08  1.91581241e-02 
 1.04715014e+08  1.92823949e-02 
 1.07155245e+08  1.94015464e-02 
 1.09652342e+08  1.95139279e-02 
 1.12207630e+08  1.96176762e-02 
 1.14822466e+08  1.97107121e-02 
 1.17498236e+08  1.97907420e-02 
 1.20236362e+08  1.98552706e-02 
 1.23038295e+08  1.99016243e-02 
 1.25905523e+08  1.99269895e-02 
 1.28839568e+08  1.99284661e-02 
 1.31841987e+08  1.99031395e-02 
 1.34914372e+08  1.98481688e-02 
 1.38058355e+08  1.97608912e-02 
 1.41275604e+08  1.96389383e-02 
 1.44567827e+08  1.94803580e-02 
 1.47936769e+08  1.92837346e-02 
 1.51384220e+08  1.90482971e-02 
 1.54912009e+08  1.87740060e-02 
 1.58522008e+08  1.84616084e-02 
 1.62216133e+08  1.81126556e-02 
 1.65996343e+08  1.77294772e-02 
 1.69864646e+08  1.73151151e-02 
 1.73823095e+08  1.68732187e-02 
 1.77873789e+08  1.64079126e-02 
 1.82018879e+08  1.59236470e-02 
 1.86260564e+08  1.54250419e-02 
 1.90601095e+08  1.49167381e-02 
 1.95042776e+08  1.44032628e-02 
 1.99587964e+08  1.38889181e-02 
 2.04239071e+08  1.33776942e-02 
 2.08998565e+08  1.28732095e-02 
 2.13868972e+08  1.23786735e-02 
 2.18852877e+08  1.18968720e-02 
 2.23952925e+08  1.14301670e-02 
 2.29171822e+08  1.09805076e-02 
 2.34512337e+08  1.05494465e-02 
 2.39977306e+08  1.01381559e-02 
 2.45569627e+08  9.74743961e-03 
 2.51292270e+08  9.37773553e-03 
 2.57148271e+08  9.02910974e-03 
 2.63140737e+08  8.70125624e-03 
 2.69272848e+08  8.39357721e-03 
 2.75547860e+08  8.10567716e-03 
 2.81969102e+08  7.83988366e-03 
 2.88539981e+08  7.61530707e-03 
 2.95263985e+08  7.57344104e-03 
 3.02144683e+08  9.41582100e-03 
 3.09185725e+08  1.67654433e-02 
 3.16390848e+08  9.87390658e-03 
 3.23763876e+08  8.55213433e-03 
 3.31308722e+08  8.06390282e-03 
 3.39029389e+08  7.82286029e-03 
 3.46929975e+08  7.69447744e-03 
 3.55014673e+08  7.63347653e-03 
 3.63287773e+08  7.62110814e-03 
 3.71753666e+08  7.64899398e-03 
 3.80416844e+08  7.71404268e-03 
 3.89281904e+08  7.81701740e-03 
 3.98353552e+08  7.96305681e-03 
 4.07636602e+08  8.16455406e-03 
 4.17135980e+08  8.44967130e-03 
 4.26856726e+08  8.89192962e-03 
 4.36804001e+08  9.83710952e-03 
 4.46983082e+08  1.12714003e-02 
 4.57399372e+08  1.80315227e-02 
 4.68058398e+08  1.39865900e-02 
 4.78965818e+08  8.97483707e-03 
 4.90127419e+08  8.75450020e-03 
 5.01549125e+08  9.33240791e-03 
 5.13236997e+08  9.00314803e-03 
 5.25197238e+08  9.36759709e-03 
 5.37436195e+08  9.83780627e-03 
 5.49960363e+08  1.05763871e-02 
 5.62776388e+08  1.19289887e-02 
 5.75891073e+08  1.26997411e-02 
 5.89311376e+08  1.27913043e-02 
 6.03044419e+08  1.22554346e-02 
 6.17097492e+08  1.39344671e-02 
 6.31478050e+08  2.18793051e-02 
 6.46193727e+08  9.24421999e-03 
 6.61252331e+08  1.26560087e-02 
 6.76661854e+08  1.19894343e-02 
 6.92430473e+08  1.35401901e-02 
 7.08566557e+08  1.52921953e-02 
 7.25078669e+08  1.32038298e-02 
 7.41975572e+08  1.39778104e-02 
 7.59266232e+08  1.58854348e-02 
 7.76959826e+08  1.74391086e-02 
 7.95065744e+08  2.77506175e-02 
 8.13593593e+08  1.56768346e-02 
 8.32553207e+08  1.92403745e-02 
 8.51954648e+08  3.05978711e-02 
 8.71808210e+08  2.08713369e-02 
 8.92124431e+08  1.55828686e-02 
 9.12914092e+08  2.74102079e-02 
 9.34188226e+08  2.33090051e-02 
 9.55958123e+08  1.56819076e-02 
 9.78235335e+08  1.71981550e-02 
 1.00103169e+09  1.53229896e-02 
 1.02435927e+09  2.11868620e-02 
 1.04823047e+09  2.27454690e-02 
 1.07265796e+09  2.48972793e-02 
 1.09765469e+09  2.28605725e-02 
 1.12323393e+09  2.18756201e-02 
 1.14940927e+09  3.37183461e-02 
 1.17619457e+09  3.12685360e-02 
 1.20360408e+09  3.08139807e-02 
 1.23165232e+09  2.53291795e-02 
 1.26035418e+09  1.94532020e-02 
 1.28972490e+09  1.74400278e-02 
 1.31978006e+09  2.33282027e-02 
 1.35053561e+09  3.11566481e-02 
 1.38200788e+09  3.11382261e-02 
 1.41421356e+09  3.45860339e-02 
 1.44716975e+09  3.66899823e-02 
 1.48089393e+09  3.61600291e-02 
 1.51540401e+09  3.27635139e-02 
 1.55071830e+09  2.84531306e-02 
 1.58685553e+09  2.43764216e-02 
 1.62383489e+09  2.23350314e-02 
 1.66167599e+09  2.10167810e-02 
 1.70039893e+09  1.95576960e-02 
 1.74002425e+09  1.85883834e-02 
 1.78057299e+09  1.71157530e-02 
 1.82206665e+09  1.74005284e-02 
 1.86452726e+09  1.66888868e-02 
 1.90797735e+09  1.55974089e-02 
 1.95243999e+09  1.67980282e-02 
 1.99793876e+09  1.61899186e-02 
 2.04449781e+09  1.57264451e-02 
 2.09214185e+09  1.53346390e-02 
 2.14089617e+09  1.47641812e-02 
 2.19078664e+09  1.41021878e-02 
 2.24183974e+09  1.33074205e-02 
 2.29408255e+09  1.23678844e-02 
 2.34754280e+09  1.12747539e-02 
 2.40224887e+09  1.01402261e-02 
 2.45822978e+09  8.86580269e-03 
 2.51551525e+09  7.58338860e-03 
 2.57413567e+09  6.43853127e-03 
 2.63412215e+09  5.64380965e-03 
 2.69550653e+09  5.38059698e-03 
 2.75832139e+09  5.64577929e-03 
 2.82260005e+09  6.26001984e-03 
 2.88837664e+09  7.03250114e-03 
 2.95568605e+09  7.84520817e-03 
 3.02456401e+09  8.64268810e-03 
 3.09504707e+09  9.40543527e-03 
 3.16717263e+09  1.01342265e-02 
 3.24097898e+09  1.08588187e-02 
 3.31650528e+09  1.13840817e-02 
 3.39379160e+09  1.20427174e-02 
 3.47287898e+09  1.26235578e-02 
 3.55380937e+09  1.32595285e-02 
 3.63662572e+09  1.38991714e-02 
 3.72137199e+09  1.45620706e-02 
 3.80809314e+09  1.52660759e-02 
 3.89683521e+09  1.60314493e-02 
 3.98764528e+09  1.68809361e-02 
 4.08057155e+09  1.78367087e-02 
 4.17566333e+09  1.89104135e-02 
 4.27297108e+09  2.00762042e-02 
 4.37254645e+09  2.12152310e-02 
 4.47444228e+09  2.20544911e-02 
 4.57871264e+09  2.22360432e-02 
 4.68541287e+09  2.16426993e-02 
 4.79459960e+09  2.06099725e-02 
 4.90633076e+09  1.96149182e-02 
 5.02066566e+09  1.89229462e-02 
 5.13766496e+09  1.85794756e-02 
 5.25739076e+09  1.85370683e-02 
 5.37990660e+09  1.87382417e-02 
 5.50527749e+09  1.91449759e-02 
 5.63356997e+09  1.97449577e-02 
 5.76485211e+09  2.05533085e-02 
 5.89919360e+09  2.16604453e-02 
 6.03666571e+09  2.29181639e-02 
 6.17734142e+09  2.45996156e-02 
 6.32129537e+09  2.63758857e-02 
 6.46860395e+09  2.69959757e-02 
 6.61934535e+09  2.45274685e-02 
 6.77359956e+09  2.02756835e-02 
 6.93144843e+09  1.73391695e-02 
 7.09297575e+09  1.61448328e-02 
 7.25826722e+09  1.59412035e-02 
 7.42741057e+09  1.61776536e-02 
 7.60049556e+09  1.65169525e-02 
 7.77761404e+09  1.70778313e-02 
 7.95886001e+09  1.75517323e-02 
 8.14432966e+09  1.80911877e-02 
 8.33412140e+09  1.89076659e-02 
 8.52833597e+09  1.89609912e-02 
 8.72707642e+09  1.95111469e-02 
 8.93044823e+09  2.00291406e-02 
 9.13855932e+09  2.05359118e-02 
 9.35152014e+09  2.10412011e-02 
 9.56944371e+09  2.15480483e-02 
 9.79244566e+09  2.20583925e-02 
 1.00206443e+10  2.25737450e-02 
 1.02541609e+10  2.30953876e-02 
 1.04931192e+10  2.36244574e-02 
 1.07376460e+10  2.41619943e-02 
 1.09878712e+10  2.47089747e-02 
 1.12439276e+10  2.52663399e-02 
 1.15059509e+10  2.58350258e-02 
 1.17740804e+10  2.64159978e-02 
 1.20484582e+10  2.70103010e-02 
 1.23292299e+10  2.76191399e-02 
 1.26165447e+10  2.82440214e-02 
 1.29105549e+10  2.88870387e-02 
 1.32114166e+10  2.95515094e-02 
 1.35192894e+10  3.02436348e-02 
 1.38343368e+10  3.09778601e-02 
 1.41567259e+10  3.18016538e-02 
 1.44866277e+10  3.30583954e-02 
 1.48242175e+10  3.18962544e-02 
 1.51696743e+10  3.29218884e-02 
 1.55231815e+10  3.39623338e-02 
 1.58849266e+10  3.48878250e-02 
 1.62551017e+10  3.57492377e-02 
 1.66339032e+10  3.66040758e-02 
 1.70215321e+10  3.74676399e-02 
 1.74181941e+10  3.83463099e-02 
 1.78240998e+10  3.92435194e-02 
 1.82394645e+10  4.01614870e-02 
 1.86645086e+10  4.11018612e-02 
 1.90994578e+10  4.20660017e-02 
 1.95445429e+10  4.30551183e-02 
 2.00000000e+10  4.40703445e-02 
