 1.00000000e+08  1.52483371e-02 
 1.02330354e+08  1.50857045e-02 
 1.04715014e+08  1.49087556e-02 
 1.07155245e+08  1.47175083e-02 
 1.09652342e+08  1.45121559e-02 
 1.12207630e+08  1.42930769e-02 
 1.14822466e+08  1.40608409e-02 
 1.17498236e+08  1.38162078e-02 
 1.20236362e+08  1.35601228e-02 
 1.23038295e+08  1.32937043e-02 
 1.25905523e+08  1.30182277e-02 
 1.28839568e+08  1.27351038e-02 
 1.31841987e+08  1.24458539e-02 
 1.34914372e+08  1.21520819e-02 
 1.38058355e+08  1.18554456e-02 
 1.41275604e+08  1.15576280e-02 
 1.44567827e+08  1.12603087e-02 
 1.47936769e+08  1.09651388e-02 
 1.51384220e+08  1.06737176e-02 
 1.54912009e+08  1.03875728e-02 
 1.58522008e+08  1.01081450e-02 
 1.62216133e+08  9.83677474e-03 
 1.65996343e+08  9.57469397e-03 
 1.69864646e+08  9.32302032e-03 
 1.73823095e+08  9.08275427e-03 
 1.77873789e+08  8.85477879e-03 
 1.82018879e+08  8.63986104e-03 
 1.86260564e+08  8.43865578e-03 
 1.90601095e+08  8.25171042e-03 
 1.95042776e+08  8.07947142e-03 
 1.99587964e+08  7.92229234e-03 
 2.04239071e+08  7.78044368e-03 
 2.08998565e+08  7.65412530e-03 
 2.13868972e+08  7.54348216e-03 
 2.18852877e+08  7.44862539e-03 
 2.23952925e+08  7.36966115e-03 
 2.29171822e+08  7.30673234e-03 
 2.34512337e+08  7.26008175e-03 
 2.39977306e+08  7.23015367e-03 
 2.45569627e+08  7.21776766e-03 
 2.51292270e+08  7.22443881e-03 
 2.57148271e+08  7.25301885e-03 
 2.63140737e+08  7.30911512e-03 
 2.69272848e+08  7.40465391e-03 
 2.75547860e+08  7.56846972e-03 
 2.81969102e+08  7.88610699e-03 
 2.88539981e+08  8.69582448e-03 
 2.95263985e+08  1.00545285e-02 
 3.02144683e+08  1.07339254e-02 
 3.09185725e+08  1.06571014e-02 
 3.16390848e+08  8.18325651e-03 
 3.23763876e+08  7.81613614e-03 
 3.31308722e+08  7.80291643e-03 
 3.39029389e+08  7.88762865e-03 
 3.46929975e+08  8.01581789e-03 
 3.55014673e+08  8.17313841e-03 
 3.63287773e+08  8.35775586e-03 
 3.71753666e+08  8.57528730e-03 
 3.80416844e+08  8.84256925e-03 
 3.89281904e+08  9.21144536e-03 
 3.98353552e+08  9.90876796e-03 
 4.07636602e+08  1.00002869e-02 
 4.17135980e+08  1.01255617e-02 
 4.26856726e+08  1.11963748e-02 
 4.36804001e+08  1.39702642e-02 
 4.46983082e+08  8.87947648e-03 
 4.57399372e+08  9.16591232e-03 
 4.68058398e+08  9.91075681e-03 
 4.78965818e+08  1.01761455e-02 
 4.90127419e+08  1.13800049e-02 
 5.01549125e+08  1.41385048e-02 
 5.13236997e+08  1.56947793e-02 
 5.25197238e+08  1.32120200e-02 
 5.37436195e+08  1.44817522e-02 
 5.49960363e+08  9.08815530e-03 
 5.62776388e+08  1.22139509e-02 
 5.75891073e+08  1.68552443e-02 
 5.89311376e+08  1.58940312e-02 
 6.03044419e+08  7.58601874e-03 
 6.17097492e+08  6.98967855e-03 
 6.31478050e+08  8.12256803e-03 
 6.46193727e+08  8.94458827e-03 
 6.61252331e+08  9.61630247e-03 
 6.76661854e+08  1.01838574e-02 
 6.92430473e+08  1.07224857e-02 
 7.08566557e+08  1.13259331e-02 
 7.25078669e+08  1.19658763e-02 
 7.41975572e+08  1.26757760e-02 
 7.59266232e+08  1.34981423e-02 
 7.76959826e+08  1.44934229e-02 
 7.95065744e+08  1.57530759e-02 
 8.13593593e+08  1.74133906e-02 
 8.32553207e+08  1.96352468e-02 
 8.51954648e+08  2.23497104e-02 
 8.71808210e+08  2.42323197e-02 
 8.92124431e+08  2.26336797e-02 
 9.12914092e+08  1.87768942e-02 
 9.34188226e+08  1.59058009e-02 
 9.55958123e+08  1.46235362e-02 
 9.78235335e+08  1.45513980e-02 
 1.00103169e+09  1.55653356e-02 
 1.02435927e+09  1.76127350e-02 
 1.04823047e+09  1.70872052e-02 
 1.07265796e+09  1.73863999e-02 
 1.09765469e+09  1.92770493e-02 
 1.12323393e+09  2.19193175e-02 
 1.14940927e+09  2.52707813e-02 
 1.17619457e+09  2.86967622e-02 
 1.20360408e+09  3.11604614e-02 
 1.23165232e+09  3.20107864e-02 
 1.26035418e+09  3.21798195e-02 
 1.28972490e+09  3.29874595e-02 
 1.31978006e+09  3.48211631e-02 
 1.35053561e+09  3.71727751e-02 
 1.38200788e+09  3.88977906e-02 
 1.41421356e+09  3.88004633e-02 
 1.44716975e+09  3.67076504e-02 
 1.48089393e+09  3.35707880e-02 
 1.51540401e+09  3.03803125e-02 
 1.55071830e+09  2.75634682e-02 
 1.58685553e+09  2.51413056e-02 
 1.62383489e+09  2.30244092e-02 
 1.66167599e+09  2.11597694e-02 
 1.70039893e+09  1.95377887e-02 
 1.74002425e+09  1.81574581e-02 
 1.78057299e+09  1.70052737e-02 
 1.82206665e+09  1.60524480e-02 
 1.86452726e+09  1.52614291e-02 
 1.90797735e+09  1.45931033e-02 
 1.95243999e+09  1.40109251e-02 
 1.99793876e+09  1.34824074e-02 
 2.04449781e+09  1.29795000e-02 
 2.09214185e+09  1.24790534e-02 
 2.14089617e+09  1.19643877e-02 
 2.19078664e+09  1.14293311e-02 
 2.24183974e+09  1.08858589e-02 
 2.29408255e+09  1.03728283e-02 
 2.34754280e+09  9.95541721e-03 
 2.40224887e+09  9.70228611e-03 
 2.45822978e+09  9.64712961e-03 
 2.51551525e+09  9.76941651e-03 
 2.57413567e+09  1.00138223e-02 
 2.63412215e+09  1.03231787e-02 
 2.69550653e+09  1.06564746e-02 
 2.75832139e+09  1.09902580e-02 
 2.82260005e+09  1.13134738e-02 
 2.88837664e+09  1.16222367e-02 
 2.95568605e+09  1.19163119e-02 
 3.02456401e+09  1.21971109e-02 
 3.09504707e+09  1.24666523e-02 
 3.16717263e+09  1.27270598e-02 
 3.24097898e+09  1.29803421e-02 
 3.31650528e+09  1.32283120e-02 
 3.39379160e+09  1.34725726e-02 
 3.47287898e+09  1.37145334e-02 
 3.55380937e+09  1.39554417e-02 
 3.63662572e+09  1.41964259e-02 
 3.72137199e+09  1.44385785e-02 
 3.80809314e+09  1.46832734e-02 
 3.89683521e+09  1.49364630e-02 
 3.98764528e+09  1.51671203e-02 
 4.08057155e+09  1.54256313e-02 
 4.17566333e+09  1.56848415e-02 
 4.27297108e+09  1.59487612e-02 
 4.37254645e+09  1.62204117e-02 
 4.47444228e+09  1.64859938e-02 
 4.57871264e+09  1.67729373e-02 
 4.68541287e+09  1.70643339e-02 
 4.79459960e+09  1.73641712e-02 
 4.90633076e+09  1.76738179e-02 
 5.02066566e+09  1.79948193e-02 
 5.13766496e+09  1.83305670e-02 
 5.25739076e+09  1.86730698e-02 
 5.37990660e+09  1.90431719e-02 
 5.50527749e+09  1.94380820e-02 
 5.63356997e+09  1.98732644e-02 
 5.76485211e+09  2.03845109e-02 
 5.89919360e+09  2.10997850e-02 
 6.03666571e+09  2.31233343e-02 
 6.17734142e+09  1.87539477e-02 
 6.32129537e+09  2.07215140e-02 
 6.46860395e+09  2.14885242e-02 
 6.61934535e+09  2.21688241e-02 
 6.77359956e+09  2.28924287e-02 
 6.93144843e+09  2.34146762e-02 
 7.09297575e+09  1.97209755e-02 
 7.25826722e+09  2.38743555e-02 
 7.42741057e+09  2.43148320e-02 
 7.60049556e+09  2.52749337e-02 
 7.77761404e+09  2.50852594e-02 
 7.95886001e+09  2.67400496e-02 
 8.14432966e+09  2.84120569e-02 
 8.33412140e+09  2.97760361e-02 
 8.52833597e+09  3.71265988e-02 
 8.72707642e+09  2.05612826e-02 
 8.93044823e+09  2.47632161e-02 
 9.13855932e+09  2.66272172e-02 
 9.35152014e+09  2.78481442e-02 
 9.56944371e+09  2.88431937e-02 
 9.79244566e+09  2.97462824e-02 
 1.00206443e+10  3.06099650e-02 
 1.02541609e+10  3.14601232e-02 
 1.04931192e+10  3.23115592e-02 
 1.07376460e+10  3.31738426e-02 
 1.09878712e+10  3.40539182e-02 
 1.12439276e+10  3.49574371e-02 
 1.15059509e+10  3.58895504e-02 
 1.17740804e+10  3.68554959e-02 
 1.20484582e+10  3.78611784e-02 
 1.23292299e+10  3.89139380e-02 
 1.26165447e+10  4.00238226e-02 
 1.29105549e+10  4.12060600e-02 
 1.32114166e+10  4.24865710e-02 
 1.35192894e+10  4.39163288e-02 
 1.38343368e+10  4.56176035e-02 
 1.41567259e+10  4.79938935e-02 
 1.44866277e+10  5.37287486e-02 
 1.48242175e+10  3.29610748e-02 
 1.51696743e+10  4.50289150e-02 
 1.55231815e+10  4.81793966e-02 
 1.58849266e+10  5.04087330e-02 
 1.62551017e+10  5.24181675e-02 
 1.66339032e+10  5.43923052e-02 
 1.70215321e+10  5.64080438e-02 
 1.74181941e+10  5.85099398e-02 
 1.78240998e+10  6.07319126e-02 
 1.82394645e+10  6.31056678e-02 
 1.86645086e+10  6.56649617e-02 
 1.90994578e+10  6.84481856e-02 
 1.95445429e+10  7.14992729e-02 
 2.00000000e+10  7.48637589e-02 
