 1.00000000e+08  1.47954298e-02 
 1.02330354e+08  1.46428045e-02 
 1.04715014e+08  1.44761151e-02 
 1.07155245e+08  1.42953421e-02 
 1.09652342e+08  1.41006330e-02 
 1.12207630e+08  1.38923122e-02 
 1.14822466e+08  1.36708860e-02 
 1.17498236e+08  1.34370431e-02 
 1.20236362e+08  1.31916484e-02 
 1.23038295e+08  1.29357324e-02 
 1.25905523e+08  1.26704745e-02 
 1.28839568e+08  1.23971828e-02 
 1.31841987e+08  1.21172696e-02 
 1.34914372e+08  1.18322243e-02 
 1.38058355e+08  1.15435855e-02 
 1.41275604e+08  1.12529127e-02 
 1.44567827e+08  1.09617597e-02 
 1.47936769e+08  1.06716490e-02 
 1.51384220e+08  1.03840499e-02 
 1.54912009e+08  1.01003598e-02 
 1.58522008e+08  9.82188889e-03 
 1.62216133e+08  9.54984890e-03 
 1.65996343e+08  9.28534503e-03 
 1.69864646e+08  9.02937157e-03 
 1.73823095e+08  8.78281023e-03 
 1.77873789e+08  8.54643110e-03 
 1.82018879e+08  8.32089564e-03 
 1.86260564e+08  8.10676153e-03 
 1.90601095e+08  7.90448875e-03 
 1.95042776e+08  7.71444707e-03 
 1.99587964e+08  7.53692454e-03 
 2.04239071e+08  7.37213737e-03 
 2.08998565e+08  7.22024127e-03 
 2.13868972e+08  7.08134532e-03 
 2.18852877e+08  6.95552936e-03 
 2.23952925e+08  6.84286744e-03 
 2.29171822e+08  6.74346122e-03 
 2.34512337e+08  6.65749127e-03 
 2.39977306e+08  6.58530077e-03 
 2.45569627e+08  6.52754263e-03 
 2.51292270e+08  6.48545750e-03 
 2.57148271e+08  6.46144567e-03 
 2.63140737e+08  6.46036775e-03 
 2.69272848e+08  6.49290381e-03 
 2.75547860e+08  6.58584105e-03 
 2.81969102e+08  6.82210459e-03 
 2.88539981e+08  7.54815022e-03 
 2.95263985e+08  8.97424740e-03 
 3.02144683e+08  9.57890415e-03 
 3.09185725e+08  9.97250458e-03 
 3.16390848e+08  7.35950575e-03 
 3.23763876e+08  6.81982989e-03 
 3.31308722e+08  6.68198481e-03 
 3.39029389e+08  6.66450948e-03 
 3.46929975e+08  6.70111180e-03 
 3.55014673e+08  6.77246661e-03 
 3.63287773e+08  6.87554798e-03 
 3.71753666e+08  7.01925499e-03 
 3.80416844e+08  7.23555572e-03 
 3.89281904e+08  7.64244129e-03 
 3.98353552e+08  8.85583000e-03 
 4.07636602e+08  8.85631111e-03 
 4.17135980e+08  7.52125402e-03 
 4.26856726e+08  7.69060436e-03 
 4.36804001e+08  8.40948074e-03 
 4.46983082e+08  8.22048438e-03 
 4.57399372e+08  9.10093343e-03 
 4.68058398e+08  1.04950693e-02 
 4.78965818e+08  8.54108170e-03 
 4.90127419e+08  9.61063688e-03 
 5.01549125e+08  1.31442723e-02 
 5.13236997e+08  1.15588369e-02 
 5.25197238e+08  6.94547957e-03 
 5.37436195e+08  7.27440564e-03 
 5.49960363e+08  7.53731234e-03 
 5.62776388e+08  6.83317586e-03 
 5.75891073e+08  7.89309785e-03 
 5.89311376e+08  7.68336287e-03 
 6.03044419e+08  7.82806153e-03 
 6.17097492e+08  8.07776120e-03 
 6.31478050e+08  8.25769207e-03 
 6.46193727e+08  8.59448897e-03 
 6.61252331e+08  8.61303057e-03 
 6.76661854e+08  8.90222957e-03 
 6.92430473e+08  9.04677267e-03 
 7.08566557e+08  9.22501041e-03 
 7.25078669e+08  9.54530003e-03 
 7.41975572e+08  9.90085641e-03 
 7.59266232e+08  1.03158851e-02 
 7.76959826e+08  1.08229073e-02 
 7.95065744e+08  1.14713176e-02 
 8.13593593e+08  1.23360801e-02 
 8.32553207e+08  1.35072902e-02 
 8.51954648e+08  1.49454918e-02 
 8.71808210e+08  1.58941507e-02 
 8.92124431e+08  1.48769951e-02 
 9.12914092e+08  1.26905333e-02 
 9.34188226e+08  1.11375484e-02 
 9.55958123e+08  1.04318297e-02 
 9.78235335e+08  1.02989190e-02 
 1.00103169e+09  1.06593265e-02 
 1.02435927e+09  1.15897488e-02 
 1.04823047e+09  1.12433540e-02 
 1.07265796e+09  1.11029124e-02 
 1.09765469e+09  1.14847454e-02 
 1.12323393e+09  1.08679260e-02 
 1.14940927e+09  1.13537519e-02 
 1.17619457e+09  1.19443655e-02 
 1.20360408e+09  1.23943124e-02 
 1.23165232e+09  1.25828233e-02 
 1.26035418e+09  1.26171236e-02 
 1.28972490e+09  1.26591901e-02 
 1.31978006e+09  1.27620165e-02 
 1.35053561e+09  1.29104598e-02 
 1.38200788e+09  1.30769634e-02 
 1.41421356e+09  1.32498520e-02 
 1.44716975e+09  1.34398439e-02 
 1.48089393e+09  1.36578677e-02 
 1.51540401e+09  1.38985003e-02 
 1.55071830e+09  1.41471158e-02 
 1.58685553e+09  1.43914810e-02 
 1.62383489e+09  1.46280421e-02 
 1.66167599e+09  1.48616174e-02 
 1.70039893e+09  1.51005289e-02 
 1.74002425e+09  1.53515911e-02 
 1.78057299e+09  1.56177106e-02 
 1.82206665e+09  1.58985103e-02 
 1.86452726e+09  1.61922280e-02 
 1.90797735e+09  1.64970520e-02 
 1.95243999e+09  1.68115656e-02 
 1.99793876e+09  1.71347191e-02 
 2.04449781e+09  1.74656684e-02 
 2.09214185e+09  1.78036324e-02 
 2.14089617e+09  1.81478493e-02 
 2.19078664e+09  1.84977074e-02 
 2.24183974e+09  1.88530759e-02 
 2.29408255e+09  1.92146725e-02 
 2.34754280e+09  1.95840981e-02 
 2.40224887e+09  1.99633390e-02 
 2.45822978e+09  2.03540491e-02 
 2.51551525e+09  2.07571356e-02 
 2.57413567e+09  2.11728153e-02 
 2.63412215e+09  2.16009245e-02 
 2.69550653e+09  2.20412108e-02 
 2.75832139e+09  2.24934956e-02 
 2.82260005e+09  2.29577247e-02 
 2.88837664e+09  2.34339638e-02 
 2.95568605e+09  2.39223756e-02 
 3.02456401e+09  2.44231968e-02 
 3.09504707e+09  2.49367215e-02 
 3.16717263e+09  2.54632913e-02 
 3.24097898e+09  2.60032925e-02 
 3.31650528e+09  2.65571621e-02 
 3.39379160e+09  2.71254064e-02 
 3.47287898e+09  2.77086449e-02 
 3.55380937e+09  2.83077175e-02 
 3.63662572e+09  2.89239770e-02 
 3.72137199e+09  2.95602976e-02 
 3.80809314e+09  3.02262452e-02 
 3.89683521e+09  3.10123998e-02 
 3.98764528e+09  3.13579300e-02 
 4.08057155e+09  3.21485364e-02 
 4.17566333e+09  3.28853038e-02 
 4.27297108e+09  3.36305197e-02 
 4.37254645e+09  3.44200023e-02 
 4.47444228e+09  3.50512047e-02 
 4.57871264e+09  3.59038102e-02 
 4.68541287e+09  3.67268534e-02 
 4.79459960e+09  3.75661684e-02 
 4.90633076e+09  3.84274003e-02 
 5.02066566e+09  3.93146933e-02 
 5.13766496e+09  4.02479448e-02 
 5.25739076e+09  4.11102836e-02 
 5.37990660e+09  4.20957506e-02 
 5.50527749e+09  4.30962475e-02 
 5.63356997e+09  4.41320846e-02 
 5.76485211e+09  4.52165696e-02 
 5.89919360e+09  4.63867692e-02 
 6.03666571e+09  4.79368085e-02 
 6.17734142e+09  4.79203763e-02 
 6.32129537e+09  4.95410805e-02 
 6.46860395e+09  5.06462328e-02 
 6.61934535e+09  5.22608684e-02 
 6.77359956e+09  5.39933798e-02 
 6.93144843e+09  5.45213079e-02 
 7.09297575e+09  5.54414722e-02 
 7.25826722e+09  6.04216378e-02 
 7.42741057e+09  5.80825532e-02 
 7.60049556e+09  6.34406323e-02 
 7.77761404e+09  4.84965217e-02 
 7.95886001e+09  5.69205132e-02 
 8.14432966e+09  6.32269324e-02 
 8.33412140e+09  6.14544554e-02 
 8.52833597e+09  6.03793665e-02 
 8.72707642e+09  6.48254649e-02 
 8.93044823e+09  6.68684791e-02 
 9.13855932e+09  7.07294241e-02 
 9.35152014e+09  6.22008660e-02 
 9.56944371e+09  7.08446844e-02 
 9.79244566e+09  7.34322299e-02 
 1.00206443e+10  7.56208463e-02 
 1.02541609e+10  7.77185240e-02 
 1.04931192e+10  7.98027801e-02 
 1.07376460e+10  8.19047363e-02 
 1.09878712e+10  8.40408859e-02 
 1.12439276e+10  8.62219989e-02 
 1.15059509e+10  8.84564654e-02 
 1.17740804e+10  9.07519205e-02 
 1.20484582e+10  9.31163371e-02 
 1.23292299e+10  9.55591370e-02 
 1.26165447e+10  9.80928168e-02 
 1.29105549e+10  1.00735978e-01 
 1.32114166e+10  1.03520003e-01 
 1.35192894e+10  1.06506356e-01 
 1.38343368e+10  1.09842101e-01 
 1.41567259e+10  1.14010095e-01 
 1.44866277e+10  1.22159060e-01 
 1.48242175e+10  9.71333698e-02 
 1.51696743e+10  1.14294082e-01 
 1.55231815e+10  1.19535697e-01 
 1.58849266e+10  1.23630824e-01 
 1.62551017e+10  1.27458785e-01 
 1.66339032e+10  1.31245474e-01 
 1.70215321e+10  1.35080939e-01 
 1.74181941e+10  1.39013434e-01 
 1.78240998e+10  1.43075823e-01 
 1.82394645e+10  1.47294874e-01 
 1.86645086e+10  1.51694183e-01 
 1.90994578e+10  1.56292143e-01 
 1.95445429e+10  1.61090387e-01 
 2.00000000e+10  1.66035632e-01 
