 1.00000000e+08  1.55392479e-02 
 1.02330354e+08  1.54019972e-02 
 1.04715014e+08  1.52492210e-02 
 1.07155245e+08  1.50806585e-02 
 1.09652342e+08  1.48962267e-02 
 1.12207630e+08  1.46960385e-02 
 1.14822466e+08  1.44804160e-02 
 1.17498236e+08  1.42498982e-02 
 1.20236362e+08  1.40052423e-02 
 1.23038295e+08  1.37474178e-02 
 1.25905523e+08  1.34775938e-02 
 1.28839568e+08  1.31971193e-02 
 1.31841987e+08  1.29074987e-02 
 1.34914372e+08  1.26103616e-02 
 1.38058355e+08  1.23074300e-02 
 1.41275604e+08  1.20004842e-02 
 1.44567827e+08  1.16913281e-02 
 1.47936769e+08  1.13817560e-02 
 1.51384220e+08  1.10735229e-02 
 1.54912009e+08  1.07683175e-02 
 1.58522008e+08  1.04677392e-02 
 1.62216133e+08  1.01732809e-02 
 1.65996343e+08  9.88631454e-03 
 1.69864646e+08  9.60808185e-03 
 1.73823095e+08  9.33968848e-03 
 1.77873789e+08  9.08210107e-03 
 1.82018879e+08  8.83614671e-03 
 1.86260564e+08  8.60251403e-03 
 1.90601095e+08  8.38175508e-03 
 1.95042776e+08  8.17428707e-03 
 1.99587964e+08  7.98039300e-03 
 2.04239071e+08  7.80021958e-03 
 2.08998565e+08  7.63377046e-03 
 2.13868972e+08  7.48089080e-03 
 2.18852877e+08  7.34123682e-03 
 2.23952925e+08  7.21421861e-03 
 2.29171822e+08  7.09889743e-03 
 2.34512337e+08  6.99382602e-03 
 2.39977306e+08  6.89700054e-03 
 2.45569627e+08  6.80810520e-03 
 2.51292270e+08  6.76381360e-03 
 2.57148271e+08  7.44295521e-03 
 2.63140737e+08  7.69801367e-03 
 2.69272848e+08  7.29515793e-03 
 2.75547860e+08  7.21296649e-03 
 2.81969102e+08  7.33240554e-03 
 2.88539981e+08  8.05916869e-03 
 2.95263985e+08  1.39089659e-02 
 3.02144683e+08  8.95439279e-03 
 3.09185725e+08  7.68490181e-03 
 3.16390848e+08  7.60217655e-03 
 3.23763876e+08  7.50831863e-03 
 3.31308722e+08  7.60430448e-03 
 3.39029389e+08  7.80725871e-03 
 3.46929975e+08  8.19249454e-03 
 3.55014673e+08  8.94705524e-03 
 3.63287773e+08  9.39241393e-03 
 3.71753666e+08  8.42109399e-03 
 3.80416844e+08  8.04687436e-03 
 3.89281904e+08  8.07074255e-03 
 3.98353552e+08  8.27666049e-03 
 4.07636602e+08  8.45701188e-03 
 4.17135980e+08  8.36097000e-03 
 4.26856726e+08  8.70492926e-03 
 4.36804001e+08  9.23247733e-03 
 4.46983082e+08  1.05229148e-02 
 4.57399372e+08  8.84183671e-03 
 4.68058398e+08  9.64558299e-03 
 4.78965818e+08  1.03311021e-02 
 4.90127419e+08  1.16007208e-02 
 5.01549125e+08  1.46669142e-02 
 5.13236997e+08  1.33615872e-02 
 5.25197238e+08  1.24755841e-02 
 5.37436195e+08  1.34143726e-02 
 5.49960363e+08  1.60435134e-02 
 5.62776388e+08  2.24085968e-02 
 5.75891073e+08  1.23388149e-02 
 5.89311376e+08  8.21598358e-03 
 6.03044419e+08  7.77182849e-03 
 6.17097492e+08  6.88783663e-03 
 6.31478050e+08  7.67406764e-03 
 6.46193727e+08  8.47496892e-03 
 6.61252331e+08  9.15135037e-03 
 6.76661854e+08  9.82228121e-03 
 6.92430473e+08  1.05103324e-02 
 7.08566557e+08  1.12034336e-02 
 7.25078669e+08  1.21628649e-02 
 7.41975572e+08  1.33446003e-02 
 7.59266232e+08  1.48682273e-02 
 7.76959826e+08  1.69062253e-02 
 7.95065744e+08  1.96701249e-02 
 8.13593593e+08  2.31800286e-02 
 8.32553207e+08  2.63134076e-02 
 8.51954648e+08  2.61865602e-02 
 8.71808210e+08  2.25610765e-02 
 8.92124431e+08  1.86501930e-02 
 9.12914092e+08  1.59322633e-02 
 9.34188226e+08  1.43457537e-02 
 9.55958123e+08  1.35819544e-02 
 9.78235335e+08  1.34361707e-02 
 1.00103169e+09  1.38502724e-02 
 1.02435927e+09  1.49258696e-02 
 1.04823047e+09  1.69680118e-02 
 1.07265796e+09  2.01136767e-02 
 1.09765469e+09  2.37378617e-02 
 1.12323393e+09  3.00608353e-02 
 1.14940927e+09  3.56238402e-02 
 1.17619457e+09  3.59722971e-02 
 1.20360408e+09  3.21661221e-02 
 1.23165232e+09  2.80888908e-02 
 1.26035418e+09  2.51778037e-02 
 1.28972490e+09  2.33818871e-02 
 1.31978006e+09  2.22609825e-02 
 1.35053561e+09  2.13186808e-02 
 1.38200788e+09  2.02139688e-02 
 1.41421356e+09  1.88955495e-02 
 1.44716975e+09  1.75063443e-02 
 1.48089393e+09  1.61963890e-02 
 1.51540401e+09  1.50410860e-02 
 1.55071830e+09  1.40544604e-02 
 1.58685553e+09  1.32212250e-02 
 1.62383489e+09  1.25170839e-02 
 1.66167599e+09  1.19176662e-02 
 1.70039893e+09  1.14016347e-02 
 1.74002425e+09  1.09513581e-02 
 1.78057299e+09  1.05526603e-02 
 1.82206665e+09  1.01942782e-02 
 1.86452726e+09  9.86732106e-03 
 1.90797735e+09  9.56491127e-03 
 1.95243999e+09  9.28218116e-03 
 1.99793876e+09  9.01683150e-03 
 2.04449781e+09  8.77042663e-03 
 2.09214185e+09  8.55024209e-03 
 2.14089617e+09  8.37039428e-03 
 2.19078664e+09  8.24945138e-03 
 2.24183974e+09  8.20245414e-03 
 2.29408255e+09  8.23126337e-03 
 2.34754280e+09  8.32229308e-03 
 2.40224887e+09  8.45413604e-03 
 2.45822978e+09  8.60714837e-03 
 2.51551525e+09  8.76800363e-03 
 2.57413567e+09  8.92943054e-03 
 2.63412215e+09  9.08820772e-03 
 2.69550653e+09  9.24334037e-03 
 2.75832139e+09  9.39489875e-03 
 2.82260005e+09  9.54339417e-03 
 2.88837664e+09  9.68947831e-03 
 2.95568605e+09  9.83381170e-03 
 3.02456401e+09  9.97701384e-03 
 3.09504707e+09  1.01196505e-02 
 3.16717263e+09  1.02622366e-02 
 3.24097898e+09  1.04052468e-02 
 3.31650528e+09  1.05491284e-02 
 3.39379160e+09  1.06943211e-02 
 3.47287898e+09  1.08412893e-02 
 3.55380937e+09  1.09905905e-02 
 3.63662572e+09  1.11430709e-02 
 3.72137199e+09  1.13006202e-02 
 3.80809314e+09  1.14713120e-02 
 3.89683521e+09  1.24413787e-02 
 3.98764528e+09  1.17241162e-02 
 4.08057155e+09  1.19059115e-02 
 4.17566333e+09  1.20799194e-02 
 4.27297108e+09  1.22551631e-02 
 4.37254645e+09  1.24336417e-02 
 4.47444228e+09  1.26162214e-02 
 4.57871264e+09  1.28034678e-02 
 4.68541287e+09  1.29958789e-02 
 4.79459960e+09  1.31941871e-02 
 4.90633076e+09  1.33956511e-02 
 5.02066566e+09  1.36072573e-02 
 5.13766496e+09  1.38253111e-02 
 5.25739076e+09  1.40530462e-02 
 5.37990660e+09  1.43624163e-02 
 5.50527749e+09  1.45091450e-02 
 5.63356997e+09  1.47657223e-02 
 5.76485211e+09  1.50317950e-02 
 5.89919360e+09  1.53182347e-02 
 6.03666571e+09  1.54088852e-02 
 6.17734142e+09  1.58787081e-02 
 6.32129537e+09  1.62295071e-02 
 6.46860395e+09  1.66356626e-02 
 6.61934535e+09  1.76286875e-02 
 6.77359956e+09  1.75829239e-02 
 6.93144843e+09  1.78842589e-02 
 7.09297575e+09  2.71255161e-02 
 7.25826722e+09  1.60163021e-02 
 7.42741057e+09  1.84637960e-02 
 7.60049556e+09  1.92967872e-02 
 7.77761404e+09  2.28141374e-02 
 7.95886001e+09  1.30523864e-02 
 8.14432966e+09  1.73630698e-02 
 8.33412140e+09  1.82461445e-02 
 8.52833597e+09  1.87741164e-02 
 8.72707642e+09  1.92947223e-02 
 8.93044823e+09  1.98655758e-02 
 9.13855932e+09  2.03600275e-02 
 9.35152014e+09  2.08827777e-02 
 9.56944371e+09  2.13341655e-02 
 9.79244566e+09  2.18204312e-02 
 1.00206443e+10  2.23082524e-02 
 1.02541609e+10  2.28021643e-02 
 1.04931192e+10  2.33044169e-02 
 1.07376460e+10  2.38166116e-02 
 1.09878712e+10  2.43400438e-02 
 1.12439276e+10  2.48758561e-02 
 1.15059509e+10  2.54251390e-02 
 1.17740804e+10  2.59890194e-02 
 1.20484582e+10  2.65687684e-02 
 1.23292299e+10  2.71659695e-02 
 1.26165447e+10  2.77828371e-02 
 1.29105549e+10  2.84229268e-02 
 1.32114166e+10  2.90929981e-02 
 1.35192894e+10  2.98091238e-02 
 1.38343368e+10  3.06254006e-02 
 1.41567259e+10  3.19352191e-02 
 1.44866277e+10  3.01521779e-02 
 1.48242175e+10  3.19174303e-02 
 1.51696743e+10  3.28510812e-02 
 1.55231815e+10  3.37001296e-02 
 1.58849266e+10  3.45393815e-02 
 1.62551017e+10  3.53896661e-02 
 1.66339032e+10  3.62600339e-02 
 1.70215321e+10  3.71556146e-02 
 1.74181941e+10  3.80791855e-02 
 1.78240998e+10  3.90296628e-02 
 1.82394645e+10  3.99954569e-02 
 1.86645086e+10  4.09357918e-02 
 1.90994578e+10  4.17475885e-02 
 1.95445429e+10  4.23054100e-02 
 2.00000000e+10  4.27561571e-02 
