 1.00000000e+08  1.52795313e-02 
 1.02330354e+08  1.51429201e-02 
 1.04715014e+08  1.49909416e-02 
 1.07155245e+08  1.48233296e-02 
 1.09652342e+08  1.46399923e-02 
 1.12207630e+08  1.44410298e-02 
 1.14822466e+08  1.42267469e-02 
 1.17498236e+08  1.39976607e-02 
 1.20236362e+08  1.37545014e-02 
 1.23038295e+08  1.34982064e-02 
 1.25905523e+08  1.32299078e-02 
 1.28839568e+08  1.29509129e-02 
 1.31841987e+08  1.26626795e-02 
 1.34914372e+08  1.23667865e-02 
 1.38058355e+08  1.20649018e-02 
 1.41275604e+08  1.17587481e-02 
 1.44567827e+08  1.14500695e-02 
 1.47936769e+08  1.11405993e-02 
 1.51384220e+08  1.08320306e-02 
 1.54912009e+08  1.05259903e-02 
 1.58522008e+08  1.02240183e-02 
 1.62216133e+08  9.92755060e-03 
 1.65996343e+08  9.63790678e-03 
 1.69864646e+08  9.35628292e-03 
 1.73823095e+08  9.08374789e-03 
 1.77873789e+08  8.82124355e-03 
 1.82018879e+08  8.56958834e-03 
 1.86260564e+08  8.32948381e-03 
 1.90601095e+08  8.10152442e-03 
 1.95042776e+08  7.88621095e-03 
 1.99587964e+08  7.68396934e-03 
 2.04239071e+08  7.49517863e-03 
 2.08998565e+08  7.32021616e-03 
 2.13868972e+08  7.15953803e-03 
 2.18852877e+08  7.01383767e-03 
 2.23952925e+08  6.88439213e-03 
 2.29171822e+08  6.77390985e-03 
 2.34512337e+08  6.68891077e-03 
 2.39977306e+08  6.64772057e-03 
 2.45569627e+08  6.71497978e-03 
 2.51292270e+08  7.21414121e-03 
 2.57148271e+08  9.89938718e-03 
 2.63140737e+08  8.41070761e-03 
 2.69272848e+08  7.01181185e-03 
 2.75547860e+08  6.66507083e-03 
 2.81969102e+08  6.63715643e-03 
 2.88539981e+08  7.17280380e-03 
 2.95263985e+08  1.26234390e-02 
 3.02144683e+08  8.40702527e-03 
 3.09185725e+08  7.13933584e-03 
 3.16390848e+08  7.11412628e-03 
 3.23763876e+08  6.86934527e-03 
 3.31308722e+08  6.93551425e-03 
 3.39029389e+08  7.12219378e-03 
 3.46929975e+08  7.50894254e-03 
 3.55014673e+08  8.30053831e-03 
 3.63287773e+08  8.79799248e-03 
 3.71753666e+08  7.78014185e-03 
 3.80416844e+08  7.39188270e-03 
 3.89281904e+08  7.51204166e-03 
 3.98353552e+08  8.16268131e-03 
 4.07636602e+08  1.00237639e-02 
 4.17135980e+08  7.77312291e-03 
 4.26856726e+08  7.90339825e-03 
 4.36804001e+08  8.50787977e-03 
 4.46983082e+08  1.00666741e-02 
 4.57399372e+08  1.24804649e-02 
 4.68058398e+08  1.75661016e-02 
 4.78965818e+08  1.12669681e-02 
 4.90127419e+08  7.67616526e-03 
 5.01549125e+08  8.09180788e-03 
 5.13236997e+08  6.91257969e-03 
 5.25197238e+08  6.89568279e-03 
 5.37436195e+08  6.33060802e-03 
 5.49960363e+08  6.90062982e-03 
 5.62776388e+08  7.16225875e-03 
 5.75891073e+08  7.58223589e-03 
 5.89311376e+08  7.85005757e-03 
 6.03044419e+08  7.54109626e-03 
 6.17097492e+08  7.93789102e-03 
 6.31478050e+08  8.16428251e-03 
 6.46193727e+08  8.57184821e-03 
 6.61252331e+08  8.53947613e-03 
 6.76661854e+08  9.13258037e-03 
 6.92430473e+08  9.11748084e-03 
 7.08566557e+08  9.60796009e-03 
 7.25078669e+08  9.99414975e-03 
 7.41975572e+08  1.04747203e-02 
 7.59266232e+08  1.10905494e-02 
 7.76959826e+08  1.19075573e-02 
 7.95065744e+08  1.30074333e-02 
 8.13593593e+08  1.43796107e-02 
 8.32553207e+08  1.54926950e-02 
 8.51954648e+08  1.51067629e-02 
 8.71808210e+08  1.33663570e-02 
 8.92124431e+08  1.17944283e-02 
 9.12914092e+08  1.08757918e-02 
 9.34188226e+08  1.04308412e-02 
 9.55958123e+08  1.02560098e-02 
 9.78235335e+08  1.02322842e-02 
 1.00103169e+09  1.03023460e-02 
 1.02435927e+09  1.04499473e-02 
 1.04823047e+09  1.07062439e-02 
 1.07265796e+09  1.11238405e-02 
 1.09765469e+09  1.11780266e-02 
 1.12323393e+09  1.14393524e-02 
 1.14940927e+09  1.19549901e-02 
 1.17619457e+09  1.22679122e-02 
 1.20360408e+09  1.23702406e-02 
 1.23165232e+09  1.24642986e-02 
 1.26035418e+09  1.26141723e-02 
 1.28972490e+09  1.28070703e-02 
 1.31978006e+09  1.30185435e-02 
 1.35053561e+09  1.32285646e-02 
 1.38200788e+09  1.34295668e-02 
 1.41421356e+09  1.36275129e-02 
 1.44716975e+09  1.38320302e-02 
 1.48089393e+09  1.40480976e-02 
 1.51540401e+09  1.42761365e-02 
 1.55071830e+09  1.45148755e-02 
 1.58685553e+09  1.47628644e-02 
 1.62383489e+09  1.50188185e-02 
 1.66167599e+09  1.52816782e-02 
 1.70039893e+09  1.55506713e-02 
 1.74002425e+09  1.58253680e-02 
 1.78057299e+09  1.61056803e-02 
 1.82206665e+09  1.63917957e-02 
 1.86452726e+09  1.66840664e-02 
 1.90797735e+09  1.69828893e-02 
 1.95243999e+09  1.72886051e-02 
 1.99793876e+09  1.76014306e-02 
 2.04449781e+09  1.79214261e-02 
 2.09214185e+09  1.82485055e-02 
 2.14089617e+09  1.85825147e-02 
 2.19078664e+09  1.89234112e-02 
 2.24183974e+09  1.92715382e-02 
 2.29408255e+09  1.96278441e-02 
 2.34754280e+09  1.99937951e-02 
 2.40224887e+09  2.03709069e-02 
 2.45822978e+09  2.07602214e-02 
 2.51551525e+09  2.11621261e-02 
 2.57413567e+09  2.15765400e-02 
 2.63412215e+09  2.20032073e-02 
 2.69550653e+09  2.24419035e-02 
 2.75832139e+09  2.28925211e-02 
 2.82260005e+09  2.33550803e-02 
 2.88837664e+09  2.38297101e-02 
 2.95568605e+09  2.43166229e-02 
 3.02456401e+09  2.48160943e-02 
 3.09504707e+09  2.53284488e-02 
 3.16717263e+09  2.58540534e-02 
 3.24097898e+09  2.63933164e-02 
 3.31650528e+09  2.69466961e-02 
 3.39379160e+09  2.75147228e-02 
 3.47287898e+09  2.80980507e-02 
 3.55380937e+09  2.86975914e-02 
 3.63662572e+09  2.93149089e-02 
 3.72137199e+09  2.99537791e-02 
 3.80809314e+09  3.06307784e-02 
 3.89683521e+09  3.27292193e-02 
 3.98764528e+09  3.18322736e-02 
 4.08057155e+09  3.25655293e-02 
 4.17566333e+09  3.32929877e-02 
 4.27297108e+09  3.40338800e-02 
 4.37254645e+09  3.47925524e-02 
 4.47444228e+09  3.55710240e-02 
 4.57871264e+09  3.63708013e-02 
 4.68541287e+09  3.71936044e-02 
 4.79459960e+09  3.80442782e-02 
 4.90633076e+09  3.88832822e-02 
 5.02066566e+09  3.97944237e-02 
 5.13766496e+09  4.07204189e-02 
 5.25739076e+09  4.16755322e-02 
 5.37990660e+09  4.26640490e-02 
 5.50527749e+09  4.36900063e-02 
 5.63356997e+09  4.47623630e-02 
 5.76485211e+09  4.58989712e-02 
 5.89919360e+09  4.71771754e-02 
 6.03666571e+09  4.59443238e-02 
 6.17734142e+09  4.92256258e-02 
 6.32129537e+09  5.07460412e-02 
 6.46860395e+09  5.24377957e-02 
 6.61934535e+09  5.54406900e-02 
 6.77359956e+09  5.75581618e-02 
 6.93144843e+09  5.38622803e-02 
 7.09297575e+09  5.48069769e-02 
 7.25826722e+09  5.52474339e-02 
 7.42741057e+09  5.84182942e-02 
 7.60049556e+09  5.76189900e-02 
 7.77761404e+09  6.00561983e-02 
 7.95886001e+09  5.79995026e-02 
 8.14432966e+09  6.88674639e-02 
 8.33412140e+09  6.68482763e-02 
 8.52833597e+09  7.26781042e-02 
 8.72707642e+09  5.33148659e-02 
 8.93044823e+09  6.35639469e-02 
 9.13855932e+09  6.67061930e-02 
 9.35152014e+09  6.93601601e-02 
 9.56944371e+09  7.15540297e-02 
 9.79244566e+09  7.36660445e-02 
 1.00206443e+10  7.57373162e-02 
 1.02541609e+10  7.78049611e-02 
 1.04931192e+10  7.98900272e-02 
 1.07376460e+10  8.20063227e-02 
 1.09878712e+10  8.41640776e-02 
 1.12439276e+10  8.63718096e-02 
 1.15059509e+10  8.86374831e-02 
 1.17740804e+10  9.09694532e-02 
 1.20484582e+10  9.33775402e-02 
 1.23292299e+10  9.58746745e-02 
 1.26165447e+10  9.84800048e-02 
 1.29105549e+10  1.01225801e-01 
 1.32114166e+10  1.04175547e-01 
 1.35192894e+10  1.07482973e-01 
 1.38343368e+10  1.11666808e-01 
 1.41567259e+10  1.20411911e-01 
 1.44866277e+10  9.79973748e-02 
 1.48242175e+10  1.12166109e-01 
 1.51696743e+10  1.17172661e-01 
 1.55231815e+10  1.21186719e-01 
 1.58849266e+10  1.24975159e-01 
 1.62551017e+10  1.28743311e-01 
 1.66339032e+10  1.32573521e-01 
 1.70215321e+10  1.36504366e-01 
 1.74181941e+10  1.40544148e-01 
 1.78240998e+10  1.44651735e-01 
 1.82394645e+10  1.48665558e-01 
 1.86645086e+10  1.52123137e-01 
 1.90994578e+10  1.53995817e-01 
 1.95445429e+10  1.53284190e-01 
 2.00000000e+10  1.51971538e-01 
