 1.00000000e+08  1.98839029e-02 
 1.02330354e+08  2.00393706e-02 
 1.04715014e+08  2.02003286e-02 
 1.07155245e+08  2.03669524e-02 
 1.09652342e+08  2.05394241e-02 
 1.12207630e+08  2.07179326e-02 
 1.14822466e+08  2.09026743e-02 
 1.17498236e+08  2.10938537e-02 
 1.20236362e+08  2.12916838e-02 
 1.23038295e+08  2.14963869e-02 
 1.25905523e+08  2.17081951e-02 
 1.28839568e+08  2.19273511e-02 
 1.31841987e+08  2.21541091e-02 
 1.34914372e+08  2.23887353e-02 
 1.38058355e+08  2.26315092e-02 
 1.41275604e+08  2.28827242e-02 
 1.44567827e+08  2.31426888e-02 
 1.47936769e+08  2.34117275e-02 
 1.51384220e+08  2.36901821e-02 
 1.54912009e+08  2.39784130e-02 
 1.58522008e+08  2.42768000e-02 
 1.62216133e+08  2.45857442e-02 
 1.65996343e+08  2.49056692e-02 
 1.69864646e+08  2.52370226e-02 
 1.73823095e+08  2.55802778e-02 
 1.77873789e+08  2.59359355e-02 
 1.82018879e+08  2.63045258e-02 
 1.86260564e+08  2.66866097e-02 
 1.90601095e+08  2.70827815e-02 
 1.95042776e+08  2.74936706e-02 
 1.99587964e+08  2.79199441e-02 
 2.04239071e+08  2.83623085e-02 
 2.08998565e+08  2.88215126e-02 
 2.13868972e+08  2.92983496e-02 
 2.18852877e+08  2.97936593e-02 
 2.23952925e+08  3.03083309e-02 
 2.29171822e+08  3.08433051e-02 
 2.34512337e+08  3.13995758e-02 
 2.39977306e+08  3.19781926e-02 
 2.45569627e+08  3.25802615e-02 
 2.51292270e+08  3.32069460e-02 
 2.57148271e+08  3.38594665e-02 
 2.63140737e+08  3.45390993e-02 
 2.69272848e+08  3.52471731e-02 
 2.75547860e+08  3.59850637e-02 
 2.81969102e+08  3.67541851e-02 
 2.88539981e+08  3.75559776e-02 
 2.95263985e+08  3.83918890e-02 
 3.02144683e+08  3.92633506e-02 
 3.09185725e+08  4.01717423e-02 
 3.16390848e+08  4.11183477e-02 
 3.23763876e+08  4.21042926e-02 
 3.31308722e+08  4.31304651e-02 
 3.39029389e+08  4.41974107e-02 
 3.46929975e+08  4.53051964e-02 
 3.55014673e+08  4.64532369e-02 
 3.63287773e+08  4.76400730e-02 
 3.71753666e+08  4.88630940e-02 
 3.80416844e+08  5.01181946e-02 
 3.89281904e+08  5.13993573e-02 
 3.98353552e+08  5.26981585e-02 
 4.07636602e+08  5.40032016e-02 
 4.17135980e+08  5.52994976e-02 
 4.26856726e+08  5.65678340e-02 
 4.36804001e+08  5.77842080e-02 
 4.46983082e+08  5.89194409e-02 
 4.57399372e+08  5.99391379e-02 
 4.68058398e+08  6.08041994e-02 
 4.78965818e+08  6.14720991e-02 
 4.90127419e+08  6.18991017e-02 
 5.01549125e+08  6.20434576e-02 
 5.13236997e+08  6.18693872e-02 
 5.25197238e+08  6.13513764e-02 
 5.37436195e+08  6.04780488e-02 
 5.49960363e+08  5.92547781e-02 
 5.62776388e+08  5.77043645e-02 
 5.75891073e+08  5.58655087e-02 
 5.89311376e+08  5.37893644e-02 
 6.03044419e+08  5.15348969e-02 
 6.17097492e+08  4.91639836e-02 
 6.31478050e+08  4.67370915e-02 
 6.46193727e+08  4.43100655e-02 
 6.61252331e+08  4.19322001e-02 
 6.76661854e+08  3.96454732e-02 
 6.92430473e+08  3.74846512e-02 
 7.08566557e+08  3.54779210e-02 
 7.25078669e+08  3.36477395e-02 
 7.41975572e+08  3.20116564e-02 
 7.59266232e+08  3.05829585e-02 
 7.76959826e+08  2.93710620e-02 
 7.95065744e+08  2.83816674e-02 
 8.13593593e+08  2.76167540e-02 
 8.32553207e+08  2.70745454e-02 
 8.51954648e+08  2.67495871e-02 
 8.71808210e+08  2.66330447e-02 
 8.92124431e+08  2.67132624e-02 
 9.12914092e+08  2.69765398e-02 
 9.34188226e+08  2.74080207e-02 
 9.55958123e+08  2.79925684e-02 
 9.78235335e+08  2.87155228e-02 
 1.00103169e+09  2.95632767e-02 
 1.02435927e+09  3.05236570e-02 
 1.04823047e+09  3.15861303e-02 
 1.07265796e+09  3.27418703e-02 
 1.09765469e+09  3.39837300e-02 
 1.12323393e+09  3.53061558e-02 
 1.14940927e+09  3.67050739e-02 
 1.17619457e+09  3.81777697e-02 
 1.20360408e+09  3.97227742e-02 
 1.23165232e+09  4.13397669e-02 
 1.26035418e+09  4.30294975e-02 
 1.28972490e+09  4.47937310e-02 
 1.31978006e+09  4.66352147e-02 
 1.35053561e+09  4.85576695e-02 
 1.38200788e+09  5.05658020e-02 
 1.41421356e+09  5.26653391e-02 
 1.44716975e+09  5.48630834e-02 
 1.48089393e+09  5.71669864e-02 
 1.51540401e+09  5.95862387e-02 
 1.55071830e+09  6.21313684e-02 
 1.58685553e+09  6.48143397e-02 
 1.62383489e+09  6.76486306e-02 
 1.66167599e+09  7.06492560e-02 
 1.70039893e+09  7.38326770e-02 
 1.74002425e+09  7.72164917e-02 
 1.78057299e+09  8.08187299e-02 
 1.82206665e+09  8.46564470e-02 
 1.86452726e+09  8.87430994e-02 
 1.90797735e+09  9.30838355e-02 
 1.95243999e+09  9.76672873e-02 
 1.99793876e+09  1.02451652e-01 
 2.04449781e+09  1.07341913e-01 
 2.09214185e+09  1.12154613e-01 
 2.14089617e+09  1.16568642e-01 
 2.19078664e+09  1.20069886e-01 
 2.24183974e+09  1.21921262e-01 
 2.29408255e+09  1.21226754e-01 
 2.34754280e+09  1.17169629e-01 
 2.40224887e+09  1.09404338e-01 
 2.45822978e+09  9.83659141e-02 
 2.51551525e+09  8.52003608e-02 
 2.57413567e+09  7.13424073e-02 
 2.63412215e+09  5.81100795e-02 
 2.69550653e+09  4.66113082e-02 
 2.75832139e+09  3.79626170e-02 
 2.82260005e+09  3.35168732e-02 
 2.88837664e+09  3.43825699e-02 
 2.95568605e+09  4.05379676e-02 
 3.02456401e+09  5.18440129e-02 
 3.09504707e+09  7.11288334e-02 
 3.16717263e+09  1.17482794e-01 
 3.24097898e+09  1.34750138e-01 
 3.31650528e+09  4.75655926e-02 
 3.39379160e+09  1.03600325e-01 
 3.47287898e+09  1.00607905e-01 
 3.55380937e+09  6.79698498e-02 
 3.63662572e+09  5.82145883e-02 
 3.72137199e+09  3.79361080e-02 
 3.80809314e+09  4.74798502e-02 
 3.89683521e+09  5.30834720e-02 
 3.98764528e+09  5.85385790e-02 
 4.08057155e+09  6.40372440e-02 
 4.17566333e+09  6.96774817e-02 
 4.27297108e+09  7.38839094e-02 
 4.37254645e+09  8.08584817e-02 
 4.47444228e+09  8.72658305e-02 
 4.57871264e+09  9.44486994e-02 
 4.68541287e+09  1.03522153e-01 
 4.79459960e+09  1.14476131e-01 
 4.90633076e+09  1.25460267e-01 
 5.02066566e+09  1.78143636e-01 
 5.13766496e+09  1.12041793e-01 
 5.25739076e+09  1.15824464e-01 
 5.37990660e+09  1.06770171e-01 
 5.50527749e+09  1.23709399e-01 
 5.63356997e+09  1.59269208e-01 
 5.76485211e+09  1.23409034e-01 
 5.89919360e+09  1.41117721e-01 
 6.03666571e+09  1.34161869e-01 
 6.17734142e+09  1.01822399e-01 
 6.32129537e+09  1.58165947e-01 
 6.46860395e+09  1.90822113e-01 
 6.61934535e+09  2.14992990e-01 
 6.77359956e+09  1.53381855e-01 
 6.93144843e+09  2.05685463e-01 
 7.09297575e+09  3.14372366e-01 
 7.25826722e+09  8.57257539e-01 
 7.42741057e+09  1.30723973e-01 
 7.60049556e+09  5.84478098e-02 
 7.77761404e+09  1.18182819e-01 
 7.95886001e+09  1.65295794e-01 
 8.14432966e+09  7.78150524e-02 
 8.33412140e+09  1.55833763e-01 
 8.52833597e+09  3.42482854e-01 
 8.72707642e+09  5.79144741e-02 
 8.93044823e+09  6.61211723e-02 
 9.13855932e+09  7.41629533e-02 
 9.35152014e+09  2.09169331e-01 
 9.56944371e+09  1.33227848e-01 
 9.79244566e+09  1.41735811e-01 
 1.00206443e+10  1.56504960e-01 
 1.02541609e+10  1.68626309e-01 
 1.04931192e+10  1.79437763e-01 
 1.07376460e+10  1.89876791e-01 
 1.09878712e+10  2.00337939e-01 
 1.12439276e+10  2.11142363e-01 
 1.15059509e+10  2.22654111e-01 
 1.17740804e+10  2.35391655e-01 
 1.20484582e+10  2.50230810e-01 
 1.23292299e+10  2.68890911e-01 
 1.26165447e+10  2.95314585e-01 
 1.29105549e+10  3.39513992e-01 
 1.32114166e+10  3.80885733e-01 
 1.35192894e+10  1.64975985e-01 
 1.38343368e+10  1.86442973e-01 
 1.41567259e+10  2.26700670e-01 
 1.44866277e+10  2.64358594e-01 
 1.48242175e+10  3.21120608e-01 
 1.51696743e+10  6.83206493e-01 
 1.55231815e+10  1.88636769e-01 
 1.58849266e+10  2.41553541e-01 
 1.62551017e+10  2.65724700e-01 
 1.66339032e+10  2.83062677e-01 
 1.70215321e+10  2.97702515e-01 
 1.74181941e+10  3.11040513e-01 
 1.78240998e+10  3.23699122e-01 
 1.82394645e+10  3.36007665e-01 
 1.86645086e+10  3.48162616e-01 
 1.90994578e+10  3.60292482e-01 
 1.95445429e+10  3.72487874e-01 
 2.00000000e+10  3.84816910e-01 
