 1.00000000e+08  2.16777681e-02 
 1.02330354e+08  2.16286123e-02 
 1.04715014e+08  2.15615710e-02 
 1.07155245e+08  2.14751234e-02 
 1.09652342e+08  2.13678466e-02 
 1.12207630e+08  2.12384670e-02 
 1.14822466e+08  2.10859166e-02 
 1.17498236e+08  2.09093899e-02 
 1.20236362e+08  2.07083985e-02 
 1.23038295e+08  2.04828202e-02 
 1.25905523e+08  2.02329386e-02 
 1.28839568e+08  1.99594701e-02 
 1.31841987e+08  1.96635738e-02 
 1.34914372e+08  1.93468449e-02 
 1.38058355e+08  1.90112883e-02 
 1.41275604e+08  1.86592749e-02 
 1.44567827e+08  1.82934818e-02 
 1.47936769e+08  1.79168207e-02 
 1.51384220e+08  1.75323585e-02 
 1.54912009e+08  1.71432341e-02 
 1.58522008e+08  1.67525776e-02 
 1.62216133e+08  1.63634347e-02 
 1.65996343e+08  1.59787001e-02 
 1.69864646e+08  1.56010623e-02 
 1.73823095e+08  1.52329610e-02 
 1.77873789e+08  1.48765570e-02 
 1.82018879e+08  1.45337145e-02 
 1.86260564e+08  1.42059944e-02 
 1.90601095e+08  1.38946571e-02 
 1.95042776e+08  1.36006736e-02 
 1.99587964e+08  1.33247422e-02 
 2.04239071e+08  1.30673107e-02 
 2.08998565e+08  1.28286012e-02 
 2.13868972e+08  1.26086376e-02 
 2.18852877e+08  1.24072751e-02 
 2.23952925e+08  1.22242302e-02 
 2.29171822e+08  1.20591130e-02 
 2.34512337e+08  1.19114626e-02 
 2.39977306e+08  1.17807890e-02 
 2.45569627e+08  1.16666275e-02 
 2.51292270e+08  1.15686242e-02 
 2.57148271e+08  1.14866848e-02 
 2.63140737e+08  1.14212820e-02 
 2.69272848e+08  1.13741726e-02 
 2.75547860e+08  1.13503405e-02 
 2.81969102e+08  1.13642888e-02 
 2.88539981e+08  1.14662948e-02 
 2.95263985e+08  1.19065766e-02 
 3.02144683e+08  1.52232684e-02 
 3.09185725e+08  1.66778908e-02 
 3.16390848e+08  1.24463500e-02 
 3.23763876e+08  1.18491412e-02 
 3.31308722e+08  1.17501077e-02 
 3.39029389e+08  1.19198720e-02 
 3.46929975e+08  1.30678950e-02 
 3.55014673e+08  1.95099040e-02 
 3.63287773e+08  1.27525375e-02 
 3.71753666e+08  1.20620759e-02 
 3.80416844e+08  1.19756186e-02 
 3.89281904e+08  1.20397530e-02 
 3.98353552e+08  1.22228116e-02 
 4.07636602e+08  1.28104963e-02 
 4.17135980e+08  1.38738111e-02 
 4.26856726e+08  1.24535145e-02 
 4.36804001e+08  1.53792402e-02 
 4.46983082e+08  1.22015809e-02 
 4.57399372e+08  1.22898735e-02 
 4.68058398e+08  1.25060177e-02 
 4.78965818e+08  1.28119678e-02 
 4.90127419e+08  1.34958723e-02 
 5.01549125e+08  1.41924357e-02 
 5.13236997e+08  1.34739385e-02 
 5.25197238e+08  1.42868345e-02 
 5.37436195e+08  1.64969020e-02 
 5.49960363e+08  1.62114604e-02 
 5.62776388e+08  2.10142348e-02 
 5.75891073e+08  1.62237066e-02 
 5.89311376e+08  1.50496195e-02 
 6.03044419e+08  2.07925579e-02 
 6.17097492e+08  1.13459395e-02 
 6.31478050e+08  1.40991994e-02 
 6.46193727e+08  1.15503838e-02 
 6.61252331e+08  1.20308864e-02 
 6.76661854e+08  1.22453386e-02 
 6.92430473e+08  1.26182510e-02 
 7.08566557e+08  1.37333751e-02 
 7.25078669e+08  1.66942142e-02 
 7.41975572e+08  1.51317917e-02 
 7.59266232e+08  1.35206525e-02 
 7.76959826e+08  1.37347062e-02 
 7.95065744e+08  1.44723039e-02 
 8.13593593e+08  1.51001628e-02 
 8.32553207e+08  1.60042290e-02 
 8.51954648e+08  2.00329211e-02 
 8.71808210e+08  1.66202868e-02 
 8.92124431e+08  1.60616650e-02 
 9.12914092e+08  1.54701212e-02 
 9.34188226e+08  1.67315269e-02 
 9.55958123e+08  1.67137824e-02 
 9.78235335e+08  1.78879547e-02 
 1.00103169e+09  1.71344911e-02 
 1.02435927e+09  1.71391839e-02 
 1.04823047e+09  1.74002694e-02 
 1.07265796e+09  1.64875675e-02 
 1.09765469e+09  1.82400186e-02 
 1.12323393e+09  1.89279866e-02 
 1.14940927e+09  1.91636486e-02 
 1.17619457e+09  1.86576247e-02 
 1.20360408e+09  2.13017608e-02 
 1.23165232e+09  2.00841894e-02 
 1.26035418e+09  1.44473654e-02 
 1.28972490e+09  1.78460502e-02 
 1.31978006e+09  2.11872801e-02 
 1.35053561e+09  1.88236733e-02 
 1.38200788e+09  1.65594823e-02 
 1.41421356e+09  1.75589201e-02 
 1.44716975e+09  1.84685065e-02 
 1.48089393e+09  1.94409953e-02 
 1.51540401e+09  2.07499690e-02 
 1.55071830e+09  2.16807145e-02 
 1.58685553e+09  2.38225098e-02 
 1.62383489e+09  2.56446184e-02 
 1.66167599e+09  2.10324250e-02 
 1.70039893e+09  2.14393896e-02 
 1.74002425e+09  2.22172171e-02 
 1.78057299e+09  2.47440627e-02 
 1.82206665e+09  2.89903597e-02 
 1.86452726e+09  3.26381008e-02 
 1.90797735e+09  1.82075550e-02 
 1.95243999e+09  2.07598594e-02 
 1.99793876e+09  2.19190336e-02 
 2.04449781e+09  2.39555194e-02 
 2.09214185e+09  2.56158572e-02 
 2.14089617e+09  2.70279249e-02 
 2.19078664e+09  2.82996186e-02 
 2.24183974e+09  2.94774405e-02 
 2.29408255e+09  3.05795449e-02 
 2.34754280e+09  3.15527810e-02 
 2.40224887e+09  3.12071991e-02 
 2.45822978e+09  2.91621518e-02 
 2.51551525e+09  3.20990411e-02 
 2.57413567e+09  3.33830982e-02 
 2.63412215e+09  3.42359380e-02 
 2.69550653e+09  3.49151894e-02 
 2.75832139e+09  3.54961805e-02 
 2.82260005e+09  3.60105447e-02 
 2.88837664e+09  3.64750241e-02 
 2.95568605e+09  3.68996664e-02 
 3.02456401e+09  3.72907887e-02 
 3.09504707e+09  3.76523188e-02 
 3.16717263e+09  3.79865547e-02 
 3.24097898e+09  3.82946784e-02 
 3.31650528e+09  3.85771425e-02 
 3.39379160e+09  3.88339721e-02 
 3.47287898e+09  3.90650001e-02 
 3.55380937e+09  3.92700437e-02 
 3.63662572e+09  3.94490318e-02 
 3.72137199e+09  3.96020865e-02 
 3.80809314e+09  3.97295695e-02 
 3.89683521e+09  3.98320979e-02 
 3.98764528e+09  3.99105376e-02 
 4.08057155e+09  3.99659800e-02 
 4.17566333e+09  3.99997078e-02 
 4.27297108e+09  4.00131556e-02 
 4.37254645e+09  4.00078673e-02 
 4.47444228e+09  3.99854554e-02 
 4.57871264e+09  3.99475629e-02 
 4.68541287e+09  3.98958291e-02 
 4.79459960e+09  3.98318617e-02 
 4.90633076e+09  3.97572129e-02 
 5.02066566e+09  3.96733614e-02 
 5.13766496e+09  3.95816995e-02 
 5.25739076e+09  3.94835237e-02 
 5.37990660e+09  3.93800298e-02 
 5.50527749e+09  3.92723103e-02 
 5.63356997e+09  3.91613555e-02 
 5.76485211e+09  3.90480547e-02 
 5.89919360e+09  3.89332009e-02 
 6.03666571e+09  3.88174945e-02 
 6.17734142e+09  3.87015488e-02 
 6.32129537e+09  3.85858951e-02 
 6.46860395e+09  3.84709878e-02 
 6.61934535e+09  3.83572079e-02 
 6.77359956e+09  3.82448664e-02 
 6.93144843e+09  3.81342041e-02 
 7.09297575e+09  3.80253861e-02 
 7.25826722e+09  3.79184873e-02 
 7.42741057e+09  3.78134546e-02 
 7.60049556e+09  3.77100135e-02 
 7.77761404e+09  3.76074094e-02 
 7.95886001e+09  3.75035448e-02 
 8.14432966e+09  3.73909342e-02 
 8.33412140e+09  3.72178343e-02 
 8.52833597e+09  3.43516200e-02 
 8.72707642e+09  3.72349417e-02 
 8.93044823e+09  3.71343288e-02 
 9.13855932e+09  3.70484083e-02 
 9.35152014e+09  3.69686135e-02 
 9.56944371e+09  3.68931430e-02 
 9.79244566e+09  3.68212184e-02 
 1.00206443e+10  3.67524268e-02 
 1.02541609e+10  3.66865116e-02 
 1.04931192e+10  3.66232906e-02 
 1.07376460e+10  3.65626204e-02 
 1.09878712e+10  3.65043775e-02 
 1.12439276e+10  3.64484493e-02 
 1.15059509e+10  3.63947267e-02 
 1.17740804e+10  3.63430990e-02 
 1.20484582e+10  3.62934469e-02 
 1.23292299e+10  3.62456308e-02 
 1.26165447e+10  3.61994694e-02 
 1.29105549e+10  3.61546870e-02 
 1.32114166e+10  3.61107719e-02 
 1.35192894e+10  3.60664834e-02 
 1.38343368e+10  3.60173343e-02 
 1.41567259e+10  3.59240626e-02 
 1.44866277e+10  3.59401430e-02 
 1.48242175e+10  3.59578120e-02 
 1.51696743e+10  3.59200261e-02 
 1.55231815e+10  3.58861950e-02 
 1.58849266e+10  3.58549501e-02 
 1.62551017e+10  3.58256142e-02 
 1.66339032e+10  3.57978544e-02 
 1.70215321e+10  3.57714791e-02 
 1.74181941e+10  3.57463618e-02 
 1.78240998e+10  3.57224090e-02 
 1.82394645e+10  3.56995466e-02 
 1.86645086e+10  3.56777117e-02 
 1.90994578e+10  3.56568494e-02 
 1.95445429e+10  3.56369101e-02 
 2.00000000e+10  3.56178485e-02 
