 1.00000000e+08  2.48861681e-02 
 1.02330354e+08  2.50304019e-02 
 1.04715014e+08  2.51780675e-02 
 1.07155245e+08  2.53293973e-02 
 1.09652342e+08  2.54846340e-02 
 1.12207630e+08  2.56440305e-02 
 1.14822466e+08  2.58078509e-02 
 1.17498236e+08  2.59763701e-02 
 1.20236362e+08  2.61498749e-02 
 1.23038295e+08  2.63286645e-02 
 1.25905523e+08  2.65130506e-02 
 1.28839568e+08  2.67033583e-02 
 1.31841987e+08  2.68999267e-02 
 1.34914372e+08  2.71031097e-02 
 1.38058355e+08  2.73132765e-02 
 1.41275604e+08  2.75308126e-02 
 1.44567827e+08  2.77561208e-02 
 1.47936769e+08  2.79896219e-02 
 1.51384220e+08  2.82317559e-02 
 1.54912009e+08  2.84829829e-02 
 1.58522008e+08  2.87437847e-02 
 1.62216133e+08  2.90146656e-02 
 1.65996343e+08  2.92961541e-02 
 1.69864646e+08  2.95888045e-02 
 1.73823095e+08  2.98931979e-02 
 1.77873789e+08  3.02099447e-02 
 1.82018879e+08  3.05396859e-02 
 1.86260564e+08  3.08830952e-02 
 1.90601095e+08  3.12408811e-02 
 1.95042776e+08  3.16137894e-02 
 1.99587964e+08  3.20026049e-02 
 2.04239071e+08  3.24081546e-02 
 2.08998565e+08  3.28313099e-02 
 2.13868972e+08  3.32729894e-02 
 2.18852877e+08  3.37341617e-02 
 2.23952925e+08  3.42158482e-02 
 2.29171822e+08  3.47191261e-02 
 2.34512337e+08  3.52451308e-02 
 2.39977306e+08  3.57950586e-02 
 2.45569627e+08  3.63701688e-02 
 2.51292270e+08  3.69717854e-02 
 2.57148271e+08  3.76012978e-02 
 2.63140737e+08  3.82601609e-02 
 2.69272848e+08  3.89498927e-02 
 2.75547860e+08  3.96720702e-02 
 2.81969102e+08  4.04283230e-02 
 2.88539981e+08  4.12203216e-02 
 2.95263985e+08  4.20497611e-02 
 3.02144683e+08  4.29183381e-02 
 3.09185725e+08  4.38277182e-02 
 3.16390848e+08  4.47794907e-02 
 3.23763876e+08  4.57751087e-02 
 3.31308722e+08  4.68158088e-02 
 3.39029389e+08  4.79025041e-02 
 3.46929975e+08  4.90356454e-02 
 3.55014673e+08  5.02150407e-02 
 3.63287773e+08  5.14396242e-02 
 3.71753666e+08  5.27071633e-02 
 3.80416844e+08  5.40138931e-02 
 3.89281904e+08  5.53540684e-02 
 3.98353552e+08  5.67194271e-02 
 4.07636602e+08  5.80985680e-02 
 4.17135980e+08  5.94762608e-02 
 4.26856726e+08  6.08327305e-02 
 4.36804001e+08  6.21429953e-02 
 4.46983082e+08  6.33763846e-02 
 4.57399372e+08  6.44964176e-02 
 4.68058398e+08  6.54612746e-02 
 4.78965818e+08  6.62251104e-02 
 4.90127419e+08  6.67404156e-02 
 5.01549125e+08  6.69614893e-02 
 5.13236997e+08  6.68488292e-02 
 5.25197238e+08  6.63739152e-02 
 5.37436195e+08  6.55235577e-02 
 5.49960363e+08  6.43028582e-02 
 5.62776388e+08  6.27359972e-02 
 5.75891073e+08  6.08645448e-02 
 5.89311376e+08  5.87436030e-02 
 6.03044419e+08  5.64366151e-02 
 6.17097492e+08  5.40098997e-02 
 6.31478050e+08  5.15278514e-02 
 6.46193727e+08  4.90493945e-02 
 6.61252331e+08  4.66258706e-02 
 6.76661854e+08  4.43002096e-02 
 6.92430473e+08  4.21070596e-02 
 7.08566557e+08  4.00735019e-02 
 7.25078669e+08  3.82200243e-02 
 7.41975572e+08  3.65615152e-02 
 7.59266232e+08  3.51081306e-02 
 7.76959826e+08  3.38659730e-02 
 7.95065744e+08  3.28375862e-02 
 8.13593593e+08  3.20223133e-02 
 8.32553207e+08  3.14165910e-02 
 8.51954648e+08  3.10142539e-02 
 8.71808210e+08  3.08069007e-02 
 8.92124431e+08  3.07843489e-02 
 9.12914092e+08  3.09351606e-02 
 9.34188226e+08  3.12472049e-02 
 9.55958123e+08  3.17082038e-02 
 9.78235335e+08  3.23062170e-02 
 1.00103169e+09  3.30300332e-02 
 1.02435927e+09  3.38694566e-02 
 1.04823047e+09  3.48154915e-02 
 1.07265796e+09  3.58604390e-02 
 1.09765469e+09  3.69979273e-02 
 1.12323393e+09  3.82228948e-02 
 1.14940927e+09  3.95315444e-02 
 1.17619457e+09  4.09212861e-02 
 1.20360408e+09  4.23906757e-02 
 1.23165232e+09  4.39393614e-02 
 1.26035418e+09  4.55680412e-02 
 1.28972490e+09  4.72784364e-02 
 1.31978006e+09  4.90732829e-02 
 1.35053561e+09  5.09563420e-02 
 1.38200788e+09  5.29324322e-02 
 1.41421356e+09  5.50074831e-02 
 1.44716975e+09  5.71886101e-02 
 1.48089393e+09  5.94842127e-02 
 1.51540401e+09  6.19040919e-02 
 1.55071830e+09  6.44595848e-02 
 1.58685553e+09  6.71637069e-02 
 1.62383489e+09  7.00312864e-02 
 1.66167599e+09  7.30790574e-02 
 1.70039893e+09  7.63256576e-02 
 1.74002425e+09  7.97914255e-02 
 1.78057299e+09  8.34978195e-02 
 1.82206665e+09  8.74661414e-02 
 1.86452726e+09  9.17150158e-02 
 1.90797735e+09  9.62556858e-02 
 1.95243999e+09  1.01083545e-01 
 1.99793876e+09  1.06163365e-01 
 2.04449781e+09  1.11404455e-01 
 2.09214185e+09  1.16621138e-01 
 2.14089617e+09  1.21475820e-01 
 2.19078664e+09  1.25412321e-01 
 2.24183974e+09  1.27615665e-01 
 2.29408255e+09  1.27081495e-01 
 2.34754280e+09  1.22895578e-01 
 2.40224887e+09  1.14697301e-01 
 2.45822978e+09  1.03028992e-01 
 2.51551525e+09  8.92158017e-02 
 2.57413567e+09  7.48464075e-02 
 2.63412215e+09  6.13150998e-02 
 2.69550653e+09  4.97313246e-02 
 2.75832139e+09  4.11353900e-02 
 2.82260005e+09  3.66936552e-02 
 2.88837664e+09  3.73420791e-02 
 2.95568605e+09  4.32095095e-02 
 3.02456401e+09  5.45738010e-02 
 3.09504707e+09  7.52395003e-02 
 3.16717263e+09  1.31905636e-01 
 3.24097898e+09  1.06895804e-01 
 3.31650528e+09  4.91013826e-02 
 3.39379160e+09  1.08356521e-01 
 3.47287898e+09  9.73279519e-02 
 3.55380937e+09  6.41922187e-02 
 3.63662572e+09  5.79122884e-02 
 3.72137199e+09  3.88649886e-02 
 3.80809314e+09  5.07042082e-02 
 3.89683521e+09  5.75192585e-02 
 3.98764528e+09  6.45984316e-02 
 4.08057155e+09  7.36044171e-02 
 4.17566333e+09  9.50039764e-02 
 4.27297108e+09  5.93585127e-02 
 4.37254645e+09  7.28741632e-02 
 4.47444228e+09  8.24942675e-02 
 4.57871264e+09  9.12720858e-02 
 4.68541287e+09  1.02014235e-01 
 4.79459960e+09  1.29994919e-01 
 4.90633076e+09  8.95327793e-02 
 5.02066566e+09  1.37436787e-01 
 5.13766496e+09  1.28172887e-01 
 5.25739076e+09  9.56610817e-02 
 5.37990660e+09  1.02288554e-01 
 5.50527749e+09  1.75965583e-01 
 5.63356997e+09  1.11977828e-01 
 5.76485211e+09  1.29764152e-01 
 5.89919360e+09  1.56780015e-01 
 6.03666571e+09  1.61085925e-01 
 6.17734142e+09  9.69632773e-02 
 6.32129537e+09  1.59883336e-01 
 6.46860395e+09  2.12319087e-01 
 6.61934535e+09  2.34415408e-01 
 6.77359956e+09  1.74842924e-01 
 6.93144843e+09  2.04505448e-01 
 7.09297575e+09  3.17267464e-01 
 7.25826722e+09  6.15960536e-01 
 7.42741057e+09  3.53411856e-01 
 7.60049556e+09  6.22059912e-02 
 7.77761404e+09  1.18121349e-01 
 7.95886001e+09  1.42835554e-01 
 8.14432966e+09  7.85504732e-02 
 8.33412140e+09  1.56930702e-01 
 8.52833597e+09  3.40790919e-01 
 8.72707642e+09  5.74664936e-02 
 8.93044823e+09  6.70349956e-02 
 9.13855932e+09  8.11229526e-02 
 9.35152014e+09  2.10286736e-01 
 9.56944371e+09  1.33728806e-01 
 9.79244566e+09  1.41096060e-01 
 1.00206443e+10  1.57002472e-01 
 1.02541609e+10  1.69102323e-01 
 1.04931192e+10  1.79916830e-01 
 1.07376460e+10  1.90367173e-01 
 1.09878712e+10  2.00848954e-01 
 1.12439276e+10  2.11688503e-01 
 1.15059509e+10  2.23261606e-01 
 1.17740804e+10  2.36113561e-01 
 1.20484582e+10  2.51187906e-01 
 1.23292299e+10  2.70403259e-01 
 1.26165447e+10  2.98431873e-01 
 1.29105549e+10  3.48700880e-01 
 1.32114166e+10  3.83796966e-01 
 1.35192894e+10  1.52509843e-01 
 1.38343368e+10  1.98216649e-01 
 1.41567259e+10  2.42186670e-01 
 1.44866277e+10  1.86746062e-01 
 1.48242175e+10  3.13539865e-01 
 1.51696743e+10  5.36983185e-01 
 1.55231815e+10  1.90704512e-01 
 1.58849266e+10  2.41974809e-01 
 1.62551017e+10  2.66064224e-01 
 1.66339032e+10  2.83445410e-01 
 1.70215321e+10  2.98137574e-01 
 1.74181941e+10  3.11521990e-01 
 1.78240998e+10  3.24220410e-01 
 1.82394645e+10  3.36563626e-01 
 1.86645086e+10  3.48749608e-01 
 1.90994578e+10  3.60908050e-01 
 1.95445429e+10  3.73130454e-01 
 2.00000000e+10  3.85485613e-01 
