 1.00000000e+08  2.89787198e-02 
 1.02330354e+08  2.90878510e-02 
 1.04715014e+08  2.92016479e-02 
 1.07155245e+08  2.93203031e-02 
 1.09652342e+08  2.94440174e-02 
 1.12207630e+08  2.95730005e-02 
 1.14822466e+08  2.97074713e-02 
 1.17498236e+08  2.98476584e-02 
 1.20236362e+08  2.99938010e-02 
 1.23038295e+08  3.01461493e-02 
 1.25905523e+08  3.03049650e-02 
 1.28839568e+08  3.04705226e-02 
 1.31841987e+08  3.06431096e-02 
 1.34914372e+08  3.08230278e-02 
 1.38058355e+08  3.10105941e-02 
 1.41275604e+08  3.12061416e-02 
 1.44567827e+08  3.14100203e-02 
 1.47936769e+08  3.16225990e-02 
 1.51384220e+08  3.18442662e-02 
 1.54912009e+08  3.20754313e-02 
 1.58522008e+08  3.23165265e-02 
 1.62216133e+08  3.25680086e-02 
 1.65996343e+08  3.28303602e-02 
 1.69864646e+08  3.31040921e-02 
 1.73823095e+08  3.33897455e-02 
 1.77873789e+08  3.36878939e-02 
 1.82018879e+08  3.39991459e-02 
 1.86260564e+08  3.43241480e-02 
 1.90601095e+08  3.46635870e-02 
 1.95042776e+08  3.50181937e-02 
 1.99587964e+08  3.53887460e-02 
 2.04239071e+08  3.57760727e-02 
 2.08998565e+08  3.61810573e-02 
 2.13868972e+08  3.66046420e-02 
 2.18852877e+08  3.70478328e-02 
 2.23952925e+08  3.75117032e-02 
 2.29171822e+08  3.79973999e-02 
 2.34512337e+08  3.85061477e-02 
 2.39977306e+08  3.90392542e-02 
 2.45569627e+08  3.95981156e-02 
 2.51292270e+08  4.01842213e-02 
 2.57148271e+08  4.07991585e-02 
 2.63140737e+08  4.14446166e-02 
 2.69272848e+08  4.21223897e-02 
 2.75547860e+08  4.28343781e-02 
 2.81969102e+08  4.35825872e-02 
 2.88539981e+08  4.43691232e-02 
 2.95263985e+08  4.51961845e-02 
 3.02144683e+08  4.60660462e-02 
 3.09185725e+08  4.69810363e-02 
 3.16390848e+08  4.79435008e-02 
 3.23763876e+08  4.89557531e-02 
 3.31308722e+08  5.00200033e-02 
 3.39029389e+08  5.11382607e-02 
 3.46929975e+08  5.23122025e-02 
 3.55014673e+08  5.35429977e-02 
 3.63287773e+08  5.48310753e-02 
 3.71753666e+08  5.61758230e-02 
 3.80416844e+08  5.75752001e-02 
 3.89281904e+08  5.90252517e-02 
 3.98353552e+08  6.05195095e-02 
 4.07636602e+08  6.20482753e-02 
 4.17135980e+08  6.35977974e-02 
 4.26856726e+08  6.51493741e-02 
 4.36804001e+08  6.66784641e-02 
 4.46983082e+08  6.81539349e-02 
 4.57399372e+08  6.95376558e-02 
 4.68058398e+08  7.07847111e-02 
 4.78965818e+08  7.18445509e-02 
 4.90127419e+08  7.26633717e-02 
 5.01549125e+08  7.31878687e-02 
 5.13236997e+08  7.33702043e-02 
 5.25197238e+08  7.31736217e-02 
 5.37436195e+08  7.25777315e-02 
 5.49960363e+08  7.15822897e-02 
 5.62776388e+08  7.02084617e-02 
 5.75891073e+08  6.84971298e-02 
 5.89311376e+08  6.65045738e-02 
 6.03044419e+08  6.42965173e-02 
 6.17097492e+08  6.19418167e-02 
 6.31478050e+08  5.95069284e-02 
 6.46193727e+08  5.70518543e-02 
 6.61252331e+08  5.46277707e-02 
 6.76661854e+08  5.22761593e-02 
 6.92430473e+08  5.00290577e-02 
 7.08566557e+08  4.79100075e-02 
 7.25078669e+08  4.59353369e-02 
 7.41975572e+08  4.41155161e-02 
 7.59266232e+08  4.24564239e-02 
 7.76959826e+08  4.09604436e-02 
 7.95065744e+08  3.96273619e-02 
 8.13593593e+08  3.84550773e-02 
 8.32553207e+08  3.74401432e-02 
 8.51954648e+08  3.65781768e-02 
 8.71808210e+08  3.58641651e-02 
 8.92124431e+08  3.52926963e-02 
 9.12914092e+08  3.48581390e-02 
 9.34188226e+08  3.45547877e-02 
 9.55958123e+08  3.43769858e-02 
 9.78235335e+08  3.43192344e-02 
 1.00103169e+09  3.43762907e-02 
 1.02435927e+09  3.45432578e-02 
 1.04823047e+09  3.48156675e-02 
 1.07265796e+09  3.51895540e-02 
 1.09765469e+09  3.56615210e-02 
 1.12323393e+09  3.62288007e-02 
 1.14940927e+09  3.68893073e-02 
 1.17619457e+09  3.76416862e-02 
 1.20360408e+09  3.84853616e-02 
 1.23165232e+09  3.94205848e-02 
 1.26035418e+09  4.04484876e-02 
 1.28972490e+09  4.15711428e-02 
 1.31978006e+09  4.27916366e-02 
 1.35053561e+09  4.41141564e-02 
 1.38200788e+09  4.55440994e-02 
 1.41421356e+09  4.70882050e-02 
 1.44716975e+09  4.87547187e-02 
 1.48089393e+09  5.05535919e-02 
 1.51540401e+09  5.24967240e-02 
 1.55071830e+09  5.45982541e-02 
 1.58685553e+09  5.68749064e-02 
 1.62383489e+09  5.93463916e-02 
 1.66167599e+09  6.20358587e-02 
 1.70039893e+09  6.49703757e-02 
 1.74002425e+09  6.81813854e-02 
 1.78057299e+09  7.17050223e-02 
 1.82206665e+09  7.55820608e-02 
 1.86452726e+09  7.98570454e-02 
 1.90797735e+09  8.45757566e-02 
 1.95243999e+09  8.97794419e-02 
 1.99793876e+09  9.54930049e-02 
 2.04449781e+09  1.01702388e-01 
 2.09214185e+09  1.08313920e-01 
 2.14089617e+09  1.15087249e-01 
 2.19078664e+09  1.21540205e-01 
 2.24183974e+09  1.26853390e-01 
 2.29408255e+09  1.29868970e-01 
 2.34754280e+09  1.29341518e-01 
 2.40224887e+09  1.24491826e-01 
 2.45822978e+09  1.15535065e-01 
 2.51551525e+09  1.03652812e-01 
 2.57413567e+09  9.03868729e-02 
 2.63412215e+09  7.70172129e-02 
 2.69550653e+09  6.43226215e-02 
 2.75832139e+09  5.26640230e-02 
 2.82260005e+09  4.22010242e-02 
 2.88837664e+09  3.32093963e-02 
 2.95568605e+09  2.67838713e-02 
 3.02456401e+09  2.63855472e-02 
 3.09504707e+09  3.85073840e-02 
 3.16717263e+09  8.35432119e-02 
 3.24097898e+09  1.38421232e-01 
 3.31650528e+09  2.59040271e-02 
 3.39379160e+09  8.22725578e-02 
 3.47287898e+09  1.05433324e-01 
 3.55380937e+09  7.56149221e-02 
 3.63662572e+09  5.53680125e-02 
 3.72137199e+09  4.48712266e-02 
 3.80809314e+09  3.71863968e-02 
 3.89683521e+09  3.31711939e-02 
 3.98764528e+09  3.12556331e-02 
 4.08057155e+09  3.09602605e-02 
 4.17566333e+09  3.23989365e-02 
 4.27297108e+09  2.66146021e-02 
 4.37254645e+09  3.31813573e-02 
 4.47444228e+09  3.64118252e-02 
 4.57871264e+09  4.00525190e-02 
 4.68541287e+09  4.47991256e-02 
 4.79459960e+09  5.35223793e-02 
 4.90633076e+09  5.21800531e-02 
 5.02066566e+09  5.22879861e-02 
 5.13766496e+09  6.66328886e-02 
 5.25739076e+09  1.32779404e-01 
 5.37990660e+09  4.60625740e-02 
 5.50527749e+09  4.28910756e-02 
 5.63356997e+09  5.48071478e-02 
 5.76485211e+09  7.30535361e-02 
 5.89919360e+09  5.41981008e-02 
 6.03666571e+09  6.64140573e-02 
 6.17734142e+09  7.70958401e-02 
 6.32129537e+09  9.10565662e-02 
 6.46860395e+09  1.14184217e-01 
 6.61934535e+09  1.67185784e-01 
 6.77359956e+09  1.90782315e-01 
 6.93144843e+09  3.56035905e-01 
 7.09297575e+09  6.90706203e-02 
 7.25826722e+09  2.52546321e-01 
 7.42741057e+09  2.53661116e-02 
 7.60049556e+09  2.09030537e-01 
 7.77761404e+09  3.01103081e-02 
 7.95886001e+09  6.75626931e-02 
 8.14432966e+09  3.40402788e-02 
 8.33412140e+09  4.57576748e-02 
 8.52833597e+09  6.02538791e-02 
 8.72707642e+09  6.37247537e-02 
 8.93044823e+09  4.77482620e-02 
 9.13855932e+09  6.18490927e-02 
 9.35152014e+09  6.97822572e-02 
 9.56944371e+09  7.27626480e-02 
 9.79244566e+09  7.12686425e-02 
 1.00206443e+10  7.82979979e-02 
 1.02541609e+10  8.36576457e-02 
 1.04931192e+10  8.86613963e-02 
 1.07376460e+10  9.36863258e-02 
 1.09878712e+10  9.89022297e-02 
 1.12439276e+10  1.04473052e-01 
 1.15059509e+10  1.10615711e-01 
 1.17740804e+10  1.17672420e-01 
 1.20484582e+10  1.26259253e-01 
 1.23292299e+10  1.37646043e-01 
 1.26165447e+10  1.54933804e-01 
 1.29105549e+10  1.87490917e-01 
 1.32114166e+10  2.48351039e-01 
 1.35192894e+10  9.00261399e-02 
 1.38343368e+10  6.73265567e-02 
 1.41567259e+10  8.91916798e-02 
 1.44866277e+10  1.06368884e-01 
 1.48242175e+10  1.27089001e-01 
 1.51696743e+10  1.52017108e-01 
 1.55231815e+10  1.03830752e-01 
 1.58849266e+10  1.21210627e-01 
 1.62551017e+10  1.30512686e-01 
 1.66339032e+10  1.37960515e-01 
 1.70215321e+10  1.44663439e-01 
 1.74181941e+10  1.51007515e-01 
 1.78240998e+10  1.57175105e-01 
 1.82394645e+10  1.63269591e-01 
 1.86645086e+10  1.69357345e-01 
 1.90994578e+10  1.75485129e-01 
 1.95445429e+10  1.81688435e-01 
 2.00000000e+10  1.87995915e-01 
