 1.00000000e+08  2.18256570e-02 
 1.02329299e+08  2.19793741e-02 
 1.04712855e+08  2.21388669e-02 
 1.07151931e+08  2.23044471e-02 
 1.09647820e+08  2.24764427e-02 
 1.12201845e+08  2.26551986e-02 
 1.14815362e+08  2.28410783e-02 
 1.17489755e+08  2.30344649e-02 
 1.20226443e+08  2.32357623e-02 
 1.23026877e+08  2.34453968e-02 
 1.25892541e+08  2.36638186e-02 
 1.28824955e+08  2.38915038e-02 
 1.31825674e+08  2.41289557e-02 
 1.34896288e+08  2.43767072e-02 
 1.38038426e+08  2.46353227e-02 
 1.41253754e+08  2.49054006e-02 
 1.44543977e+08  2.51875751e-02 
 1.47910839e+08  2.54825194e-02 
 1.51356125e+08  2.57909481e-02 
 1.54881662e+08  2.61136196e-02 
 1.58489319e+08  2.64513393e-02 
 1.62181010e+08  2.68049622e-02 
 1.65958691e+08  2.71753960e-02 
 1.69824365e+08  2.75636034e-02 
 1.73780083e+08  2.79706045e-02 
 1.77827941e+08  2.83974794e-02 
 1.81970086e+08  2.88453691e-02 
 1.86208714e+08  2.93154767e-02 
 1.90546072e+08  2.98090662e-02 
 1.94984460e+08  3.03274609e-02 
 1.99526231e+08  3.08720387e-02 
 2.04173794e+08  3.14442246e-02 
 2.08929613e+08  3.20454795e-02 
 2.13796209e+08  3.26772835e-02 
 2.18776162e+08  3.33411122e-02 
 2.23872114e+08  3.40384049e-02 
 2.29086765e+08  3.47705201e-02 
 2.34422882e+08  3.55386777e-02 
 2.39883292e+08  3.63438821e-02 
 2.45470892e+08  3.71868229e-02 
 2.51188643e+08  3.80677460e-02 
 2.57039578e+08  3.89862922e-02 
 2.63026799e+08  3.99412936e-02 
 2.69153480e+08  4.09305237e-02 
 2.75422870e+08  4.19503970e-02 
 2.81838293e+08  4.29956152e-02 
 2.88403150e+08  4.40587668e-02 
 2.95120923e+08  4.51298944e-02 
 3.01995172e+08  4.61960611e-02 
 3.09029543e+08  4.72409656e-02 
 3.16227766e+08  4.82446853e-02 
 3.23593657e+08  4.91836489e-02 
 3.31131121e+08  5.00309618e-02 
 3.38844156e+08  5.07572091e-02 
 3.46736850e+08  5.13318270e-02 
 3.54813389e+08  5.17250534e-02 
 3.63078055e+08  5.19103413e-02 
 3.71535229e+08  5.18669644e-02 
 3.80189396e+08  5.15824110e-02 
 3.89045145e+08  5.10541077e-02 
 3.98107171e+08  5.02900916e-02 
 4.07380278e+08  4.93084510e-02 
 4.16869383e+08  4.81356247e-02 
 4.26579519e+08  4.68038965e-02 
 4.36515832e+08  4.53485588e-02 
 4.46683592e+08  4.38052107e-02 
 4.57088190e+08  4.22075402e-02 
 4.67735141e+08  4.05857664e-02 
 4.78630092e+08  3.89657585e-02 
 4.89778819e+08  3.73687384e-02 
 5.01187234e+08  3.58114169e-02 
 5.12861384e+08  3.43064090e-02 
 5.24807460e+08  3.28627963e-02 
 5.37031796e+08  3.14867356e-02 
 5.49540874e+08  3.01820490e-02 
 5.62341325e+08  2.89507571e-02 
 5.75439937e+08  2.77935392e-02 
 5.88843655e+08  2.67101162e-02 
 6.02559586e+08  2.56995616e-02 
 6.16595002e+08  2.47605484e-02 
 6.30957344e+08  2.38915424e-02 
 6.45654229e+08  2.30909516e-02 
 6.60693448e+08  2.23572410e-02 
 6.76082975e+08  2.16890202e-02 
 6.91830971e+08  2.10851107e-02 
 7.07945784e+08  2.05445985e-02 
 7.24435960e+08  2.00668758e-02 
 7.41310241e+08  1.96516758e-02 
 7.58577575e+08  1.92991024e-02 
 7.76247117e+08  1.90096577e-02 
 7.94328235e+08  1.87842665e-02 
 8.12830516e+08  1.86242988e-02 
 8.31763771e+08  1.85315865e-02 
 8.51138038e+08  1.85084299e-02 
 8.70963590e+08  1.85575827e-02 
 8.91250938e+08  1.86821990e-02 
 9.12010839e+08  1.88857127e-02 
 9.33254301e+08  1.91716033e-02 
 9.54992586e+08  1.95429763e-02 
 9.77237221e+08  2.00018557e-02 
 1.00000000e+09  2.05480470e-02 
 1.02329299e+09  2.11774065e-02 
 1.04712855e+09  2.18793815e-02 
 1.07151931e+09  2.26338564e-02 
 1.09647820e+09  2.34077786e-02 
 1.12201845e+09  2.41528652e-02 
 1.14815362e+09  2.48067357e-02 
 1.17489755e+09  2.53002712e-02 
 1.20226443e+09  2.55723206e-02 
 1.23026877e+09  2.55882757e-02 
 1.25892541e+09  2.53540708e-02 
 1.28824955e+09  2.49173529e-02 
 1.31825674e+09  2.43549099e-02 
 1.34896288e+09  2.37538039e-02 
 1.38038426e+09  2.31955176e-02 
 1.41253754e+09  2.27478526e-02 
 1.44543977e+09  2.24639089e-02 
 1.47910839e+09  2.23848755e-02 
 1.51356125e+09  2.25431791e-02 
 1.54881662e+09  2.29629139e-02 
 1.58489319e+09  2.36541021e-02 
 1.62181010e+09  2.45962428e-02 
 1.65958691e+09  2.57074307e-02 
 1.69824365e+09  2.68064607e-02 
 1.73780083e+09  2.76072643e-02 
 1.77827941e+09  2.78122616e-02 
 1.81970086e+09  2.72948382e-02 
 1.86208714e+09  2.61956642e-02 
 1.90546072e+09  2.48093811e-02 
 1.94984460e+09  2.34022931e-02 
 1.99526231e+09  2.21295492e-02 
 2.04173794e+09  2.10492202e-02 
 2.08929613e+09  2.01636554e-02 
 2.13796209e+09  1.94514097e-02 
 2.18776162e+09  1.88853057e-02 
 2.23872114e+09  1.84413159e-02 
 2.29086765e+09  1.81017036e-02 
 2.34422882e+09  1.78544429e-02 
 2.39883292e+09  1.76910217e-02 
 2.45470892e+09  1.76043320e-02 
 2.51188643e+09  1.75874680e-02 
 2.57039578e+09  1.76335726e-02 
 2.63026799e+09  1.77364110e-02 
 2.69153480e+09  1.78912404e-02 
 2.75422870e+09  1.80958018e-02 
 2.81838293e+09  1.83517349e-02 
 2.88403150e+09  1.86675167e-02 
 2.95120923e+09  1.90663643e-02 
 3.01995172e+09  1.96127708e-02 
 3.09029543e+09  2.05345765e-02 
 3.16227766e+09  2.26399738e-02 
 3.23593657e+09  1.70706673e-02 
 3.31131121e+09  1.82464244e-02 
 3.38844156e+09  1.93406882e-02 
 3.46736850e+09  2.00656238e-02 
 3.54813389e+09  2.06817433e-02 
 3.63078055e+09  2.12726284e-02 
 3.71535229e+09  2.18142853e-02 
 3.80189396e+09  2.26208541e-02 
 3.89045145e+09  2.34389694e-02 
 3.98107171e+09  2.44836056e-02 
 4.07380278e+09  2.63905892e-02 
 4.16869383e+09  2.10969074e-02 
 4.26579519e+09  2.51134079e-02 
 4.36515832e+09  2.78867727e-02 
 4.46683592e+09  2.97085823e-02 
 4.57088190e+09  2.50874708e-02 
 4.67735141e+09  2.24179302e-02 
 4.78630092e+09  2.59926962e-02 
 4.89778819e+09  3.08610493e-02 
 5.01187234e+09  2.93381180e-02 
 5.12861384e+09  2.58907486e-02 
 5.24807460e+09  2.92374149e-02 
 5.37031796e+09  3.37388800e-02 
 5.49540874e+09  2.68276261e-02 
 5.62341325e+09  3.28464975e-02 
 5.75439937e+09  3.20043981e-02 
 5.88843655e+09  3.48888643e-02 
 6.02559586e+09  2.46303110e-02 
 6.16595002e+09  2.75804571e-02 
 6.30957344e+09  2.86296017e-02 
 6.45654229e+09  3.13057584e-02 
 6.60693448e+09  3.69670282e-02 
 6.76082975e+09  3.10527281e-02 
 6.91830971e+09  3.04014734e-02 
 7.07945784e+09  4.48248781e-02 
 7.24435960e+09  2.77635506e-02 
 7.41310241e+09  3.81577145e-02 
 7.58577575e+09  3.93261768e-02 
 7.76247117e+09  3.38582906e-02 
 7.94328235e+09  3.57825544e-02 
 8.12830516e+09  3.02420050e-02 
 8.31763771e+09  3.47693352e-02 
 8.51138038e+09  3.90209448e-02 
 8.70963590e+09  3.74548607e-02 
 8.91250938e+09  4.00910910e-02 
 9.12010839e+09  4.12601566e-02 
 9.33254301e+09  4.33430734e-02 
 9.54992586e+09  4.54071172e-02 
 9.77237221e+09  4.62838009e-02 
 1.00000000e+10  4.63951558e-02 
 1.02329299e+10  4.94768150e-02 
 1.04712855e+10  5.15379658e-02 
 1.07151931e+10  5.36043173e-02 
 1.09647820e+10  5.57705947e-02 
 1.12201845e+10  5.80885836e-02 
 1.14815362e+10  6.06129647e-02 
 1.17489755e+10  6.34197421e-02 
 1.20226443e+10  6.66314928e-02 
 1.23026877e+10  7.04726807e-02 
 1.25892541e+10  7.54192714e-02 
 1.28824955e+10  8.26919314e-02 
 1.31825674e+10  9.59661655e-02 
 1.34896288e+10  8.44858119e-02 
 1.38038426e+10  5.24003128e-02 
 1.41253754e+10  7.00411651e-02 
 1.44543977e+10  7.66639810e-02 
 1.47910839e+10  7.56723534e-02 
 1.51356125e+10  8.55185224e-02 
 1.54881662e+10  8.88828926e-02 
 1.58489319e+10  9.58193310e-02 
 1.62181010e+10  1.02946393e-01 
 1.65958691e+10  1.10738318e-01 
 1.69824365e+10  1.19521472e-01 
 1.73780083e+10  1.29648811e-01 
 1.77827941e+10  1.41542549e-01 
 1.81970086e+10  1.55675585e-01 
 1.86208714e+10  1.72358645e-01 
 1.90546072e+10  1.90868176e-01 
 1.94984460e+10  2.07324705e-01 
 1.99526231e+10  2.15887368e-01 
