 1.00000000e+08  1.83437878e-02 
 1.02329299e+08  1.84956047e-02 
 1.04712855e+08  1.86538423e-02 
 1.07151931e+08  1.88187923e-02 
 1.09647820e+08  1.89907617e-02 
 1.12201845e+08  1.91700736e-02 
 1.14815362e+08  1.93570689e-02 
 1.17489755e+08  1.95521067e-02 
 1.20226443e+08  1.97555658e-02 
 1.23026877e+08  1.99678464e-02 
 1.25892541e+08  2.01893706e-02 
 1.28824955e+08  2.04205850e-02 
 1.31825674e+08  2.06619614e-02 
 1.34896288e+08  2.09139990e-02 
 1.38038426e+08  2.11772258e-02 
 1.41253754e+08  2.14522010e-02 
 1.44543977e+08  2.17395167e-02 
 1.47910839e+08  2.20398001e-02 
 1.51356125e+08  2.23537154e-02 
 1.54881662e+08  2.26819666e-02 
 1.58489319e+08  2.30252993e-02 
 1.62181010e+08  2.33845030e-02 
 1.65958691e+08  2.37604136e-02 
 1.69824365e+08  2.41539151e-02 
 1.73780083e+08  2.45659412e-02 
 1.77827941e+08  2.49974772e-02 
 1.81970086e+08  2.54495603e-02 
 1.86208714e+08  2.59232793e-02 
 1.90546072e+08  2.64197738e-02 
 1.94984460e+08  2.69402306e-02 
 1.99526231e+08  2.74858787e-02 
 2.04173794e+08  2.80579815e-02 
 2.08929613e+08  2.86578241e-02 
 2.13796209e+08  2.92866964e-02 
 2.18776162e+08  2.99458698e-02 
 2.23872114e+08  3.06365641e-02 
 2.29086765e+08  3.13599051e-02 
 2.34422882e+08  3.21168666e-02 
 2.39883292e+08  3.29081967e-02 
 2.45470892e+08  3.37343207e-02 
 2.51188643e+08  3.45952180e-02 
 2.57039578e+08  3.54902666e-02 
 2.63026799e+08  3.64180491e-02 
 2.69153480e+08  3.73761156e-02 
 2.75422870e+08  3.83606983e-02 
 2.81838293e+08  3.93663787e-02 
 2.88403150e+08  4.03857117e-02 
 2.95120923e+08  4.14088218e-02 
 3.01995172e+08  4.24230017e-02 
 3.09029543e+08  4.34123621e-02 
 3.16227766e+08  4.43576059e-02 
 3.23593657e+08  4.52360251e-02 
 3.31131121e+08  4.60218354e-02 
 3.38844156e+08  4.66869644e-02 
 3.46736850e+08  4.72023774e-02 
 3.54813389e+08  4.75399453e-02 
 3.63078055e+08  4.76747405e-02 
 3.71535229e+08  4.75875009e-02 
 3.80189396e+08  4.72668763e-02 
 3.89045145e+08  4.67110264e-02 
 3.98107171e+08  4.59282137e-02 
 4.07380278e+08  4.49362270e-02 
 4.16869383e+08  4.37607312e-02 
 4.26579519e+08  4.24328662e-02 
 4.36515832e+08  4.09865471e-02 
 4.46683592e+08  3.94559055e-02 
 4.57088190e+08  3.78731995e-02 
 4.67735141e+08  3.62673560e-02 
 4.78630092e+08  3.46631565e-02 
 4.89778819e+08  3.30809741e-02 
 5.01187234e+08  3.15369203e-02 
 5.12861384e+08  3.00432531e-02 
 5.24807460e+08  2.86089213e-02 
 5.37031796e+08  2.72401497e-02 
 5.49540874e+08  2.59410055e-02 
 5.62341325e+08  2.47139078e-02 
 5.75439937e+08  2.35600666e-02 
 5.88843655e+08  2.24798465e-02 
 6.02559586e+08  2.14730599e-02 
 6.16595002e+08  2.05391959e-02 
 6.30957344e+08  1.96775945e-02 
 6.45654229e+08  1.88875743e-02 
 6.60693448e+08  1.81685200e-02 
 6.76082975e+08  1.75199369e-02 
 6.91830971e+08  1.69414778e-02 
 7.07945784e+08  1.64329455e-02 
 7.24435960e+08  1.59942767e-02 
 7.41310241e+08  1.56255105e-02 
 7.58577575e+08  1.53267480e-02 
 7.76247117e+08  1.50981048e-02 
 7.94328235e+08  1.49396651e-02 
 8.12830516e+08  1.48514377e-02 
 8.31763771e+08  1.48333176e-02 
 8.51138038e+08  1.48850487e-02 
 8.70963590e+08  1.50061805e-02 
 8.91250938e+08  1.51960007e-02 
 9.12010839e+08  1.54534182e-02 
 9.33254301e+08  1.57767552e-02 
 9.54992586e+08  1.61633950e-02 
 9.77237221e+08  1.66092112e-02 
 1.00000000e+09  1.71076977e-02 
 1.02329299e+09  1.76487227e-02 
 1.04712855e+09  1.82168994e-02 
 1.07151931e+09  1.87897503e-02 
 1.09647820e+09  1.93362288e-02 
 1.12201845e+09  1.98167736e-02 
 1.14815362e+09  2.01866810e-02 
 1.17489755e+09  2.04044380e-02 
 1.20226443e+09  2.04447117e-02 
 1.23026877e+09  2.03118268e-02 
 1.25892541e+09  2.00464843e-02 
 1.28824955e+09  1.97203525e-02 
 1.31825674e+09  1.94202187e-02 
 1.34896288e+09  1.92296567e-02 
 1.38038426e+09  1.92161824e-02 
 1.41253754e+09  1.94270187e-02 
 1.44543977e+09  1.98917942e-02 
 1.47910839e+09  2.06284039e-02 
 1.51356125e+09  2.16482625e-02 
 1.54881662e+09  2.29576597e-02 
 1.58489319e+09  2.45516305e-02 
 1.62181010e+09  2.63955581e-02 
 1.65958691e+09  2.83903309e-02 
 1.69824365e+09  3.03284876e-02 
 1.73780083e+09  3.18837625e-02 
 1.77827941e+09  3.27082949e-02 
 1.81970086e+09  3.26305812e-02 
 1.86208714e+09  3.17645759e-02 
 1.90546072e+09  3.03960638e-02 
 1.94984460e+09  2.88017357e-02 
 1.99526231e+09  2.71756122e-02 
 2.04173794e+09  2.56427412e-02 
 2.08929613e+09  2.42826185e-02 
 2.13796209e+09  2.31386311e-02 
 2.18776162e+09  2.22236615e-02 
 2.23872114e+09  2.15297882e-02 
 2.29086765e+09  2.10394019e-02 
 2.34422882e+09  2.07321525e-02 
 2.39883292e+09  2.05873487e-02 
 2.45470892e+09  2.05848745e-02 
 2.51188643e+09  2.07061773e-02 
 2.57039578e+09  2.09351638e-02 
 2.63026799e+09  2.12587056e-02 
 2.69153480e+09  2.16667957e-02 
 2.75422870e+09  2.21525583e-02 
 2.81838293e+09  2.27123552e-02 
 2.88403150e+09  2.33463319e-02 
 2.95120923e+09  2.40601662e-02 
 3.01995172e+09  2.48703013e-02 
 3.09029543e+09  2.58169089e-02 
 3.16227766e+09  2.64339425e-02 
 3.23593657e+09  2.60116553e-02 
 3.31131121e+09  2.65640149e-02 
 3.38844156e+09  2.87592510e-02 
 3.46736850e+09  3.01802387e-02 
 3.54813389e+09  3.16402384e-02 
 3.63078055e+09  3.32388343e-02 
 3.71535229e+09  3.50394925e-02 
 3.80189396e+09  3.72396219e-02 
 3.89045145e+09  3.98749941e-02 
 3.98107171e+09  4.35832143e-02 
 4.07380278e+09  5.06925714e-02 
 4.16869383e+09  2.66871551e-02 
 4.26579519e+09  4.47526362e-02 
 4.36515832e+09  5.37150901e-02 
 4.46683592e+09  6.47221209e-02 
 4.57088190e+09  4.56738211e-02 
 4.67735141e+09  3.46537924e-02 
 4.78630092e+09  5.73084207e-02 
 4.89778819e+09  9.31652609e-02 
 5.01187234e+09  9.61637372e-02 
 5.12861384e+09  2.97779734e-02 
 5.24807460e+09  5.42357220e-02 
 5.37031796e+09  7.46851446e-02 
 5.49540874e+09  7.52146496e-02 
 5.62341325e+09  8.25424872e-02 
 5.75439937e+09  5.56352593e-02 
 5.88843655e+09  3.71088906e-02 
 6.02559586e+09  2.53857785e-02 
 6.16595002e+09  3.82150221e-02 
 6.30957344e+09  3.69981194e-02 
 6.45654229e+09  2.54885227e-02 
 6.60693448e+09  1.49884982e-02 
 6.76082975e+09  9.59480081e-03 
 6.91830971e+09  6.16013849e-03 
 7.07945784e+09  7.29691599e-03 
 7.24435960e+09  1.02030737e-02 
 7.41310241e+09  1.21047421e-02 
 7.58577575e+09  1.54846832e-02 
 7.76247117e+09  1.63685407e-02 
 7.94328235e+09  1.86272784e-02 
 8.12830516e+09  1.93283163e-02 
 8.31763771e+09  2.22570195e-02 
 8.51138038e+09  2.57203361e-02 
 8.70963590e+09  2.56961586e-02 
 8.91250938e+09  2.78987620e-02 
 9.12010839e+09  2.92805811e-02 
 9.33254301e+09  3.17030504e-02 
 9.54992586e+09  3.40027869e-02 
 9.77237221e+09  3.56808396e-02 
 1.00000000e+10  3.63355961e-02 
 1.02329299e+10  3.93344167e-02 
 1.04712855e+10  4.15814709e-02 
 1.07151931e+10  4.38405467e-02 
 1.09647820e+10  4.61839626e-02 
 1.12201845e+10  4.86545576e-02 
 1.14815362e+10  5.12992202e-02 
 1.17489755e+10  5.41832795e-02 
 1.20226443e+10  5.74112482e-02 
 1.23026877e+10  6.11727287e-02 
 1.25892541e+10  6.58665320e-02 
 1.28824955e+10  7.25078717e-02 
 1.31825674e+10  8.41034041e-02 
 1.34896288e+10  7.37372315e-02 
 1.38038426e+10  4.89846075e-02 
 1.41253754e+10  6.45542726e-02 
 1.44543977e+10  7.07579740e-02 
 1.47910839e+10  7.07282331e-02 
 1.51356125e+10  8.02814357e-02 
 1.54881662e+10  8.34630527e-02 
 1.58489319e+10  9.03233269e-02 
 1.62181010e+10  9.74297925e-02 
 1.65958691e+10  1.05236459e-01 
 1.69824365e+10  1.14062868e-01 
 1.73780083e+10  1.24262251e-01 
 1.77827941e+10  1.36262940e-01 
 1.81970086e+10  1.50550675e-01 
 1.86208714e+10  1.67458042e-01 
 1.90546072e+10  1.86294322e-01 
 1.94984460e+10  2.03216261e-01 
 1.99526231e+10  2.12401307e-01 
