 1.00000000e+08  1.87981701e-02 
 1.02330354e+08  1.88086735e-02 
 1.04715014e+08  1.88056367e-02 
 1.07155245e+08  1.87872774e-02 
 1.09652342e+08  1.87517624e-02 
 1.12207630e+08  1.86972449e-02 
 1.14822466e+08  1.86219096e-02 
 1.17498236e+08  1.85240268e-02 
 1.20236362e+08  1.84020132e-02 
 1.23038295e+08  1.82544979e-02 
 1.25905523e+08  1.80803897e-02 
 1.28839568e+08  1.78789440e-02 
 1.31841987e+08  1.76498212e-02 
 1.34914372e+08  1.73931358e-02 
 1.38058355e+08  1.71094886e-02 
 1.41275604e+08  1.67999806e-02 
 1.44567827e+08  1.64662043e-02 
 1.47936769e+08  1.61102142e-02 
 1.51384220e+08  1.57344755e-02 
 1.54912009e+08  1.53417957e-02 
 1.58522008e+08  1.49352438e-02 
 1.62216133e+08  1.45180612e-02 
 1.65996343e+08  1.40935724e-02 
 1.69864646e+08  1.36650984e-02 
 1.73823095e+08  1.32358791e-02 
 1.77873789e+08  1.28090081e-02 
 1.82018879e+08  1.23873796e-02 
 1.86260564e+08  1.19736507e-02 
 1.90601095e+08  1.15702168e-02 
 1.95042776e+08  1.11791997e-02 
 1.99587964e+08  1.08024451e-02 
 2.04239071e+08  1.04415294e-02 
 2.08998565e+08  1.00977726e-02 
 2.13868972e+08  9.77225577e-03 
 2.18852877e+08  9.46584408e-03 
 2.23952925e+08  9.17921550e-03 
 2.29171822e+08  8.91290305e-03 
 2.34512337e+08  8.66736759e-03 
 2.39977306e+08  8.44314971e-03 
 2.45569627e+08  8.24124142e-03 
 2.51292270e+08  8.06413687e-03 
 2.57148271e+08  7.91931753e-03 
 2.63140737e+08  7.83356336e-03 
 2.69272848e+08  7.93407431e-03 
 2.75547860e+08  9.21145346e-03 
 2.81969102e+08  1.43961577e-02 
 2.88539981e+08  9.48325545e-03 
 2.95263985e+08  8.36843890e-03 
 3.02144683e+08  8.02246475e-03 
 3.09185725e+08  7.89108560e-03 
 3.16390848e+08  7.86191574e-03 
 3.23763876e+08  7.91184997e-03 
 3.31308722e+08  8.06429932e-03 
 3.39029389e+08  8.45018222e-03 
 3.46929975e+08  9.92954935e-03 
 3.55014673e+08  1.20866838e-02 
 3.63287773e+08  1.01883733e-02 
 3.71753666e+08  1.25108244e-02 
 3.80416844e+08  8.76899284e-03 
 3.89281904e+08  8.56510599e-03 
 3.98353552e+08  8.43191608e-03 
 4.07636602e+08  8.58051609e-03 
 4.17135980e+08  8.82192811e-03 
 4.26856726e+08  9.17105877e-03 
 4.36804001e+08  9.77206310e-03 
 4.46983082e+08  1.10838477e-02 
 4.57399372e+08  1.06434676e-02 
 4.68058398e+08  1.24367182e-02 
 4.78965818e+08  1.83634959e-02 
 4.90127419e+08  1.99847204e-02 
 5.01549125e+08  1.06887872e-02 
 5.13236997e+08  9.95504696e-03 
 5.25197238e+08  1.10773304e-02 
 5.37436195e+08  1.28260128e-02 
 5.49960363e+08  9.94418917e-03 
 5.62776388e+08  1.07657380e-02 
 5.75891073e+08  1.26502369e-02 
 5.89311376e+08  1.07036742e-02 
 6.03044419e+08  6.59089086e-03 
 6.17097492e+08  8.06550998e-03 
 6.31478050e+08  8.94956848e-03 
 6.46193727e+08  9.41189046e-03 
 6.61252331e+08  9.88446152e-03 
 6.76661854e+08  1.04510705e-02 
 6.92430473e+08  1.09739353e-02 
 7.08566557e+08  1.15052813e-02 
 7.25078669e+08  1.21808766e-02 
 7.41975572e+08  1.30164492e-02 
 7.59266232e+08  1.40987161e-02 
 7.76959826e+08  1.55064375e-02 
 7.95065744e+08  1.71323178e-02 
 8.13593593e+08  1.82285595e-02 
 8.32553207e+08  1.76925387e-02 
 8.51954648e+08  1.59999844e-02 
 8.71808210e+08  1.44607570e-02 
 8.92124431e+08  1.34831835e-02 
 9.12914092e+08  1.29493556e-02 
 9.34188226e+08  1.26922728e-02 
 9.55958123e+08  1.26005669e-02 
 9.78235335e+08  1.26122249e-02 
 1.00103169e+09  1.26993828e-02 
 1.02435927e+09  1.28632072e-02 
 1.04823047e+09  1.31476664e-02 
 1.07265796e+09  1.36901503e-02 
 1.09765469e+09  1.37655947e-02 
 1.12323393e+09  1.29713231e-02 
 1.14940927e+09  1.34501362e-02 
 1.17619457e+09  1.40141266e-02 
 1.20360408e+09  1.45639146e-02 
 1.23165232e+09  1.50131643e-02 
 1.26035418e+09  1.53054993e-02 
 1.28972490e+09  1.54790577e-02 
 1.31978006e+09  1.56114103e-02 
 1.35053561e+09  1.57525345e-02 
 1.38200788e+09  1.59194293e-02 
 1.41421356e+09  1.61129922e-02 
 1.44716975e+09  1.63293609e-02 
 1.48089393e+09  1.65643140e-02 
 1.51540401e+09  1.68143140e-02 
 1.55071830e+09  1.70763460e-02 
 1.58685553e+09  1.73474231e-02 
 1.62383489e+09  1.76241028e-02 
 1.66167599e+09  1.79023863e-02 
 1.70039893e+09  1.81786420e-02 
 1.74002425e+09  1.84517731e-02 
 1.78057299e+09  1.87249733e-02 
 1.82206665e+09  1.90044710e-02 
 1.86452726e+09  1.92959466e-02 
 1.90797735e+09  1.96022520e-02 
 1.95243999e+09  1.99237105e-02 
 1.99793876e+09  2.02594228e-02 
 2.04449781e+09  2.06082259e-02 
 2.09214185e+09  2.09690709e-02 
 2.14089617e+09  2.13410330e-02 
 2.19078664e+09  2.17231478e-02 
 2.24183974e+09  2.21142319e-02 
 2.29408255e+09  2.25130277e-02 
 2.34754280e+09  2.29192091e-02 
 2.40224887e+09  2.33347082e-02 
 2.45822978e+09  2.37628794e-02 
 2.51551525e+09  2.42057882e-02 
 2.57413567e+09  2.46634995e-02 
 2.63412215e+09  2.51353388e-02 
 2.69550653e+09  2.56208277e-02 
 2.75832139e+09  2.61198763e-02 
 2.82260005e+09  2.66326961e-02 
 2.88837664e+09  2.71596973e-02 
 2.95568605e+09  2.77014268e-02 
 3.02456401e+09  2.82585458e-02 
 3.09504707e+09  2.88318366e-02 
 3.16717263e+09  2.94222414e-02 
 3.24097898e+09  3.00309522e-02 
 3.31650528e+09  3.06596195e-02 
 3.39379160e+09  3.13109260e-02 
 3.47287898e+09  3.19907554e-02 
 3.55380937e+09  3.27234688e-02 
 3.63662572e+09  3.23452648e-02 
 3.72137199e+09  3.40360432e-02 
 3.80809314e+09  3.48648154e-02 
 3.89683521e+09  3.57361387e-02 
 3.98764528e+09  3.67310332e-02 
 4.08057155e+09  3.81528909e-02 
 4.17566333e+09  5.29164273e-02 
 4.27297108e+09  3.71034443e-02 
 4.37254645e+09  3.87403333e-02 
 4.47444228e+09  3.99017722e-02 
 4.57871264e+09  4.09823544e-02 
 4.68541287e+09  4.20653586e-02 
 4.79459960e+09  4.31187549e-02 
 4.90633076e+09  4.43901802e-02 
 5.02066566e+09  4.57920691e-02 
 5.13766496e+09  4.79575369e-02 
 5.25739076e+09  4.08456029e-02 
 5.37990660e+09  4.74740691e-02 
 5.50527749e+09  4.96653273e-02 
 5.63356997e+09  5.07187972e-02 
 5.76485211e+09  5.36880482e-02 
 5.89919360e+09  5.34734327e-02 
 6.03666571e+09  5.30960235e-02 
 6.17734142e+09  5.62734679e-02 
 6.32129537e+09  5.80006339e-02 
 6.46860395e+09  6.10463492e-02 
 6.61934535e+09  6.46563877e-02 
 6.77359956e+09  7.09445480e-02 
 6.93144843e+09  9.19854212e-02 
 7.09297575e+09  6.05608763e-02 
 7.25826722e+09  6.31434523e-02 
 7.42741057e+09  5.06315826e-02 
 7.60049556e+09  5.46431544e-02 
 7.77761404e+09  5.65170778e-02 
 7.95886001e+09  5.14801351e-02 
 8.14432966e+09  6.68553284e-02 
 8.33412140e+09  7.93547396e-02 
 8.52833597e+09  3.87972409e-02 
 8.72707642e+09  4.88320962e-02 
 8.93044823e+09  6.39296900e-02 
 9.13855932e+09  7.08315381e-02 
 9.35152014e+09  6.74378604e-02 
 9.56944371e+09  7.44437311e-02 
 9.79244566e+09  8.24752527e-02 
 1.00206443e+10  7.98888331e-02 
 1.02541609e+10  8.28730189e-02 
 1.04931192e+10  8.56977957e-02 
 1.07376460e+10  8.85204930e-02 
 1.09878712e+10  9.14002369e-02 
 1.12439276e+10  9.43789791e-02 
 1.15059509e+10  9.74971993e-02 
 1.17740804e+10  1.00801558e-01 
 1.20484582e+10  1.04351969e-01 
 1.23292299e+10  1.08230489e-01 
 1.26165447e+10  1.12552128e-01 
 1.29105549e+10  1.17466287e-01 
 1.32114166e+10  1.23055452e-01 
 1.35192894e+10  1.28347489e-01 
 1.38343368e+10  1.22448801e-01 
 1.41567259e+10  8.16158671e-02 
 1.44866277e+10  9.84694150e-02 
 1.48242175e+10  1.11105297e-01 
 1.51696743e+10  1.02824709e-01 
 1.55231815e+10  1.17438138e-01 
 1.58849266e+10  1.19736856e-01 
 1.62551017e+10  1.22862487e-01 
 1.66339032e+10  1.26798964e-01 
 1.70215321e+10  1.31109128e-01 
 1.74181941e+10  1.35573420e-01 
 1.78240998e+10  1.40058813e-01 
 1.82394645e+10  1.44365302e-01 
 1.86645086e+10  1.48072534e-01 
 1.90994578e+10  1.50800383e-01 
 1.95445429e+10  1.53419737e-01 
 2.00000000e+10  1.57245963e-01 
