 1.00000000e+08  1.90391864e-02 
 1.02330354e+08  1.90572048e-02 
 1.04715014e+08  1.90609824e-02 
 1.07155245e+08  1.90487223e-02 
 1.09652342e+08  1.90185910e-02 
 1.12207630e+08  1.89687576e-02 
 1.14822466e+08  1.88974422e-02 
 1.17498236e+08  1.88029721e-02 
 1.20236362e+08  1.86838459e-02 
 1.23038295e+08  1.85388009e-02 
 1.25905523e+08  1.83668832e-02 
 1.28839568e+08  1.81675141e-02 
 1.31841987e+08  1.79405502e-02 
 1.34914372e+08  1.76863308e-02 
 1.38058355e+08  1.74057086e-02 
 1.41275604e+08  1.71000604e-02 
 1.44567827e+08  1.67712751e-02 
 1.47936769e+08  1.64217186e-02 
 1.51384220e+08  1.60541778e-02 
 1.54912009e+08  1.56717858e-02 
 1.58522008e+08  1.52779348e-02 
 1.62216133e+08  1.48761812e-02 
 1.65996343e+08  1.44701492e-02 
 1.69864646e+08  1.40634391e-02 
 1.73823095e+08  1.36595437e-02 
 1.77873789e+08  1.32617770e-02 
 1.82018879e+08  1.28732170e-02 
 1.86260564e+08  1.24966626e-02 
 1.90601095e+08  1.21346052e-02 
 1.95042776e+08  1.17892125e-02 
 1.99587964e+08  1.14623241e-02 
 2.04239071e+08  1.11554570e-02 
 2.08998565e+08  1.08698185e-02 
 2.13868972e+08  1.06063285e-02 
 2.18852877e+08  1.03656493e-02 
 2.23952925e+08  1.01482292e-02 
 2.29171822e+08  9.95436636e-03 
 2.34512337e+08  9.78431856e-03 
 2.39977306e+08  9.63851354e-03 
 2.45569627e+08  9.51801862e-03 
 2.51292270e+08  9.42575806e-03 
 2.57148271e+08  9.37026450e-03 
 2.63140737e+08  9.38014959e-03 
 2.69272848e+08  9.58183770e-03 
 2.75547860e+08  1.09048587e-02 
 2.81969102e+08  1.55954465e-02 
 2.88539981e+08  1.08104000e-02 
 2.95263985e+08  9.90793626e-03 
 3.02144683e+08  9.68922836e-03 
 3.09185725e+08  9.64912932e-03 
 3.16390848e+08  9.69164588e-03 
 3.23763876e+08  9.79813745e-03 
 3.31308722e+08  9.98900000e-03 
 3.39029389e+08  1.03767783e-02 
 3.46929975e+08  1.17415017e-02 
 3.55014673e+08  1.40757372e-02 
 3.63287773e+08  1.20846593e-02 
 3.71753666e+08  1.25603272e-02 
 3.80416844e+08  1.02286371e-02 
 3.89281904e+08  1.04092149e-02 
 3.98353552e+08  1.04233205e-02 
 4.07636602e+08  1.06266246e-02 
 4.17135980e+08  1.08729804e-02 
 4.26856726e+08  1.11710634e-02 
 4.36804001e+08  1.15990663e-02 
 4.46983082e+08  1.23925454e-02 
 4.57399372e+08  1.20520048e-02 
 4.68058398e+08  1.26738172e-02 
 4.78965818e+08  1.40250989e-02 
 4.90127419e+08  1.40851370e-02 
 5.01549125e+08  1.42741550e-02 
 5.13236997e+08  1.67819801e-02 
 5.25197238e+08  2.05747179e-02 
 5.37436195e+08  1.48394150e-02 
 5.49960363e+08  2.28291282e-02 
 5.62776388e+08  1.43196597e-02 
 5.75891073e+08  1.59558133e-02 
 5.89311376e+08  1.22545838e-02 
 6.03044419e+08  7.11870742e-03 
 6.17097492e+08  9.80133252e-03 
 6.31478050e+08  1.09459896e-02 
 6.46193727e+08  1.21024608e-02 
 6.61252331e+08  1.22568180e-02 
 6.76661854e+08  1.30026032e-02 
 6.92430473e+08  1.42665960e-02 
 7.08566557e+08  1.44208709e-02 
 7.25078669e+08  1.55494087e-02 
 7.41975572e+08  1.69940630e-02 
 7.59266232e+08  1.89474648e-02 
 7.76959826e+08  2.15960635e-02 
 7.95065744e+08  2.48153634e-02 
 8.13593593e+08  2.73156070e-02 
 8.32553207e+08  2.69372476e-02 
 8.51954648e+08  2.41221805e-02 
 8.71808210e+08  2.11417475e-02 
 8.92124431e+08  1.89424373e-02 
 9.12914092e+08  1.74874836e-02 
 9.34188226e+08  1.65536723e-02 
 9.55958123e+08  1.59636860e-02 
 9.78235335e+08  1.56108295e-02 
 1.00103169e+09  1.54508475e-02 
 1.02435927e+09  1.55026064e-02 
 1.04823047e+09  1.58688561e-02 
 1.07265796e+09  1.67774030e-02 
 1.09765469e+09  1.76724605e-02 
 1.12323393e+09  1.76210063e-02 
 1.14940927e+09  2.00438493e-02 
 1.17619457e+09  2.29734418e-02 
 1.20360408e+09  2.58164402e-02 
 1.23165232e+09  2.77973631e-02 
 1.26035418e+09  2.84763717e-02 
 1.28972490e+09  2.81868180e-02 
 1.31978006e+09  2.76026049e-02 
 1.35053561e+09  2.71920273e-02 
 1.38200788e+09  2.71049761e-02 
 1.41421356e+09  2.72678402e-02 
 1.44716975e+09  2.74979785e-02 
 1.48089393e+09  2.76114405e-02 
 1.51540401e+09  2.75030947e-02 
 1.55071830e+09  2.71654359e-02 
 1.58685553e+09  2.66535056e-02 
 1.62383489e+09  2.60387154e-02 
 1.66167599e+09  2.53805431e-02 
 1.70039893e+09  2.47169035e-02 
 1.74002425e+09  2.40642130e-02 
 1.78057299e+09  2.34230699e-02 
 1.82206665e+09  2.27886070e-02 
 1.86452726e+09  2.21602057e-02 
 1.90797735e+09  2.15448090e-02 
 1.95243999e+09  2.09548674e-02 
 1.99793876e+09  2.04050431e-02 
 2.04449781e+09  1.99096010e-02 
 2.09214185e+09  1.94805292e-02 
 2.14089617e+09  1.91262025e-02 
 2.19078664e+09  1.88506375e-02 
 2.24183974e+09  1.86534299e-02 
 2.29408255e+09  1.85303367e-02 
 2.34754280e+09  1.84743035e-02 
 2.40224887e+09  1.84766114e-02 
 2.45822978e+09  1.85278543e-02 
 2.51551525e+09  1.86187616e-02 
 2.57413567e+09  1.87408779e-02 
 2.63412215e+09  1.88869394e-02 
 2.69550653e+09  1.90509550e-02 
 2.75832139e+09  1.92281294e-02 
 2.82260005e+09  1.94147224e-02 
 2.88837664e+09  1.96078902e-02 
 2.95568605e+09  1.98055313e-02 
 3.02456401e+09  2.00061478e-02 
 3.09504707e+09  2.02087297e-02 
 3.16717263e+09  2.04126642e-02 
 3.24097898e+09  2.06176771e-02 
 3.31650528e+09  2.08238203e-02 
 3.39379160e+09  2.10315693e-02 
 3.47287898e+09  2.12423601e-02 
 3.55380937e+09  2.14627143e-02 
 3.63662572e+09  2.14400670e-02 
 3.72137199e+09  2.18481530e-02 
 3.80809314e+09  2.20785839e-02 
 3.89683521e+09  2.23138202e-02 
 3.98764528e+09  2.25711810e-02 
 4.08057155e+09  2.29113814e-02 
 4.17566333e+09  2.60537689e-02 
 4.27297108e+09  2.28341229e-02 
 4.37254645e+09  2.32041844e-02 
 4.47444228e+09  2.34887990e-02 
 4.57871264e+09  2.37586479e-02 
 4.68541287e+09  2.40290867e-02 
 4.79459960e+09  2.45726843e-02 
 4.90633076e+09  2.46211704e-02 
 5.02066566e+09  2.49647375e-02 
 5.13766496e+09  2.54767621e-02 
 5.25739076e+09  2.41596246e-02 
 5.37990660e+09  2.55059128e-02 
 5.50527749e+09  2.60462037e-02 
 5.63356997e+09  2.66202705e-02 
 5.76485211e+09  2.70822390e-02 
 5.89919360e+09  2.70527522e-02 
 6.03666571e+09  2.71182334e-02 
 6.17734142e+09  2.78820991e-02 
 6.32129537e+09  2.80715808e-02 
 6.46860395e+09  2.91565194e-02 
 6.61934535e+09  3.02059825e-02 
 6.77359956e+09  3.19462167e-02 
 6.93144843e+09  3.73183405e-02 
 7.09297575e+09  3.29148797e-02 
 7.25826722e+09  3.28172396e-02 
 7.42741057e+09  2.97705605e-02 
 7.60049556e+09  2.42293002e-02 
 7.77761404e+09  3.68886778e-02 
 7.95886001e+09  1.93227041e-02 
 8.14432966e+09  2.56623602e-02 
 8.33412140e+09  2.86364132e-02 
 8.52833597e+09  2.68890671e-02 
 8.72707642e+09  2.45140507e-02 
 8.93044823e+09  2.79871087e-02 
 9.13855932e+09  2.95791296e-02 
 9.35152014e+09  3.06191826e-02 
 9.56944371e+09  3.17057462e-02 
 9.79244566e+09  3.24224889e-02 
 1.00206443e+10  3.32171428e-02 
 1.02541609e+10  3.40233217e-02 
 1.04931192e+10  3.48328096e-02 
 1.07376460e+10  3.56597513e-02 
 1.09878712e+10  3.65146629e-02 
 1.12439276e+10  3.74076046e-02 
 1.15059509e+10  3.83496888e-02 
 1.17740804e+10  3.93544980e-02 
 1.20484582e+10  4.04399354e-02 
 1.23292299e+10  4.16309588e-02 
 1.26165447e+10  4.29635050e-02 
 1.29105549e+10  4.44877387e-02 
 1.32114166e+10  4.62502302e-02 
 1.35192894e+10  4.80685896e-02 
 1.38343368e+10  4.73962440e-02 
 1.41567259e+10  3.91022006e-02 
 1.44866277e+10  4.26779033e-02 
 1.48242175e+10  4.78696025e-02 
 1.51696743e+10  4.25581379e-02 
 1.55231815e+10  4.64112413e-02 
 1.58849266e+10  4.81750725e-02 
 1.62551017e+10  4.95287475e-02 
 1.66339032e+10  5.10487360e-02 
 1.70215321e+10  5.27267703e-02 
 1.74181941e+10  5.45341952e-02 
 1.78240998e+10  5.64518856e-02 
 1.82394645e+10  5.84388895e-02 
 1.86645086e+10  6.03748974e-02 
 1.90994578e+10  6.20962876e-02 
 1.95445429e+10  6.37976354e-02 
 2.00000000e+10  6.59587331e-02 
