 1.00000000e+08  1.83517300e-02 
 1.02330354e+08  1.83718985e-02 
 1.04715014e+08  1.83790272e-02 
 1.07155245e+08  1.83713552e-02 
 1.09652342e+08  1.83470662e-02 
 1.12207630e+08  1.83043241e-02 
 1.14822466e+08  1.82413168e-02 
 1.17498236e+08  1.81563083e-02 
 1.20236362e+08  1.80476979e-02 
 1.23038295e+08  1.79140846e-02 
 1.25905523e+08  1.77543334e-02 
 1.28839568e+08  1.75676398e-02 
 1.31841987e+08  1.73535895e-02 
 1.34914372e+08  1.71122056e-02 
 1.38058355e+08  1.68439821e-02 
 1.41275604e+08  1.65498983e-02 
 1.44567827e+08  1.62314121e-02 
 1.47936769e+08  1.58904315e-02 
 1.51384220e+08  1.55292659e-02 
 1.54912009e+08  1.51505604e-02 
 1.58522008e+08  1.47572162e-02 
 1.62216133e+08  1.43523045e-02 
 1.65996343e+08  1.39389781e-02 
 1.69864646e+08  1.35203863e-02 
 1.73823095e+08  1.30995988e-02 
 1.77873789e+08  1.26795394e-02 
 1.82018879e+08  1.22629338e-02 
 1.86260564e+08  1.18522711e-02 
 1.90601095e+08  1.14497781e-02 
 1.95042776e+08  1.10574060e-02 
 1.99587964e+08  1.06768261e-02 
 2.04239071e+08  1.03094343e-02 
 2.08998565e+08  9.95636038e-03 
 2.13868972e+08  9.61848003e-03 
 2.18852877e+08  9.29642964e-03 
 2.23952925e+08  8.99062141e-03 
 2.29171822e+08  8.70126222e-03 
 2.34512337e+08  8.42838531e-03 
 2.39977306e+08  8.17192721e-03 
 2.45569627e+08  7.93195564e-03 
 2.51292270e+08  7.70942981e-03 
 2.57148271e+08  7.50906943e-03 
 2.63140737e+08  7.35239970e-03 
 2.69272848e+08  7.35826703e-03 
 2.75547860e+08  8.55589539e-03 
 2.81969102e+08  1.43007078e-02 
 2.88539981e+08  9.32202513e-03 
 2.95263985e+08  8.03047681e-03 
 3.02144683e+08  7.56613656e-03 
 3.09185725e+08  7.33913040e-03 
 3.16390848e+08  7.22205495e-03 
 3.23763876e+08  7.18429833e-03 
 3.31308722e+08  7.24365626e-03 
 3.39029389e+08  7.52567444e-03 
 3.46929975e+08  8.91118034e-03 
 3.55014673e+08  1.14980408e-02 
 3.63287773e+08  9.49646115e-03 
 3.71753666e+08  1.26344807e-02 
 3.80416844e+08  8.23508023e-03 
 3.89281904e+08  7.82392291e-03 
 3.98353552e+08  7.44585519e-03 
 4.07636602e+08  7.43954282e-03 
 4.17135980e+08  7.55531110e-03 
 4.26856726e+08  7.82285604e-03 
 4.36804001e+08  8.57544829e-03 
 4.46983082e+08  1.10341904e-02 
 4.57399372e+08  8.12913099e-03 
 4.68058398e+08  8.28837856e-03 
 4.78965818e+08  9.70506457e-03 
 4.90127419e+08  9.42658111e-03 
 5.01549125e+08  7.72453185e-03 
 5.13236997e+08  8.59009490e-03 
 5.25197238e+08  8.03413920e-03 
 5.37436195e+08  7.57987666e-03 
 5.49960363e+08  7.96262923e-03 
 5.62776388e+08  8.53292545e-03 
 5.75891073e+08  8.79415851e-03 
 5.89311376e+08  7.89823730e-03 
 6.03044419e+08  8.13231176e-03 
 6.17097492e+08  8.55980205e-03 
 6.31478050e+08  8.94733539e-03 
 6.46193727e+08  9.31889808e-03 
 6.61252331e+08  9.43570271e-03 
 6.76661854e+08  9.80429579e-03 
 6.92430473e+08  1.00532718e-02 
 7.08566557e+08  1.05839132e-02 
 7.25078669e+08  1.11663834e-02 
 7.41975572e+08  1.19095315e-02 
 7.59266232e+08  1.28844828e-02 
 7.76959826e+08  1.41527276e-02 
 7.95065744e+08  1.55936530e-02 
 8.13593593e+08  1.64924725e-02 
 8.32553207e+08  1.58478164e-02 
 8.51954648e+08  1.41579269e-02 
 8.71808210e+08  1.26568129e-02 
 8.92124431e+08  1.17108162e-02 
 9.12914092e+08  1.11960059e-02 
 9.34188226e+08  1.09481596e-02 
 9.55958123e+08  1.08590006e-02 
 9.78235335e+08  1.08679787e-02 
 1.00103169e+09  1.09450895e-02 
 1.02435927e+09  1.10799301e-02 
 1.04823047e+09  1.12755415e-02 
 1.07265796e+09  1.15432173e-02 
 1.09765469e+09  1.18740397e-02 
 1.12323393e+09  1.22863453e-02 
 1.14940927e+09  1.28046161e-02 
 1.17619457e+09  1.33623582e-02 
 1.20360408e+09  1.38596692e-02 
 1.23165232e+09  1.41686225e-02 
 1.26035418e+09  1.42518037e-02 
 1.28972490e+09  1.42087631e-02 
 1.31978006e+09  1.41606136e-02 
 1.35053561e+09  1.41658580e-02 
 1.38200788e+09  1.42328407e-02 
 1.41421356e+09  1.43513482e-02 
 1.44716975e+09  1.45088623e-02 
 1.48089393e+09  1.46953117e-02 
 1.51540401e+09  1.49033428e-02 
 1.55071830e+09  1.51273939e-02 
 1.58685553e+09  1.53626606e-02 
 1.62383489e+09  1.56042747e-02 
 1.66167599e+09  1.58470576e-02 
 1.70039893e+09  1.60865251e-02 
 1.74002425e+09  1.63213238e-02 
 1.78057299e+09  1.65551228e-02 
 1.82206665e+09  1.67950112e-02 
 1.86452726e+09  1.70473139e-02 
 1.90797735e+09  1.73150285e-02 
 1.95243999e+09  1.75982536e-02 
 1.99793876e+09  1.78957301e-02 
 2.04449781e+09  1.82059422e-02 
 2.09214185e+09  1.85275374e-02 
 2.14089617e+09  1.88593252e-02 
 2.19078664e+09  1.92000799e-02 
 2.24183974e+09  1.95483327e-02 
 2.29408255e+09  1.99025405e-02 
 2.34754280e+09  2.02622471e-02 
 2.40224887e+09  2.06296002e-02 
 2.45822978e+09  2.10083668e-02 
 2.51551525e+09  2.14008078e-02 
 2.57413567e+09  2.18068762e-02 
 2.63412215e+09  2.22256808e-02 
 2.69550653e+09  2.26565598e-02 
 2.75832139e+09  2.30992973e-02 
 2.82260005e+09  2.35540193e-02 
 2.88837664e+09  2.40210719e-02 
 2.95568605e+09  2.45009479e-02 
 3.02456401e+09  2.49942574e-02 
 3.09504707e+09  2.55017305e-02 
 3.16717263e+09  2.60242552e-02 
 3.24097898e+09  2.65629689e-02 
 3.31650528e+09  2.71194776e-02 
 3.39379160e+09  2.76964747e-02 
 3.47287898e+09  2.83001257e-02 
 3.55380937e+09  2.89570697e-02 
 3.63662572e+09  2.83729115e-02 
 3.72137199e+09  3.00786228e-02 
 3.80809314e+09  3.08168071e-02 
 3.89683521e+09  3.15848683e-02 
 3.98764528e+09  3.24542589e-02 
 4.08057155e+09  3.36732124e-02 
 4.17566333e+09  4.55053561e-02 
 4.27297108e+09  3.29140482e-02 
 4.37254645e+09  3.43331430e-02 
 4.47444228e+09  3.53551896e-02 
 4.57871264e+09  3.63143141e-02 
 4.68541287e+09  3.72814675e-02 
 4.79459960e+09  3.82131381e-02 
 4.90633076e+09  3.93745274e-02 
 5.02066566e+09  4.06550624e-02 
 5.13766496e+09  4.26757907e-02 
 5.25739076e+09  3.58614790e-02 
 5.37990660e+09  4.21027788e-02 
 5.50527749e+09  4.42064356e-02 
 5.63356997e+09  4.52547303e-02 
 5.76485211e+09  4.81043008e-02 
 5.89919360e+09  4.76859517e-02 
 6.03666571e+09  4.61637843e-02 
 6.17734142e+09  4.94917586e-02 
 6.32129537e+09  5.11867912e-02 
 6.46860395e+09  5.40337776e-02 
 6.61934535e+09  5.72556429e-02 
 6.77359956e+09  6.26382772e-02 
 6.93144843e+09  7.91914243e-02 
 7.09297575e+09  5.94334177e-02 
 7.25826722e+09  6.34040499e-02 
 7.42741057e+09  3.04126407e-02 
 7.60049556e+09  4.69157835e-02 
 7.77761404e+09  6.65237308e-02 
 7.95886001e+09  4.50456627e-02 
 8.14432966e+09  5.88171264e-02 
 8.33412140e+09  7.43326207e-02 
 8.52833597e+09  2.49064553e-02 
 8.72707642e+09  4.26072127e-02 
 8.93044823e+09  5.41698296e-02 
 9.13855932e+09  5.92066886e-02 
 9.35152014e+09  6.25440298e-02 
 9.56944371e+09  6.54142475e-02 
 9.79244566e+09  6.80809602e-02 
 1.00206443e+10  7.04022733e-02 
 1.02541609e+10  7.28720789e-02 
 1.04931192e+10  7.53430948e-02 
 1.07376460e+10  7.78553978e-02 
 1.09878712e+10  8.04398752e-02 
 1.12439276e+10  8.31263645e-02 
 1.15059509e+10  8.59477463e-02 
 1.17740804e+10  8.89437877e-02 
 1.20484582e+10  9.21657819e-02 
 1.23292299e+10  9.56823773e-02 
 1.26165447e+10  9.95847023e-02 
 1.29105549e+10  1.03975432e-01 
 1.32114166e+10  1.08839965e-01 
 1.35192894e+10  1.13027204e-01 
 1.38343368e+10  1.05988937e-01 
 1.41567259e+10  6.98836559e-02 
 1.44866277e+10  8.74073697e-02 
 1.48242175e+10  1.02694107e-01 
 1.51696743e+10  8.49899897e-02 
 1.55231815e+10  1.02939143e-01 
 1.58849266e+10  1.04187056e-01 
 1.62551017e+10  1.06595721e-01 
 1.66339032e+10  1.10096113e-01 
 1.70215321e+10  1.14089467e-01 
 1.74181941e+10  1.18281577e-01 
 1.78240998e+10  1.22502242e-01 
 1.82394645e+10  1.26508422e-01 
 1.86645086e+10  1.29786602e-01 
 1.90994578e+10  1.31837294e-01 
 1.95445429e+10  1.33657468e-01 
 2.00000000e+10  1.36877513e-01 
