 1.00000000e+08  1.89439898e-02 
 1.02330354e+08  1.89592851e-02 
 1.04715014e+08  1.89603558e-02 
 1.07155245e+08  1.89453951e-02 
 1.09652342e+08  1.89125557e-02 
 1.12207630e+08  1.88599884e-02 
 1.14822466e+08  1.87858901e-02 
 1.17498236e+08  1.86885604e-02 
 1.20236362e+08  1.85664644e-02 
 1.23038295e+08  1.84183011e-02 
 1.25905523e+08  1.82430729e-02 
 1.28839568e+08  1.80401529e-02 
 1.31841987e+08  1.78093454e-02 
 1.34914372e+08  1.75509344e-02 
 1.38058355e+08  1.72657152e-02 
 1.41275604e+08  1.69550067e-02 
 1.44567827e+08  1.66206410e-02 
 1.47936769e+08  1.62649300e-02 
 1.51384220e+08  1.58906116e-02 
 1.54912009e+08  1.55007766e-02 
 1.58522008e+08  1.50987840e-02 
 1.62216133e+08  1.46881681e-02 
 1.65996343e+08  1.42725440e-02 
 1.69864646e+08  1.38555178e-02 
 1.73823095e+08  1.34406049e-02 
 1.77873789e+08  1.30311603e-02 
 1.82018879e+08  1.26303226e-02 
 1.86260564e+08  1.22409723e-02 
 1.90601095e+08  1.18657035e-02 
 1.95042776e+08  1.15068085e-02 
 1.99587964e+08  1.11662725e-02 
 2.04239071e+08  1.08457780e-02 
 2.08998565e+08  1.05467167e-02 
 2.13868972e+08  1.02702086e-02 
 2.18852877e+08  1.00171300e-02 
 2.23952925e+08  9.78815424e-03 
 2.29171822e+08  9.58381530e-03 
 2.34512337e+08  9.40461941e-03 
 2.39977306e+08  9.25126591e-03 
 2.45569627e+08  9.12514489e-03 
 2.51292270e+08  9.02962779e-03 
 2.57148271e+08  8.97402223e-03 
 2.63140737e+08  8.98869815e-03 
 2.69272848e+08  9.20545375e-03 
 2.75547860e+08  1.05736502e-02 
 2.81969102e+08  1.52460145e-02 
 2.88539981e+08  1.04072223e-02 
 2.95263985e+08  9.50570230e-03 
 3.02144683e+08  9.29672860e-03 
 3.09185725e+08  9.26937387e-03 
 3.16390848e+08  9.32724974e-03 
 3.23763876e+08  9.45283899e-03 
 3.31308722e+08  9.67025572e-03 
 3.39029389e+08  1.01044055e-02 
 3.46929975e+08  1.15626319e-02 
 3.55014673e+08  1.30310830e-02 
 3.63287773e+08  1.06856550e-02 
 3.71753666e+08  1.24697131e-02 
 3.80416844e+08  1.05584261e-02 
 3.89281904e+08  1.04907545e-02 
 3.98353552e+08  1.04893189e-02 
 4.07636602e+08  1.06948681e-02 
 4.17135980e+08  1.09516646e-02 
 4.26856726e+08  1.12623812e-02 
 4.36804001e+08  1.16922402e-02 
 4.46983082e+08  1.24247955e-02 
 4.57399372e+08  1.22536799e-02 
 4.68058398e+08  1.28917336e-02 
 4.78965818e+08  1.42418475e-02 
 4.90127419e+08  1.39559135e-02 
 5.01549125e+08  1.39875653e-02 
 5.13236997e+08  1.60390799e-02 
 5.25197238e+08  1.83703339e-02 
 5.37436195e+08  1.48187445e-02 
 5.49960363e+08  2.03066162e-02 
 5.62776388e+08  1.47988685e-02 
 5.75891073e+08  1.71874756e-02 
 5.89311376e+08  2.04432603e-02 
 6.03044419e+08  1.25001258e-02 
 6.17097492e+08  1.29627340e-02 
 6.31478050e+08  1.39802466e-02 
 6.46193727e+08  1.49660453e-02 
 6.61252331e+08  1.59766830e-02 
 6.76661854e+08  1.70972839e-02 
 6.92430473e+08  1.83383694e-02 
 7.08566557e+08  1.95220503e-02 
 7.25078669e+08  2.13021601e-02 
 7.41975572e+08  2.35645104e-02 
 7.59266232e+08  2.65047151e-02 
 7.76959826e+08  3.02571125e-02 
 7.95065744e+08  3.44104283e-02 
 8.13593593e+08  3.68932291e-02 
 8.32553207e+08  3.48546912e-02 
 8.51954648e+08  2.95781043e-02 
 8.71808210e+08  2.45646639e-02 
 8.92124431e+08  2.10769341e-02 
 9.12914092e+08  1.89375868e-02 
 9.34188226e+08  1.77335860e-02 
 9.55958123e+08  1.71485179e-02 
 9.78235335e+08  1.69940247e-02 
 1.00103169e+09  1.71920478e-02 
 1.02435927e+09  1.77670430e-02 
 1.04823047e+09  1.88625588e-02 
 1.07265796e+09  2.06782528e-02 
 1.09765469e+09  2.05405330e-02 
 1.12323393e+09  2.20397766e-02 
 1.14940927e+09  2.53273223e-02 
 1.17619457e+09  2.87160241e-02 
 1.20360408e+09  3.15617750e-02 
 1.23165232e+09  3.30712187e-02 
 1.26035418e+09  3.29892560e-02 
 1.28972490e+09  3.19105113e-02 
 1.31978006e+09  3.06139822e-02 
 1.35053561e+09  2.94816123e-02 
 1.38200788e+09  2.85024935e-02 
 1.41421356e+09  2.74866908e-02 
 1.44716975e+09  2.62484593e-02 
 1.48089393e+09  2.47178548e-02 
 1.51540401e+09  2.29635478e-02 
 1.55071830e+09  2.11344590e-02 
 1.58685553e+09  1.93778299e-02 
 1.62383489e+09  1.77894508e-02 
 1.66167599e+09  1.64056426e-02 
 1.70039893e+09  1.52185701e-02 
 1.74002425e+09  1.41982390e-02 
 1.78057299e+09  1.33119886e-02 
 1.82206665e+09  1.25347537e-02 
 1.86452726e+09  1.18489996e-02 
 1.90797735e+09  1.12412795e-02 
 1.95243999e+09  1.07013214e-02 
 1.99793876e+09  1.02233042e-02 
 2.04449781e+09  9.80692508e-03 
 2.09214185e+09  9.45688473e-03 
 2.14089617e+09  9.18001888e-03 
 2.19078664e+09  8.97953433e-03 
 2.24183974e+09  8.84758791e-03 
 2.29408255e+09  8.76255445e-03 
 2.34754280e+09  8.70246373e-03 
 2.40224887e+09  8.67172530e-03 
 2.45822978e+09  8.70152692e-03 
 2.51551525e+09  8.81221197e-03 
 2.57413567e+09  8.99514864e-03 
 2.63412215e+09  9.22830105e-03 
 2.69550653e+09  9.49175607e-03 
 2.75832139e+09  9.77197767e-03 
 2.82260005e+09  1.00607291e-02 
 2.88837664e+09  1.03532151e-02 
 2.95568605e+09  1.06467150e-02 
 3.02456401e+09  1.09397496e-02 
 3.09504707e+09  1.12316012e-02 
 3.16717263e+09  1.15220469e-02 
 3.24097898e+09  1.18112215e-02 
 3.31650528e+09  1.20995888e-02 
 3.39379160e+09  1.23880900e-02 
 3.47287898e+09  1.26789486e-02 
 3.55380937e+09  1.29817807e-02 
 3.63662572e+09  1.27618034e-02 
 3.72137199e+09  1.34918414e-02 
 3.80809314e+09  1.37979034e-02 
 3.89683521e+09  1.40996391e-02 
 3.98764528e+09  1.44092148e-02 
 4.08057155e+09  1.47491903e-02 
 4.17566333e+09  1.63987085e-02 
 4.27297108e+09  1.51963080e-02 
 4.37254645e+09  1.55616779e-02 
 4.47444228e+09  1.59109593e-02 
 4.57871264e+09  1.62740206e-02 
 4.68541287e+09  1.66834968e-02 
 4.79459960e+09  1.44901365e-02 
 4.90633076e+09  1.73034008e-02 
 5.02066566e+09  1.78322277e-02 
 5.13766496e+09  1.85123634e-02 
 5.25739076e+09  1.81646845e-02 
 5.37990660e+09  1.96352721e-02 
 5.50527749e+09  2.18396890e-02 
 5.63356997e+09  4.94042938e-02 
 5.76485211e+09  1.68990152e-02 
 5.89919360e+09  1.88479645e-02 
 6.03666571e+09  1.88292191e-02 
 6.17734142e+09  1.96658454e-02 
 6.32129537e+09  2.01970037e-02 
 6.46860395e+09  2.11361653e-02 
 6.61934535e+09  2.20524626e-02 
 6.77359956e+09  2.33678554e-02 
 6.93144843e+09  2.71424015e-02 
 7.09297575e+09  2.47092942e-02 
 7.25826722e+09  2.66495919e-02 
 7.42741057e+09  2.69330376e-02 
 7.60049556e+09  2.27602780e-02 
 7.77761404e+09  2.32249822e-02 
 7.95886001e+09  2.45456426e-02 
 8.14432966e+09  2.10209445e-02 
 8.33412140e+09  2.41256874e-02 
 8.52833597e+09  2.75376070e-02 
 8.72707642e+09  2.15250376e-02 
 8.93044823e+09  1.10476676e-02 
 9.13855932e+09  2.40045728e-02 
 9.35152014e+09  2.55765194e-02 
 9.56944371e+09  2.68150967e-02 
 9.79244566e+09  2.73240246e-02 
 1.00206443e+10  2.82656085e-02 
 1.02541609e+10  2.91506671e-02 
 1.04931192e+10  3.00255624e-02 
 1.07376460e+10  3.09137536e-02 
 1.09878712e+10  3.18288371e-02 
 1.12439276e+10  3.27823751e-02 
 1.15059509e+10  3.37865923e-02 
 1.17740804e+10  3.48563539e-02 
 1.20484582e+10  3.60115500e-02 
 1.23292299e+10  3.72807242e-02 
 1.26165447e+10  3.87069518e-02 
 1.29105549e+10  4.03560492e-02 
 1.32114166e+10  4.23130884e-02 
 1.35192894e+10  4.45015263e-02 
 1.38343368e+10  4.45695757e-02 
 1.41567259e+10  3.57259791e-02 
 1.44866277e+10  4.04542575e-02 
 1.48242175e+10  4.25832466e-02 
 1.51696743e+10  4.02499014e-02 
 1.55231815e+10  4.29092988e-02 
 1.58849266e+10  4.47245187e-02 
 1.62551017e+10  4.61746976e-02 
 1.66339032e+10  4.77668230e-02 
 1.70215321e+10  4.95112382e-02 
 1.74181941e+10  5.13907470e-02 
 1.78240998e+10  5.33937902e-02 
 1.82394645e+10  5.54896875e-02 
 1.86645086e+10  5.75774763e-02 
 1.90994578e+10  5.95134466e-02 
 1.95445429e+10  6.14683901e-02 
 2.00000000e+10  6.38821496e-02 
