 1.00000000e+08  2.10563089e-02 
 1.02330354e+08  2.11142637e-02 
 1.04715014e+08  2.11571932e-02 
 1.07155245e+08  2.11825413e-02 
 1.09652342e+08  2.11876078e-02 
 1.12207630e+08  2.11695976e-02 
 1.14822466e+08  2.11256867e-02 
 1.17498236e+08  2.10531053e-02 
 1.20236362e+08  2.09492364e-02 
 1.23038295e+08  2.08117287e-02 
 1.25905523e+08  2.06386160e-02 
 1.28839568e+08  2.04284373e-02 
 1.31841987e+08  2.01803481e-02 
 1.34914372e+08  1.98942127e-02 
 1.38058355e+08  1.95706678e-02 
 1.41275604e+08  1.92111493e-02 
 1.44567827e+08  1.88178771e-02 
 1.47936769e+08  1.83937976e-02 
 1.51384220e+08  1.79424866e-02 
 1.54912009e+08  1.74680206e-02 
 1.58522008e+08  1.69748272e-02 
 1.62216133e+08  1.64675266e-02 
 1.65996343e+08  1.59507766e-02 
 1.69864646e+08  1.54291306e-02 
 1.73823095e+08  1.49069175e-02 
 1.77873789e+08  1.43881478e-02 
 1.82018879e+08  1.38764464e-02 
 1.86260564e+08  1.33750137e-02 
 1.90601095e+08  1.28866091e-02 
 1.95042776e+08  1.24135551e-02 
 1.99587964e+08  1.19577572e-02 
 2.04239071e+08  1.15207338e-02 
 2.08998565e+08  1.11036544e-02 
 2.13868972e+08  1.07073818e-02 
 2.18852877e+08  1.03325158e-02 
 2.23952925e+08  9.97943861e-03 
 2.29171822e+08  9.64836144e-03 
 2.34512337e+08  9.33937417e-03 
 2.39977306e+08  9.05250416e-03 
 2.45569627e+08  8.78779489e-03 
 2.51292270e+08  8.54542862e-03 
 2.57148271e+08  8.32594786e-03 
 2.63140737e+08  8.13070930e-03 
 2.69272848e+08  7.96293430e-03 
 2.75547860e+08  7.83048446e-03 
 2.81969102e+08  7.75454112e-03 
 2.88539981e+08  7.80407227e-03 
 2.95263985e+08  8.29593315e-03 
 3.02144683e+08  1.20800436e-02 
 3.09185725e+08  1.36560216e-02 
 3.16390848e+08  8.61777339e-03 
 3.23763876e+08  1.51979547e-02 
 3.31308722e+08  9.80896004e-03 
 3.39029389e+08  8.25772727e-03 
 3.46929975e+08  1.57153762e-02 
 3.55014673e+08  8.49060693e-03 
 3.63287773e+08  7.94631224e-03 
 3.71753666e+08  7.87771301e-03 
 3.80416844e+08  8.02917337e-03 
 3.89281904e+08  8.68053124e-03 
 3.98353552e+08  1.28168582e-02 
 4.07636602e+08  1.05495697e-02 
 4.17135980e+08  8.22027034e-03 
 4.26856726e+08  8.11622673e-03 
 4.36804001e+08  8.47881716e-03 
 4.46983082e+08  1.16917195e-02 
 4.57399372e+08  8.44248049e-03 
 4.68058398e+08  8.61587244e-03 
 4.78965818e+08  9.12050350e-03 
 4.90127419e+08  9.97119936e-03 
 5.01549125e+08  1.19287502e-02 
 5.13236997e+08  1.61800469e-02 
 5.25197238e+08  1.62306162e-02 
 5.37436195e+08  1.04513120e-02 
 5.49960363e+08  8.01660716e-03 
 5.62776388e+08  9.61589956e-03 
 5.75891073e+08  1.46044095e-02 
 5.89311376e+08  8.35286299e-03 
 6.03044419e+08  7.81287216e-03 
 6.17097492e+08  8.08573214e-03 
 6.31478050e+08  8.51721708e-03 
 6.46193727e+08  8.98523503e-03 
 6.61252331e+08  9.09019464e-03 
 6.76661854e+08  9.67740107e-03 
 6.92430473e+08  1.01140491e-02 
 7.08566557e+08  1.06783205e-02 
 7.25078669e+08  1.14665953e-02 
 7.41975572e+08  1.31848647e-02 
 7.59266232e+08  1.11942279e-02 
 7.76959826e+08  1.21607241e-02 
 7.95065744e+08  1.31988010e-02 
 8.13593593e+08  1.43015804e-02 
 8.32553207e+08  1.55254685e-02 
 8.51954648e+08  1.68404043e-02 
 8.71808210e+08  1.80872036e-02 
 8.92124431e+08  1.89451162e-02 
 9.12914092e+08  1.90654173e-02 
 9.34188226e+08  1.83801435e-02 
 9.55958123e+08  1.71853889e-02 
 9.78235335e+08  1.58509561e-02 
 1.00103169e+09  1.45865682e-02 
 1.02435927e+09  1.34184688e-02 
 1.04823047e+09  1.27133058e-02 
 1.07265796e+09  1.19740074e-02 
 1.09765469e+09  1.22257322e-02 
 1.12323393e+09  1.30888358e-02 
 1.14940927e+09  1.39457670e-02 
 1.17619457e+09  1.46950942e-02 
 1.20360408e+09  1.54625335e-02 
 1.23165232e+09  1.61261586e-02 
 1.26035418e+09  1.69858777e-02 
 1.28972490e+09  1.77729927e-02 
 1.31978006e+09  1.85191135e-02 
 1.35053561e+09  1.91789787e-02 
 1.38200788e+09  1.96882075e-02 
 1.41421356e+09  1.99779376e-02 
 1.44716975e+09  1.96851228e-02 
 1.48089393e+09  2.01684667e-02 
 1.51540401e+09  2.01748705e-02 
 1.55071830e+09  2.02712137e-02 
 1.58685553e+09  2.05323290e-02 
 1.62383489e+09  2.09601994e-02 
 1.66167599e+09  2.15257254e-02 
 1.70039893e+09  2.21774528e-02 
 1.74002425e+09  2.27507303e-02 
 1.78057299e+09  2.10433939e-02 
 1.82206665e+09  2.38052272e-02 
 1.86452726e+09  2.40925464e-02 
 1.90797735e+09  2.61288173e-02 
 1.95243999e+09  2.71698563e-02 
 1.99793876e+09  2.80667437e-02 
 2.04449781e+09  2.88862865e-02 
 2.09214185e+09  2.96337124e-02 
 2.14089617e+09  3.03049500e-02 
 2.19078664e+09  3.08958466e-02 
 2.24183974e+09  3.14048418e-02 
 2.29408255e+09  3.18337442e-02 
 2.34754280e+09  3.21875834e-02 
 2.40224887e+09  3.24738886e-02 
 2.45822978e+09  3.27016459e-02 
 2.51551525e+09  3.28801532e-02 
 2.57413567e+09  3.30179343e-02 
 2.63412215e+09  3.31217871e-02 
 2.69550653e+09  3.31959134e-02 
 2.75832139e+09  3.32408938e-02 
 2.82260005e+09  3.32518777e-02 
 2.88837664e+09  3.32142398e-02 
 2.95568605e+09  3.30907977e-02 
 3.02456401e+09  3.27749360e-02 
 3.09504707e+09  3.18575532e-02 
 3.16717263e+09  2.93651174e-02 
 3.24097898e+09  3.44297029e-02 
 3.31650528e+09  3.47548314e-02 
 3.39379160e+09  3.46009844e-02 
 3.47287898e+09  3.44633563e-02 
 3.55380937e+09  3.43440352e-02 
 3.63662572e+09  3.42305500e-02 
 3.72137199e+09  3.41149383e-02 
 3.80809314e+09  3.39926651e-02 
 3.89683521e+09  3.38611367e-02 
 3.98764528e+09  3.37186245e-02 
 4.08057155e+09  3.35629355e-02 
 4.17566333e+09  3.33862577e-02 
 4.27297108e+09  3.30460491e-02 
 4.37254645e+09  3.31423485e-02 
 4.47444228e+09  3.29172531e-02 
 4.57871264e+09  3.27041930e-02 
 4.68541287e+09  3.24727814e-02 
 4.79459960e+09  3.21768339e-02 
 4.90633076e+09  3.12327936e-02 
 5.02066566e+09  3.23946702e-02 
 5.13766496e+09  3.19704864e-02 
 5.25739076e+09  3.16855980e-02 
 5.37990660e+09  3.13844480e-02 
 5.50527749e+09  3.03971631e-02 
 5.63356997e+09  3.10455255e-02 
 5.76485211e+09  3.09289704e-02 
 5.89919360e+09  3.05767365e-02 
 6.03666571e+09  2.99742274e-02 
 6.17734142e+09  2.61508713e-02 
 6.32129537e+09  2.97180226e-02 
 6.46860395e+09  2.96763416e-02 
 6.61934535e+09  2.92537903e-02 
 6.77359956e+09  2.67225031e-02 
 6.93144843e+09  2.71602153e-02 
 7.09297575e+09  2.97434614e-02 
 7.25826722e+09  2.94257372e-02 
 7.42741057e+09  2.93647030e-02 
 7.60049556e+09  2.95213269e-02 
 7.77761404e+09  2.60059688e-02 
 7.95886001e+09  2.87450650e-02 
 8.14432966e+09  2.83415499e-02 
 8.33412140e+09  2.76863739e-02 
 8.52833597e+09  2.83455400e-02 
 8.72707642e+09  1.46912856e-02 
 8.93044823e+09  2.52563429e-02 
 9.13855932e+09  2.80332984e-02 
 9.35152014e+09  2.62042938e-02 
 9.56944371e+09  2.79801601e-02 
 9.79244566e+09  2.77443800e-02 
 1.00206443e+10  2.80390138e-02 
 1.02541609e+10  2.80063870e-02 
 1.04931192e+10  2.79579909e-02 
 1.07376460e+10  2.79035813e-02 
 1.09878712e+10  2.78467141e-02 
 1.12439276e+10  2.77890539e-02 
 1.15059509e+10  2.77314105e-02 
 1.17740804e+10  2.76741095e-02 
 1.20484582e+10  2.76171184e-02 
 1.23292299e+10  2.75600252e-02 
 1.26165447e+10  2.75018239e-02 
 1.29105549e+10  2.74402332e-02 
 1.32114166e+10  2.73693068e-02 
 1.35192894e+10  2.72671776e-02 
 1.38343368e+10  2.69199094e-02 
 1.41567259e+10  2.72776564e-02 
 1.44866277e+10  2.69537228e-02 
 1.48242175e+10  2.33102070e-02 
 1.51696743e+10  2.69735433e-02 
 1.55231815e+10  2.71061632e-02 
 1.58849266e+10  2.71579933e-02 
 1.62551017e+10  2.71392093e-02 
 1.66339032e+10  2.71121529e-02 
 1.70215321e+10  2.70837545e-02 
 1.74181941e+10  2.70557210e-02 
 1.78240998e+10  2.70285820e-02 
 1.82394645e+10  2.70025063e-02 
 1.86645086e+10  2.69775326e-02 
 1.90994578e+10  2.69536485e-02 
 1.95445429e+10  2.69308209e-02 
 2.00000000e+10  2.69090084e-02 
