 1.00000000e+08  1.65243782e-02 
 1.02330354e+08  1.63888917e-02 
 1.04715014e+08  1.62367668e-02 
 1.07155245e+08  1.60675476e-02 
 1.09652342e+08  1.58809625e-02 
 1.12207630e+08  1.56769501e-02 
 1.14822466e+08  1.54556799e-02 
 1.17498236e+08  1.52175680e-02 
 1.20236362e+08  1.49632851e-02 
 1.23038295e+08  1.46937566e-02 
 1.25905523e+08  1.44101543e-02 
 1.28839568e+08  1.41138792e-02 
 1.31841987e+08  1.38065364e-02 
 1.34914372e+08  1.34899041e-02 
 1.38058355e+08  1.31658960e-02 
 1.41275604e+08  1.28365215e-02 
 1.44567827e+08  1.25038448e-02 
 1.47936769e+08  1.21699437e-02 
 1.51384220e+08  1.18368722e-02 
 1.54912009e+08  1.15066258e-02 
 1.58522008e+08  1.11811127e-02 
 1.62216133e+08  1.08621298e-02 
 1.65996343e+08  1.05513450e-02 
 1.69864646e+08  1.02502846e-02 
 1.73823095e+08  9.96032638e-03 
 1.77873789e+08  9.68269689e-03 
 1.82018879e+08  9.41847310e-03 
 1.86260564e+08  9.16858746e-03 
 1.90601095e+08  8.93383602e-03 
 1.95042776e+08  8.71488951e-03 
 1.99587964e+08  8.51230751e-03 
 2.04239071e+08  8.32655659e-03 
 2.08998565e+08  8.15803409e-03 
 2.13868972e+08  8.00710108e-03 
 2.18852877e+08  7.87413090e-03 
 2.23952925e+08  7.75958660e-03 
 2.29171822e+08  7.66415455e-03 
 2.34512337e+08  7.58899705e-03 
 2.39977306e+08  7.53628068e-03 
 2.45569627e+08  7.51042529e-03 
 2.51292270e+08  7.52155369e-03 
 2.57148271e+08  7.59727294e-03 
 2.63140737e+08  7.83769273e-03 
 2.69272848e+08  8.82790075e-03 
 2.75547860e+08  1.14452573e-02 
 2.81969102e+08  8.34933978e-03 
 2.88539981e+08  8.15121190e-03 
 2.95263985e+08  9.23642300e-03 
 3.02144683e+08  1.19459592e-02 
 3.09185725e+08  8.25954970e-03 
 3.16390848e+08  8.18208974e-03 
 3.23763876e+08  1.10625825e-02 
 3.31308722e+08  8.43890358e-03 
 3.39029389e+08  8.58782156e-03 
 3.46929975e+08  1.01265642e-02 
 3.55014673e+08  1.20341410e-02 
 3.63287773e+08  1.06932880e-02 
 3.71753666e+08  8.42774811e-03 
 3.80416844e+08  8.55267311e-03 
 3.89281904e+08  8.84603251e-03 
 3.98353552e+08  9.50709636e-03 
 4.07636602e+08  1.02967698e-02 
 4.17135980e+08  1.15564570e-02 
 4.26856726e+08  9.85401444e-03 
 4.36804001e+08  1.03932574e-02 
 4.46983082e+08  1.03605211e-02 
 4.57399372e+08  1.17379149e-02 
 4.68058398e+08  1.52053129e-02 
 4.78965818e+08  2.22199620e-02 
 4.90127419e+08  1.38939353e-02 
 5.01549125e+08  9.50355692e-03 
 5.13236997e+08  1.00090538e-02 
 5.25197238e+08  1.01132542e-02 
 5.37436195e+08  9.04877246e-03 
 5.49960363e+08  7.11343206e-03 
 5.62776388e+08  8.15976513e-03 
 5.75891073e+08  9.47829541e-03 
 5.89311376e+08  1.01597461e-02 
 6.03044419e+08  1.04780378e-02 
 6.17097492e+08  9.19705945e-03 
 6.31478050e+08  9.84433031e-03 
 6.46193727e+08  1.02492930e-02 
 6.61252331e+08  9.29870290e-03 
 6.76661854e+08  1.02345202e-02 
 6.92430473e+08  1.08007427e-02 
 7.08566557e+08  1.12522144e-02 
 7.25078669e+08  1.17929745e-02 
 7.41975572e+08  1.24333852e-02 
 7.59266232e+08  1.32451066e-02 
 7.76959826e+08  1.43279174e-02 
 7.95065744e+08  1.57824010e-02 
 8.13593593e+08  1.74716221e-02 
 8.32553207e+08  1.83679694e-02 
 8.51954648e+08  1.72446112e-02 
 8.71808210e+08  1.52475730e-02 
 8.92124431e+08  1.37888199e-02 
 9.12914092e+08  1.29915968e-02 
 9.34188226e+08  1.26149753e-02 
 9.55958123e+08  1.24755365e-02 
 9.78235335e+08  1.24741398e-02 
 1.00103169e+09  1.25679879e-02 
 1.02435927e+09  1.27644733e-02 
 1.04823047e+09  1.31628961e-02 
 1.07265796e+09  1.35318929e-02 
 1.09765469e+09  1.37742321e-02 
 1.12323393e+09  1.28854766e-02 
 1.14940927e+09  1.33077910e-02 
 1.17619457e+09  1.38070512e-02 
 1.20360408e+09  1.43037986e-02 
 1.23165232e+09  1.47103027e-02 
 1.26035418e+09  1.49645087e-02 
 1.28972490e+09  1.51250602e-02 
 1.31978006e+09  1.52760478e-02 
 1.35053561e+09  1.54523374e-02 
 1.38200788e+09  1.56563018e-02 
 1.41421356e+09  1.58807897e-02 
 1.44716975e+09  1.61182409e-02 
 1.48089393e+09  1.63635414e-02 
 1.51540401e+09  1.66144964e-02 
 1.55071830e+09  1.68707063e-02 
 1.58685553e+09  1.71319478e-02 
 1.62383489e+09  1.73972657e-02 
 1.66167599e+09  1.76651363e-02 
 1.70039893e+09  1.79344534e-02 
 1.74002425e+09  1.82056414e-02 
 1.78057299e+09  1.84808798e-02 
 1.82206665e+09  1.87631053e-02 
 1.86452726e+09  1.90547172e-02 
 1.90797735e+09  1.93569945e-02 
 1.95243999e+09  1.96702586e-02 
 1.99793876e+09  1.99942789e-02 
 2.04449781e+09  2.03285721e-02 
 2.09214185e+09  2.06725256e-02 
 2.14089617e+09  2.10253982e-02 
 2.19078664e+09  2.13862934e-02 
 2.24183974e+09  2.17542481e-02 
 2.29408255e+09  2.21286564e-02 
 2.34754280e+09  2.25101885e-02 
 2.40224887e+09  2.29015104e-02 
 2.45822978e+09  2.33060643e-02 
 2.51551525e+09  2.37256502e-02 
 2.57413567e+09  2.41600332e-02 
 2.63412215e+09  2.46082603e-02 
 2.69550653e+09  2.50695919e-02 
 2.75832139e+09  2.55436969e-02 
 2.82260005e+09  2.60305613e-02 
 2.88837664e+09  2.65303698e-02 
 2.95568605e+09  2.70434251e-02 
 3.02456401e+09  2.75700999e-02 
 3.09504707e+09  2.81108120e-02 
 3.16717263e+09  2.86660109e-02 
 3.24097898e+09  2.92361722e-02 
 3.31650528e+09  2.98217954e-02 
 3.39379160e+09  3.04234050e-02 
 3.47287898e+09  3.10415522e-02 
 3.55380937e+09  3.16768190e-02 
 3.63662572e+09  3.23298230e-02 
 3.72137199e+09  3.30012246e-02 
 3.80809314e+09  3.36917350e-02 
 3.89683521e+09  3.44021288e-02 
 3.98764528e+09  3.51332589e-02 
 4.08057155e+09  3.58860788e-02 
 4.17566333e+09  3.66616728e-02 
 4.27297108e+09  3.74613016e-02 
 4.37254645e+09  3.82864703e-02 
 4.47444228e+09  3.91390391e-02 
 4.57871264e+09  4.00214077e-02 
 4.68541287e+09  4.09368519e-02 
 4.79459960e+09  4.18901899e-02 
 4.90633076e+09  4.28892819e-02 
 5.02066566e+09  4.39503176e-02 
 5.13766496e+09  4.51009623e-02 
 5.25739076e+09  4.64619870e-02 
 5.37990660e+09  4.90317345e-02 
 5.50527749e+09  4.64082152e-02 
 5.63356997e+09  4.92018157e-02 
 5.76485211e+09  4.86016951e-02 
 5.89919360e+09  5.08723598e-02 
 6.03666571e+09  5.48247742e-02 
 6.17734142e+09  5.25439058e-02 
 6.32129537e+09  5.49409535e-02 
 6.46860395e+09  5.70869047e-02 
 6.61934535e+09  5.96775789e-02 
 6.77359956e+09  6.40188918e-02 
 6.93144843e+09  6.44900721e-02 
 7.09297575e+09  5.95692116e-02 
 7.25826722e+09  6.35175635e-02 
 7.42741057e+09  7.95262905e-02 
 7.60049556e+09  5.20020298e-02 
 7.77761404e+09  6.36739272e-02 
 7.95886001e+09  5.56206997e-02 
 8.14432966e+09  6.47605911e-02 
 8.33412140e+09  7.10107404e-02 
 8.52833597e+09  7.21717972e-02 
 8.72707642e+09  5.32619926e-02 
 8.93044823e+09  6.65608991e-02 
 9.13855932e+09  7.10198773e-02 
 9.35152014e+09  7.38719473e-02 
 9.56944371e+09  7.65533013e-02 
 9.79244566e+09  7.88491838e-02 
 1.00206443e+10  8.11725277e-02 
 1.02541609e+10  8.36078977e-02 
 1.04931192e+10  8.60287569e-02 
 1.07376460e+10  8.84929227e-02 
 1.09878712e+10  9.10221855e-02 
 1.12439276e+10  9.36345118e-02 
 1.15059509e+10  9.63479649e-02 
 1.17740804e+10  9.91827010e-02 
 1.20484582e+10  1.02162674e-01 
 1.23292299e+10  1.05317310e-01 
 1.26165447e+10  1.08682643e-01 
 1.29105549e+10  1.12299122e-01 
 1.32114166e+10  1.16192823e-01 
 1.35192894e+10  1.20264468e-01 
 1.38343368e+10  1.23408787e-01 
 1.41567259e+10  1.09397458e-01 
 1.44866277e+10  1.07762873e-01 
 1.48242175e+10  1.19606820e-01 
 1.51696743e+10  1.02744422e-01 
 1.55231815e+10  1.19662844e-01 
 1.58849266e+10  1.21239468e-01 
 1.62551017e+10  1.24118757e-01 
 1.66339032e+10  1.27979686e-01 
 1.70215321e+10  1.32253894e-01 
 1.74181941e+10  1.36684143e-01 
 1.78240998e+10  1.41124291e-01 
 1.82394645e+10  1.45360700e-01 
 1.86645086e+10  1.48943068e-01 
 1.90994578e+10  1.51473839e-01 
 1.95445429e+10  1.53933588e-01 
 2.00000000e+10  1.57713570e-01 
