 1.00000000e+08  1.66664661e-02 
 1.02330354e+08  1.65382204e-02 
 1.04715014e+08  1.63931416e-02 
 1.07155245e+08  1.62308079e-02 
 1.09652342e+08  1.60509939e-02 
 1.12207630e+08  1.58536959e-02 
 1.14822466e+08  1.56391546e-02 
 1.17498236e+08  1.54078698e-02 
 1.20236362e+08  1.51606092e-02 
 1.23038295e+08  1.48984075e-02 
 1.25905523e+08  1.46225578e-02 
 1.28839568e+08  1.43345927e-02 
 1.31841987e+08  1.40362583e-02 
 1.34914372e+08  1.37294803e-02 
 1.38058355e+08  1.34163251e-02 
 1.41275604e+08  1.30989570e-02 
 1.44567827e+08  1.27795942e-02 
 1.47936769e+08  1.24604652e-02 
 1.51384220e+08  1.21437671e-02 
 1.54912009e+08  1.18316288e-02 
 1.58522008e+08  1.15260773e-02 
 1.62216133e+08  1.12290113e-02 
 1.65996343e+08  1.09421789e-02 
 1.69864646e+08  1.06671619e-02 
 1.73823095e+08  1.04053653e-02 
 1.77873789e+08  1.01580117e-02 
 1.82018879e+08  9.92614016e-03 
 1.86260564e+08  9.71060929e-03 
 1.90601095e+08  9.51210417e-03 
 1.95042776e+08  9.33114728e-03 
 1.99587964e+08  9.16811368e-03 
 2.04239071e+08  9.02325145e-03 
 2.08998565e+08  8.89670945e-03 
 2.13868972e+08  8.78857616e-03 
 2.18852877e+08  8.69893727e-03 
 2.23952925e+08  8.62796740e-03 
 2.29171822e+08  8.57608951e-03 
 2.34512337e+08  8.54427970e-03 
 2.39977306e+08  8.53471541e-03 
 2.45569627e+08  8.55233296e-03 
 2.51292270e+08  8.60918095e-03 
 2.57148271e+08  8.73933149e-03 
 2.63140737e+08  9.06773665e-03 
 2.69272848e+08  1.03073932e-02 
 2.75547860e+08  1.31730735e-02 
 2.81969102e+08  9.16152338e-03 
 2.88539981e+08  8.51017931e-03 
 2.95263985e+08  8.12034921e-03 
 3.02144683e+08  9.20959581e-03 
 3.09185725e+08  9.72277014e-03 
 3.16390848e+08  9.94069080e-03 
 3.23763876e+08  1.28394067e-02 
 3.31308722e+08  1.02466659e-02 
 3.39029389e+08  1.04459479e-02 
 3.46929975e+08  1.21131954e-02 
 3.55014673e+08  1.38689147e-02 
 3.63287773e+08  1.02881349e-02 
 3.71753666e+08  1.07060894e-02 
 3.80416844e+08  9.22880531e-03 
 3.89281904e+08  1.03088900e-02 
 3.98353552e+08  1.12804962e-02 
 4.07636602e+08  1.21002528e-02 
 4.17135980e+08  1.11203495e-02 
 4.26856726e+08  1.08864317e-02 
 4.36804001e+08  1.13198247e-02 
 4.46983082e+08  1.15079673e-02 
 4.57399372e+08  1.20711939e-02 
 4.68058398e+08  1.30210282e-02 
 4.78965818e+08  1.46915493e-02 
 4.90127419e+08  1.33011324e-02 
 5.01549125e+08  1.47217150e-02 
 5.13236997e+08  1.81579350e-02 
 5.25197238e+08  1.72807031e-02 
 5.37436195e+08  1.97271536e-02 
 5.49960363e+08  1.52405173e-02 
 5.62776388e+08  1.36894005e-02 
 5.75891073e+08  1.28319270e-02 
 5.89311376e+08  1.57822054e-02 
 6.03044419e+08  1.64444737e-02 
 6.17097492e+08  1.18687365e-02 
 6.31478050e+08  9.47100253e-03 
 6.46193727e+08  1.16177862e-02 
 6.61252331e+08  1.20578073e-02 
 6.76661854e+08  1.33156932e-02 
 6.92430473e+08  1.44877929e-02 
 7.08566557e+08  1.53808945e-02 
 7.25078669e+08  1.64842457e-02 
 7.41975572e+08  1.77953864e-02 
 7.59266232e+08  1.94482243e-02 
 7.76959826e+08  2.16193696e-02 
 7.95065744e+08  2.44574725e-02 
 8.13593593e+08  2.76154480e-02 
 8.32553207e+08  2.90764527e-02 
 8.51954648e+08  2.65849421e-02 
 8.71808210e+08  2.23975206e-02 
 8.92124431e+08  1.92867794e-02 
 9.12914092e+08  1.75721403e-02 
 9.34188226e+08  1.68050198e-02 
 9.55958123e+08  1.66159160e-02 
 9.78235335e+08  1.68098511e-02 
 1.00103169e+09  1.73366831e-02 
 1.02435927e+09  1.83227733e-02 
 1.04823047e+09  1.99028913e-02 
 1.07265796e+09  1.99552033e-02 
 1.09765469e+09  2.03220537e-02 
 1.12323393e+09  2.05323460e-02 
 1.14940927e+09  2.29785949e-02 
 1.17619457e+09  2.55166650e-02 
 1.20360408e+09  2.77271083e-02 
 1.23165232e+09  2.89664555e-02 
 1.26035418e+09  2.91543639e-02 
 1.28972490e+09  2.90294765e-02 
 1.31978006e+09  2.91583512e-02 
 1.35053561e+09  2.95393461e-02 
 1.38200788e+09  2.98744671e-02 
 1.41421356e+09  2.98100999e-02 
 1.44716975e+09  2.90912312e-02 
 1.48089393e+09  2.76758501e-02 
 1.51540401e+09  2.57445062e-02 
 1.55071830e+09  2.35846092e-02 
 1.58685553e+09  2.14517782e-02 
 1.62383489e+09  1.95024466e-02 
 1.66167599e+09  1.77976418e-02 
 1.70039893e+09  1.63360854e-02 
 1.74002425e+09  1.50877167e-02 
 1.78057299e+09  1.40166331e-02 
 1.82206665e+09  1.30914795e-02 
 1.86452726e+09  1.22871470e-02 
 1.90797735e+09  1.15838234e-02 
 1.95243999e+09  1.09667432e-02 
 1.99793876e+09  1.04267233e-02 
 2.04449781e+09  9.96053070e-03 
 2.09214185e+09  9.57020519e-03 
 2.14089617e+09  9.26040054e-03 
 2.19078664e+09  9.03290653e-03 
 2.24183974e+09  8.87933537e-03 
 2.29408255e+09  8.77808251e-03 
 2.34754280e+09  8.70691251e-03 
 2.40224887e+09  8.66889458e-03 
 2.45822978e+09  8.69326992e-03 
 2.51551525e+09  8.79890464e-03 
 2.57413567e+09  8.97641787e-03 
 2.63412215e+09  9.20349645e-03 
 2.69550653e+09  9.46016844e-03 
 2.75832139e+09  9.73290593e-03 
 2.82260005e+09  1.00134817e-02 
 2.88837664e+09  1.02970916e-02 
 2.95568605e+09  1.05809845e-02 
 3.02456401e+09  1.08636269e-02 
 3.09504707e+09  1.11442191e-02 
 3.16717263e+09  1.14224148e-02 
 3.24097898e+09  1.16981554e-02 
 3.31650528e+09  1.19715696e-02 
 3.39379160e+09  1.22429104e-02 
 3.47287898e+09  1.25125141e-02 
 3.55380937e+09  1.27807743e-02 
 3.63662572e+09  1.30481237e-02 
 3.72137199e+09  1.33150231e-02 
 3.80809314e+09  1.35819534e-02 
 3.89683521e+09  1.38494125e-02 
 3.98764528e+09  1.41179124e-02 
 4.08057155e+09  1.43879809e-02 
 4.17566333e+09  1.46601641e-02 
 4.27297108e+09  1.49350321e-02 
 4.37254645e+09  1.52131886e-02 
 4.47444228e+09  1.54952873e-02 
 4.57871264e+09  1.57820581e-02 
 4.68541287e+09  1.60743553e-02 
 4.79459960e+09  1.63732507e-02 
 4.90633076e+09  1.66802411e-02 
 5.02066566e+09  1.69980434e-02 
 5.13766496e+09  1.73305399e-02 
 5.25739076e+09  1.76948712e-02 
 5.37990660e+09  1.82308886e-02 
 5.50527749e+09  1.80948711e-02 
 5.63356997e+09  1.86597350e-02 
 5.76485211e+09  1.95079361e-02 
 5.89919360e+09  1.92742490e-02 
 6.03666571e+09  2.01622734e-02 
 6.17734142e+09  1.98147305e-02 
 6.32129537e+09  2.04873441e-02 
 6.46860395e+09  2.10558191e-02 
 6.61934535e+09  2.17410485e-02 
 6.77359956e+09  2.28872894e-02 
 6.93144843e+09  2.38169220e-02 
 7.09297575e+09  3.59404993e-02 
 7.25826722e+09  2.25280901e-02 
 7.42741057e+09  2.47779330e-02 
 7.60049556e+09  2.40374576e-02 
 7.77761404e+09  2.98345682e-02 
 7.95886001e+09  2.27941506e-02 
 8.14432966e+09  2.31707990e-02 
 8.33412140e+09  2.44852069e-02 
 8.52833597e+09  2.51240555e-02 
 8.72707642e+09  2.37018347e-02 
 8.93044823e+09  2.54756510e-02 
 9.13855932e+09  2.64142655e-02 
 9.35152014e+09  2.71900198e-02 
 9.56944371e+09  2.78942146e-02 
 9.79244566e+09  2.85960390e-02 
 1.00206443e+10  2.93196707e-02 
 1.02541609e+10  3.00843110e-02 
 1.04931192e+10  3.08633002e-02 
 1.07376460e+10  3.16693975e-02 
 1.09878712e+10  3.25087332e-02 
 1.12439276e+10  3.33874116e-02 
 1.15059509e+10  3.43125155e-02 
 1.17740804e+10  3.52929215e-02 
 1.20484582e+10  3.63403979e-02 
 1.23292299e+10  3.74713441e-02 
 1.26165447e+10  3.87097750e-02 
 1.29105549e+10  4.00927535e-02 
 1.32114166e+10  4.16805857e-02 
 1.35192894e+10  4.35727066e-02 
 1.38343368e+10  4.58398870e-02 
 1.41567259e+10  4.45208676e-02 
 1.44866277e+10  3.71640894e-02 
 1.48242175e+10  4.30959180e-02 
 1.51696743e+10  4.12448864e-02 
 1.55231815e+10  4.48832903e-02 
 1.58849266e+10  4.60187414e-02 
 1.62551017e+10  4.73002285e-02 
 1.66339032e+10  4.88606833e-02 
 1.70215321e+10  5.06192703e-02 
 1.74181941e+10  5.25322103e-02 
 1.78240998e+10  5.45781613e-02 
 1.82394645e+10  5.67193477e-02 
 1.86645086e+10  5.88422258e-02 
 1.90994578e+10  6.07916174e-02 
 1.95445429e+10  6.27736642e-02 
 2.00000000e+10  6.52702306e-02 
