 1.00000000e+08  1.60911028e-02 
 1.02330354e+08  1.59656435e-02 
 1.04715014e+08  1.58238661e-02 
 1.07155245e+08  1.56652913e-02 
 1.09652342e+08  1.54896164e-02 
 1.12207630e+08  1.52967404e-02 
 1.14822466e+08  1.50867848e-02 
 1.17498236e+08  1.48601087e-02 
 1.20236362e+08  1.46173169e-02 
 1.23038295e+08  1.43592608e-02 
 1.25905523e+08  1.40870299e-02 
 1.28839568e+08  1.38019359e-02 
 1.31841987e+08  1.35054884e-02 
 1.34914372e+08  1.31993642e-02 
 1.38058355e+08  1.28853719e-02 
 1.41275604e+08  1.25654122e-02 
 1.44567827e+08  1.22414383e-02 
 1.47936769e+08  1.19154160e-02 
 1.51384220e+08  1.15892865e-02 
 1.54912009e+08  1.12649330e-02 
 1.58522008e+08  1.09441525e-02 
 1.62216133e+08  1.06286320e-02 
 1.65996343e+08  1.03199314e-02 
 1.69864646e+08  1.00194719e-02 
 1.73823095e+08  9.72852859e-03 
 1.77873789e+08  9.44822883e-03 
 1.82018879e+08  9.17955402e-03 
 1.86260564e+08  8.92334495e-03 
 1.90601095e+08  8.68031010e-03 
 1.95042776e+08  8.45103651e-03 
 1.99587964e+08  8.23600335e-03 
 2.04239071e+08  8.03559854e-03 
 2.08998565e+08  7.85013996e-03 
 2.13868972e+08  7.67990369e-03 
 2.18852877e+08  7.52516508e-03 
 2.23952925e+08  7.38626370e-03 
 2.29171822e+08  7.26371640e-03 
 2.34512337e+08  7.15843489e-03 
 2.39977306e+08  7.07219158e-03 
 2.45569627e+08  7.00875111e-03 
 2.51292270e+08  6.97708845e-03 
 2.57148271e+08  7.00273252e-03 
 2.63140737e+08  7.18263251e-03 
 2.69272848e+08  8.11403140e-03 
 2.75547860e+08  1.09850507e-02 
 2.81969102e+08  7.83502554e-03 
 2.88539981e+08  7.49109309e-03 
 2.95263985e+08  8.49096616e-03 
 3.02144683e+08  1.15519701e-02 
 3.09185725e+08  7.73383393e-03 
 3.16390848e+08  7.53493433e-03 
 3.23763876e+08  1.13017149e-02 
 3.31308722e+08  7.78622666e-03 
 3.39029389e+08  7.65507667e-03 
 3.46929975e+08  9.03813748e-03 
 3.55014673e+08  1.14657834e-02 
 3.63287773e+08  1.03335580e-02 
 3.71753666e+08  7.67432893e-03 
 3.80416844e+08  7.64226991e-03 
 3.89281904e+08  7.85570356e-03 
 3.98353552e+08  8.61665715e-03 
 4.07636602e+08  9.72986347e-03 
 4.17135980e+08  1.16521026e-02 
 4.26856726e+08  8.95767421e-03 
 4.36804001e+08  8.60055083e-03 
 4.46983082e+08  8.15236198e-03 
 4.57399372e+08  8.81350584e-03 
 4.68058398e+08  9.35510086e-03 
 4.78965818e+08  1.12154915e-02 
 4.90127419e+08  8.60528386e-03 
 5.01549125e+08  7.95397666e-03 
 5.13236997e+08  8.17959203e-03 
 5.25197238e+08  8.36712282e-03 
 5.37436195e+08  7.82162700e-03 
 5.49960363e+08  8.46213963e-03 
 5.62776388e+08  8.46871016e-03 
 5.75891073e+08  8.72004434e-03 
 5.89311376e+08  7.86417096e-03 
 6.03044419e+08  8.25318271e-03 
 6.17097492e+08  8.63299962e-03 
 6.31478050e+08  8.89118699e-03 
 6.46193727e+08  9.27001601e-03 
 6.61252331e+08  9.39209640e-03 
 6.76661854e+08  9.30073291e-03 
 6.92430473e+08  9.92037628e-03 
 7.08566557e+08  1.03345548e-02 
 7.25078669e+08  1.07856119e-02 
 7.41975572e+08  1.13461004e-02 
 7.59266232e+08  1.20694189e-02 
 7.76959826e+08  1.30372962e-02 
 7.95065744e+08  1.43239008e-02 
 8.13593593e+08  1.57704048e-02 
 8.32553207e+08  1.64117146e-02 
 8.51954648e+08  1.51932052e-02 
 8.71808210e+08  1.32595198e-02 
 8.92124431e+08  1.18968265e-02 
 9.12914092e+08  1.11779183e-02 
 9.34188226e+08  1.08578194e-02 
 9.55958123e+08  1.07588661e-02 
 9.78235335e+08  1.07874650e-02 
 1.00103169e+09  1.09034677e-02 
 1.02435927e+09  1.11109532e-02 
 1.04823047e+09  1.14643074e-02 
 1.07265796e+09  1.15685543e-02 
 1.09765469e+09  1.18302346e-02 
 1.12323393e+09  1.22133497e-02 
 1.14940927e+09  1.26871708e-02 
 1.17619457e+09  1.32107323e-02 
 1.20360408e+09  1.36837515e-02 
 1.23165232e+09  1.39431479e-02 
 1.26035418e+09  1.39541632e-02 
 1.28972490e+09  1.38797967e-02 
 1.31978006e+09  1.38584538e-02 
 1.35053561e+09  1.39199684e-02 
 1.38200788e+09  1.40465803e-02 
 1.41421356e+09  1.42149920e-02 
 1.44716975e+09  1.44075946e-02 
 1.48089393e+09  1.46137613e-02 
 1.51540401e+09  1.48286231e-02 
 1.55071830e+09  1.50504885e-02 
 1.58685553e+09  1.52782334e-02 
 1.62383489e+09  1.55100010e-02 
 1.66167599e+09  1.57434340e-02 
 1.70039893e+09  1.59769509e-02 
 1.74002425e+09  1.62110905e-02 
 1.78057299e+09  1.64486378e-02 
 1.82206665e+09  1.66932162e-02 
 1.86452726e+09  1.69476238e-02 
 1.90797735e+09  1.72131654e-02 
 1.95243999e+09  1.74899365e-02 
 1.99793876e+09  1.77773765e-02 
 2.04449781e+09  1.80746570e-02 
 2.09214185e+09  1.83808338e-02 
 2.14089617e+09  1.86948447e-02 
 2.19078664e+09  1.90154789e-02 
 2.24183974e+09  1.93414902e-02 
 2.29408255e+09  1.96721104e-02 
 2.34754280e+09  2.00081329e-02 
 2.40224887e+09  2.03527180e-02 
 2.45822978e+09  2.07098721e-02 
 2.51551525e+09  2.10815683e-02 
 2.57413567e+09  2.14673436e-02 
 2.63412215e+09  2.18659125e-02 
 2.69550653e+09  2.22762747e-02 
 2.75832139e+09  2.26979347e-02 
 2.82260005e+09  2.31307811e-02 
 2.88837664e+09  2.35749409e-02 
 2.95568605e+09  2.40306803e-02 
 3.02456401e+09  2.44983468e-02 
 3.09504707e+09  2.49783390e-02 
 3.16717263e+09  2.54710905e-02 
 3.24097898e+09  2.59770633e-02 
 3.31650528e+09  2.64967449e-02 
 3.39379160e+09  2.70306496e-02 
 3.47287898e+09  2.75793201e-02 
 3.55380937e+09  2.81433325e-02 
 3.63662572e+09  2.87233015e-02 
 3.72137199e+09  2.93198884e-02 
 3.80809314e+09  2.99338108e-02 
 3.89683521e+09  3.05658561e-02 
 3.98764528e+09  3.12168994e-02 
 4.08057155e+09  3.18879283e-02 
 4.17566333e+09  3.25800782e-02 
 4.27297108e+09  3.32946843e-02 
 4.37254645e+09  3.40333608e-02 
 4.47444228e+09  3.47981278e-02 
 4.57871264e+09  3.55916260e-02 
 4.68541287e+09  3.64175068e-02 
 4.79459960e+09  3.72812067e-02 
 4.90633076e+09  3.81916932e-02 
 5.02066566e+09  3.91676374e-02 
 5.13766496e+09  4.02409991e-02 
 5.25739076e+09  4.15523838e-02 
 5.37990660e+09  4.42663062e-02 
 5.50527749e+09  4.09169686e-02 
 5.63356997e+09  4.38726377e-02 
 5.76485211e+09  4.32799050e-02 
 5.89919360e+09  4.51976643e-02 
 6.03666571e+09  4.94816352e-02 
 6.17734142e+09  4.64853607e-02 
 6.32129537e+09  4.89195736e-02 
 6.46860395e+09  5.10463143e-02 
 6.61934535e+09  5.36669252e-02 
 6.77359956e+09  5.83025641e-02 
 6.93144843e+09  5.85526434e-02 
 7.09297575e+09  5.21476078e-02 
 7.25826722e+09  5.57976135e-02 
 7.42741057e+09  7.08826771e-02 
 7.60049556e+09  4.61833374e-02 
 7.77761404e+09  5.65624989e-02 
 7.95886001e+09  5.39179224e-02 
 8.14432966e+09  5.99788226e-02 
 8.33412140e+09  6.99813943e-02 
 8.52833597e+09  3.04614711e-02 
 8.72707642e+09  4.49565349e-02 
 8.93044823e+09  5.65922339e-02 
 9.13855932e+09  6.11247180e-02 
 9.35152014e+09  6.39730659e-02 
 9.56944371e+09  6.66146667e-02 
 9.79244566e+09  6.88053830e-02 
 1.00206443e+10  7.10022348e-02 
 1.02541609e+10  7.33103849e-02 
 1.04931192e+10  7.55869342e-02 
 1.07376460e+10  7.78987555e-02 
 1.09878712e+10  8.02716318e-02 
 1.12439276e+10  8.27269337e-02 
 1.15059509e+10  8.52862404e-02 
 1.17740804e+10  8.79738268e-02 
 1.20484582e+10  9.08189425e-02 
 1.23292299e+10  9.38583317e-02 
 1.26165447e+10  9.71388058e-02 
 1.29105549e+10  1.00717732e-01 
 1.32114166e+10  1.04649868e-01 
 1.35192894e+10  1.08889440e-01 
 1.38343368e+10  1.12428666e-01 
 1.41567259e+10  9.78581846e-02 
 1.44866277e+10  9.18151955e-02 
 1.48242175e+10  1.05403843e-01 
 1.51696743e+10  8.52329504e-02 
 1.55231815e+10  1.03418443e-01 
 1.58849266e+10  1.04455071e-01 
 1.62551017e+10  1.06848713e-01 
 1.66339032e+10  1.10373961e-01 
 1.70215321e+10  1.14386099e-01 
 1.74181941e+10  1.18582787e-01 
 1.78240998e+10  1.22792762e-01 
 1.82394645e+10  1.26770033e-01 
 1.86645086e+10  1.29986673e-01 
 1.90994578e+10  1.31933122e-01 
 1.95445429e+10  1.33682161e-01 
 2.00000000e+10  1.36900442e-01 
