 1.00000000e+08  1.65974252e-02 
 1.02330354e+08  1.64676061e-02 
 1.04715014e+08  1.63212202e-02 
 1.07155245e+08  1.61579149e-02 
 1.09652342e+08  1.59775400e-02 
 1.12207630e+08  1.57801730e-02 
 1.14822466e+08  1.55661401e-02 
 1.17498236e+08  1.53360308e-02 
 1.20236362e+08  1.50907047e-02 
 1.23038295e+08  1.48312899e-02 
 1.25905523e+08  1.45591720e-02 
 1.28839568e+08  1.42759742e-02 
 1.31841987e+08  1.39835294e-02 
 1.34914372e+08  1.36838442e-02 
 1.38058355e+08  1.33790584e-02 
 1.41275604e+08  1.30714003e-02 
 1.44567827e+08  1.27631410e-02 
 1.47936769e+08  1.24565486e-02 
 1.51384220e+08  1.21538457e-02 
 1.54912009e+08  1.18571700e-02 
 1.58522008e+08  1.15685401e-02 
 1.62216133e+08  1.12898269e-02 
 1.65996343e+08  1.10227315e-02 
 1.69864646e+08  1.07687680e-02 
 1.73823095e+08  1.05292541e-02 
 1.77873789e+08  1.03053051e-02 
 1.82018879e+08  1.00978349e-02 
 1.86260564e+08  9.90756139e-03 
 1.90601095e+08  9.73501610e-03 
 1.95042776e+08  9.58055946e-03 
 1.99587964e+08  9.44440040e-03 
 2.04239071e+08  9.32662181e-03 
 2.08998565e+08  9.22721308e-03 
 2.13868972e+08  9.14611278e-03 
 2.18852877e+08  9.08326721e-03 
 2.23952925e+08  9.03871695e-03 
 2.29171822e+08  9.01273682e-03 
 2.34512337e+08  9.00608741e-03 
 2.39977306e+08  9.02052308e-03 
 2.45569627e+08  9.05996364e-03 
 2.51292270e+08  9.13366871e-03 
 2.57148271e+08  9.26689420e-03 
 2.63140737e+08  9.54987177e-03 
 2.69272848e+08  1.05013606e-02 
 2.75547860e+08  1.27446701e-02 
 2.81969102e+08  9.98579712e-03 
 2.88539981e+08  9.92477836e-03 
 2.95263985e+08  1.09207232e-02 
 3.02144683e+08  1.29707389e-02 
 3.09185725e+08  9.97361143e-03 
 3.16390848e+08  1.01100871e-02 
 3.23763876e+08  1.30563809e-02 
 3.31308722e+08  1.01513302e-02 
 3.39029389e+08  1.03830496e-02 
 3.46929975e+08  1.17176776e-02 
 3.55014673e+08  1.34731552e-02 
 3.63287773e+08  1.14934477e-02 
 3.71753666e+08  1.02143696e-02 
 3.80416844e+08  1.05588967e-02 
 3.89281904e+08  1.07531545e-02 
 3.98353552e+08  1.12308114e-02 
 4.07636602e+08  1.17684873e-02 
 4.17135980e+08  1.24866851e-02 
 4.26856726e+08  1.14624052e-02 
 4.36804001e+08  1.17372017e-02 
 4.46983082e+08  1.17252555e-02 
 4.57399372e+08  1.21690249e-02 
 4.68058398e+08  1.29773781e-02 
 4.78965818e+08  1.40773652e-02 
 4.90127419e+08  1.31340940e-02 
 5.01549125e+08  1.42258952e-02 
 5.13236997e+08  1.66730867e-02 
 5.25197238e+08  1.54874434e-02 
 5.37436195e+08  1.26747375e-02 
 5.49960363e+08  1.00543266e-02 
 5.62776388e+08  1.18105542e-02 
 5.75891073e+08  1.34201705e-02 
 5.89311376e+08  1.44726184e-02 
 6.03044419e+08  1.33238191e-02 
 6.17097492e+08  1.36059096e-02 
 6.31478050e+08  1.42954198e-02 
 6.46193727e+08  1.53505202e-02 
 6.61252331e+08  1.40954700e-02 
 6.76661854e+08  1.51128240e-02 
 6.92430473e+08  1.68156560e-02 
 7.08566557e+08  1.66861127e-02 
 7.25078669e+08  1.78882818e-02 
 7.41975572e+08  1.93623700e-02 
 7.59266232e+08  2.13144952e-02 
 7.76959826e+08  2.39985326e-02 
 7.95065744e+08  2.76589981e-02 
 8.13593593e+08  3.19588875e-02 
 8.32553207e+08  3.44166991e-02 
 8.51954648e+08  3.18684730e-02 
 8.71808210e+08  2.66647090e-02 
 8.92124431e+08  2.23192704e-02 
 9.12914092e+08  1.94929876e-02 
 9.34188226e+08  1.77989066e-02 
 9.55958123e+08  1.68465998e-02 
 9.78235335e+08  1.64103784e-02 
 1.00103169e+09  1.64314331e-02 
 1.02435927e+09  1.70944902e-02 
 1.04823047e+09  1.88450534e-02 
 1.07265796e+09  1.88521042e-02 
 1.09765469e+09  2.02698070e-02 
 1.12323393e+09  2.18477970e-02 
 1.14940927e+09  2.59481967e-02 
 1.17619457e+09  3.09663964e-02 
 1.20360408e+09  3.58553554e-02 
 1.23165232e+09  3.87029426e-02 
 1.26035418e+09  3.84221431e-02 
 1.28972490e+09  3.61255906e-02 
 1.31978006e+09  3.34620666e-02 
 1.35053561e+09  3.12567301e-02 
 1.38200788e+09  2.96609153e-02 
 1.41421356e+09  2.85334938e-02 
 1.44716975e+09  2.76497790e-02 
 1.48089393e+09  2.68188877e-02 
 1.51540401e+09  2.59461206e-02 
 1.55071830e+09  2.50270399e-02 
 1.58685553e+09  2.40991382e-02 
 1.62383489e+09  2.31999175e-02 
 1.66167599e+09  2.23503912e-02 
 1.70039893e+09  2.15559019e-02 
 1.74002425e+09  2.08131420e-02 
 1.78057299e+09  2.01172314e-02 
 1.82206665e+09  1.94658007e-02 
 1.86452726e+09  1.88594403e-02 
 1.90797735e+09  1.83000669e-02 
 1.95243999e+09  1.77889686e-02 
 1.99793876e+09  1.73251519e-02 
 2.04449781e+09  1.69039219e-02 
 2.09214185e+09  1.65158036e-02 
 2.14089617e+09  1.61467104e-02 
 2.19078664e+09  1.57814788e-02 
 2.24183974e+09  1.54131925e-02 
 2.29408255e+09  1.50561333e-02 
 2.34754280e+09  1.47494990e-02 
 2.40224887e+09  1.45387061e-02 
 2.45822978e+09  1.44470437e-02 
 2.51551525e+09  1.44665013e-02 
 2.57413567e+09  1.45710312e-02 
 2.63412215e+09  1.47328275e-02 
 2.69550653e+09  1.49301981e-02 
 2.75832139e+09  1.51485138e-02 
 2.82260005e+09  1.53785646e-02 
 2.88837664e+09  1.56147136e-02 
 2.95568605e+09  1.58535377e-02 
 3.02456401e+09  1.60929626e-02 
 3.09504707e+09  1.63317428e-02 
 3.16717263e+09  1.65691544e-02 
 3.24097898e+09  1.68048120e-02 
 3.31650528e+09  1.70385591e-02 
 3.39379160e+09  1.72703990e-02 
 3.47287898e+09  1.75004508e-02 
 3.55380937e+09  1.77289213e-02 
 3.63662572e+09  1.79560849e-02 
 3.72137199e+09  1.81822714e-02 
 3.80809314e+09  1.84078579e-02 
 3.89683521e+09  1.86332635e-02 
 3.98764528e+09  1.88589480e-02 
 4.08057155e+09  1.90854128e-02 
 4.17566333e+09  1.93132048e-02 
 4.27297108e+09  1.95429245e-02 
 4.37254645e+09  1.97752388e-02 
 4.47444228e+09  2.00109018e-02 
 4.57871264e+09  2.02507886e-02 
 4.68541287e+09  2.04959531e-02 
 4.79459960e+09  2.07477304e-02 
 4.90633076e+09  2.10079130e-02 
 5.02066566e+09  2.12776373e-02 
 5.13766496e+09  2.15709699e-02 
 5.25739076e+09  2.18963015e-02 
 5.37990660e+09  2.24135999e-02 
 5.50527749e+09  2.21743995e-02 
 5.63356997e+09  2.27482136e-02 
 5.76485211e+09  2.34989326e-02 
 5.89919360e+09  2.32200464e-02 
 6.03666571e+09  2.41347397e-02 
 6.17734142e+09  2.38969165e-02 
 6.32129537e+09  2.45219411e-02 
 6.46860395e+09  2.51712369e-02 
 6.61934535e+09  2.60023403e-02 
 6.77359956e+09  2.74094098e-02 
 6.93144843e+09  2.84989612e-02 
 7.09297575e+09  2.81071038e-02 
 7.25826722e+09  3.11215481e-02 
 7.42741057e+09  4.83711565e-02 
 7.60049556e+09  1.29957212e-02 
 7.77761404e+09  2.33419092e-02 
 7.95886001e+09  1.88889085e-02 
 8.14432966e+09  2.29311259e-02 
 8.33412140e+09  2.54589300e-02 
 8.52833597e+09  2.49043448e-02 
 8.72707642e+09  2.25071277e-02 
 8.93044823e+09  2.47050483e-02 
 9.13855932e+09  2.58312775e-02 
 9.35152014e+09  2.66685816e-02 
 9.56944371e+09  2.77877004e-02 
 9.79244566e+09  2.75780883e-02 
 1.00206443e+10  2.84038194e-02 
 1.02541609e+10  2.90854696e-02 
 1.04931192e+10  2.97390757e-02 
 1.07376460e+10  3.03927024e-02 
 1.09878712e+10  3.10576507e-02 
 1.12439276e+10  3.17416472e-02 
 1.15059509e+10  3.24516201e-02 
 1.17740804e+10  3.31949478e-02 
 1.20484582e+10  3.39804632e-02 
 1.23292299e+10  3.48196616e-02 
 1.26165447e+10  3.57284725e-02 
 1.29105549e+10  3.67300028e-02 
 1.32114166e+10  3.78582782e-02 
 1.35192894e+10  3.91570181e-02 
 1.38343368e+10  4.05797200e-02 
 1.41567259e+10  3.93490270e-02 
 1.44866277e+10  3.77346285e-02 
 1.48242175e+10  4.19438685e-02 
 1.51696743e+10  3.69350526e-02 
 1.55231815e+10  3.81037376e-02 
 1.58849266e+10  4.02118446e-02 
 1.62551017e+10  4.13892782e-02 
 1.66339032e+10  4.25331162e-02 
 1.70215321e+10  4.37287642e-02 
 1.74181941e+10  4.49812806e-02 
 1.78240998e+10  4.62861721e-02 
 1.82394645e+10  4.76228040e-02 
 1.86645086e+10  4.89220566e-02 
 1.90994578e+10  5.00795176e-02 
 1.95445429e+10  5.11886826e-02 
 2.00000000e+10  5.25169884e-02 
