 1.00000000e+08  2.09118339e-02 
 1.02330354e+08  2.09688763e-02 
 1.04715014e+08  2.10111379e-02 
 1.07155245e+08  2.10360956e-02 
 1.09652342e+08  2.10410839e-02 
 1.12207630e+08  2.10233430e-02 
 1.14822466e+08  2.09800843e-02 
 1.17498236e+08  2.09085722e-02 
 1.20236362e+08  2.08062221e-02 
 1.23038295e+08  2.06707114e-02 
 1.25905523e+08  2.05000975e-02 
 1.28839568e+08  2.02929370e-02 
 1.31841987e+08  2.00483951e-02 
 1.34914372e+08  1.97663374e-02 
 1.38058355e+08  1.94473922e-02 
 1.41275604e+08  1.90929772e-02 
 1.44567827e+08  1.87052845e-02 
 1.47936769e+08  1.82872233e-02 
 1.51384220e+08  1.78423239e-02 
 1.54912009e+08  1.73746104e-02 
 1.58522008e+08  1.68884521e-02 
 1.62216133e+08  1.63884071e-02 
 1.65996343e+08  1.58790678e-02 
 1.69864646e+08  1.53649212e-02 
 1.73823095e+08  1.48502288e-02 
 1.77873789e+08  1.43389338e-02 
 1.82018879e+08  1.38345941e-02 
 1.86260564e+08  1.33403429e-02 
 1.90601095e+08  1.28588722e-02 
 1.95042776e+08  1.23924360e-02 
 1.99587964e+08  1.19428688e-02 
 2.04239071e+08  1.15116145e-02 
 2.08998565e+08  1.10997625e-02 
 2.13868972e+08  1.07080871e-02 
 2.18852877e+08  1.03370892e-02 
 2.23952925e+08  9.98703622e-03 
 2.29171822e+08  9.65800318e-03 
 2.34512337e+08  9.34991309e-03 
 2.39977306e+08  9.06258133e-03 
 2.45569627e+08  8.79577075e-03 
 2.51292270e+08  8.54927399e-03 
 2.57148271e+08  8.32306141e-03 
 2.63140737e+08  8.11759263e-03 
 2.69272848e+08  7.93456693e-03 
 2.75547860e+08  7.77899669e-03 
 2.81969102e+08  7.66599467e-03 
 2.88539981e+08  7.64904215e-03 
 2.95263985e+08  7.99326971e-03 
 3.02144683e+08  1.13008909e-02 
 3.09185725e+08  1.32773412e-02 
 3.16390848e+08  8.45769131e-03 
 3.23763876e+08  1.37578235e-02 
 3.31308722e+08  9.57816211e-03 
 3.39029389e+08  8.04583715e-03 
 3.46929975e+08  1.29485019e-02 
 3.55014673e+08  8.24020229e-03 
 3.63287773e+08  7.82462993e-03 
 3.71753666e+08  7.76818815e-03 
 3.80416844e+08  7.98779927e-03 
 3.89281904e+08  8.81869534e-03 
 3.98353552e+08  1.21814664e-02 
 4.07636602e+08  1.05337458e-02 
 4.17135980e+08  8.14455076e-03 
 4.26856726e+08  7.91545433e-03 
 4.36804001e+08  8.07184599e-03 
 4.46983082e+08  1.01707353e-02 
 4.57399372e+08  8.97494382e-03 
 4.68058398e+08  8.74287083e-03 
 4.78965818e+08  8.41313470e-03 
 4.90127419e+08  9.06475159e-03 
 5.01549125e+08  1.18853121e-02 
 5.13236997e+08  8.85424229e-03 
 5.25197238e+08  9.07487365e-03 
 5.37436195e+08  1.05965262e-02 
 5.49960363e+08  1.19259084e-02 
 5.62776388e+08  1.11165387e-02 
 5.75891073e+08  9.05791334e-03 
 5.89311376e+08  8.19455540e-03 
 6.03044419e+08  8.56630899e-03 
 6.17097492e+08  8.95933300e-03 
 6.31478050e+08  9.28680099e-03 
 6.46193727e+08  9.55629565e-03 
 6.61252331e+08  9.91166967e-03 
 6.76661854e+08  1.03606939e-02 
 6.92430473e+08  1.07045972e-02 
 7.08566557e+08  1.14997196e-02 
 7.25078669e+08  1.21865243e-02 
 7.41975572e+08  1.41729188e-02 
 7.59266232e+08  1.14057110e-02 
 7.76959826e+08  1.24702859e-02 
 7.95065744e+08  1.35702583e-02 
 8.13593593e+08  1.47043429e-02 
 8.32553207e+08  1.59395220e-02 
 8.51954648e+08  1.72394459e-02 
 8.71808210e+08  1.84290901e-02 
 8.92124431e+08  1.91702616e-02 
 9.12914092e+08  1.91118237e-02 
 9.34188226e+08  1.82110505e-02 
 9.55958123e+08  1.68048894e-02 
 9.78235335e+08  1.52998639e-02 
 1.00103169e+09  1.39405968e-02 
 1.02435927e+09  1.28166677e-02 
 1.04823047e+09  1.23050312e-02 
 1.07265796e+09  1.22568491e-02 
 1.09765469e+09  1.33810923e-02 
 1.12323393e+09  1.44219294e-02 
 1.14940927e+09  1.49259649e-02 
 1.17619457e+09  1.55042435e-02 
 1.20360408e+09  1.62262551e-02 
 1.23165232e+09  1.67959611e-02 
 1.26035418e+09  1.77297483e-02 
 1.28972490e+09  1.85495847e-02 
 1.31978006e+09  1.93217550e-02 
 1.35053561e+09  1.99875834e-02 
 1.38200788e+09  2.04625383e-02 
 1.41421356e+09  2.06567353e-02 
 1.44716975e+09  2.01279884e-02 
 1.48089393e+09  2.03998252e-02 
 1.51540401e+09  2.02066344e-02 
 1.55071830e+09  2.01018295e-02 
 1.58685553e+09  2.02261084e-02 
 1.62383489e+09  2.06161983e-02 
 1.66167599e+09  2.12893727e-02 
 1.70039893e+09  2.23186036e-02 
 1.74002425e+09  2.40396759e-02 
 1.78057299e+09  2.08938967e-02 
 1.82206665e+09  1.90857099e-02 
 1.86452726e+09  2.08267442e-02 
 1.90797735e+09  2.32853791e-02 
 1.95243999e+09  2.46060134e-02 
 1.99793876e+09  2.56757751e-02 
 2.04449781e+09  2.66160626e-02 
 2.09214185e+09  2.74565987e-02 
 2.14089617e+09  2.82053125e-02 
 2.19078664e+09  2.88643561e-02 
 2.24183974e+09  2.94356110e-02 
 2.29408255e+09  2.99228129e-02 
 2.34754280e+09  3.03321252e-02 
 2.40224887e+09  3.06718411e-02 
 2.45822978e+09  3.09515960e-02 
 2.51551525e+09  3.11813661e-02 
 2.57413567e+09  3.13704433e-02 
 2.63412215e+09  3.15264804e-02 
 2.69550653e+09  3.16545611e-02 
 2.75832139e+09  3.17560512e-02 
 2.82260005e+09  3.18265388e-02 
 2.88837664e+09  3.18508606e-02 
 2.95568605e+09  3.17881773e-02 
 3.02456401e+09  3.15148917e-02 
 3.09504707e+09  3.05132288e-02 
 3.16717263e+09  2.66919739e-02 
 3.24097898e+09  3.26242855e-02 
 3.31650528e+09  3.36011856e-02 
 3.39379160e+09  3.36799862e-02 
 3.47287898e+09  3.36980792e-02 
 3.55380937e+09  3.37116552e-02 
 3.63662572e+09  3.37218824e-02 
 3.72137199e+09  3.37250591e-02 
 3.80809314e+09  3.37179512e-02 
 3.89683521e+09  3.36981456e-02 
 3.98764528e+09  3.36636184e-02 
 4.08057155e+09  3.36116101e-02 
 4.17566333e+09  3.35330229e-02 
 4.27297108e+09  3.32366711e-02 
 4.37254645e+09  3.34644764e-02 
 4.47444228e+09  3.33255145e-02 
 4.57871264e+09  3.31850419e-02 
 4.68541287e+09  3.30122907e-02 
 4.79459960e+09  3.27436334e-02 
 4.90633076e+09  3.15194732e-02 
 5.02066566e+09  3.32537325e-02 
 5.13766496e+09  3.28134217e-02 
 5.25739076e+09  3.25150523e-02 
 5.37990660e+09  3.21019055e-02 
 5.50527749e+09  2.40843646e-02 
 5.63356997e+09  3.20174597e-02 
 5.76485211e+09  3.15298135e-02 
 5.89919360e+09  3.14207972e-02 
 6.03666571e+09  3.01131944e-02 
 6.17734142e+09  3.15538590e-02 
 6.32129537e+09  3.10820593e-02 
 6.46860395e+09  3.04955404e-02 
 6.61934535e+09  2.94614809e-02 
 6.77359956e+09  2.57137097e-02 
 6.93144843e+09  2.68892728e-02 
 7.09297575e+09  1.71626418e-02 
 7.25826722e+09  2.12766327e-02 
 7.42741057e+09  8.82613405e-03 
 7.60049556e+09  2.31633351e-02 
 7.77761404e+09  2.86449845e-02 
 7.95886001e+09  2.68151135e-02 
 8.14432966e+09  1.78836171e-02 
 8.33412140e+09  2.73747994e-02 
 8.52833597e+09  2.81265862e-02 
 8.72707642e+09  2.87210169e-02 
 8.93044823e+09  2.90557385e-02 
 9.13855932e+09  2.91798588e-02 
 9.35152014e+09  2.82139925e-02 
 9.56944371e+09  2.89576501e-02 
 9.79244566e+09  2.79331506e-02 
 1.00206443e+10  2.89638589e-02 
 1.02541609e+10  2.89842549e-02 
 1.04931192e+10  2.89731232e-02 
 1.07376460e+10  2.89498657e-02 
 1.09878712e+10  2.89199270e-02 
 1.12439276e+10  2.88858213e-02 
 1.15059509e+10  2.88489246e-02 
 1.17740804e+10  2.88100015e-02 
 1.20484582e+10  2.87693817e-02 
 1.23292299e+10  2.87269610e-02 
 1.26165447e+10  2.86820013e-02 
 1.29105549e+10  2.86324456e-02 
 1.32114166e+10  2.85724325e-02 
 1.35192894e+10  2.84790371e-02 
 1.38343368e+10  2.81080602e-02 
 1.41567259e+10  2.84381824e-02 
 1.44866277e+10  2.82296176e-02 
 1.48242175e+10  2.50008801e-02 
 1.51696743e+10  2.83253908e-02 
 1.55231815e+10  2.84266164e-02 
 1.58849266e+10  2.84200426e-02 
 1.62551017e+10  2.83972908e-02 
 1.66339032e+10  2.83714573e-02 
 1.70215321e+10  2.83453885e-02 
 1.74181941e+10  2.83199001e-02 
 1.78240998e+10  2.82952503e-02 
 1.82394645e+10  2.82715137e-02 
 1.86645086e+10  2.82486975e-02 
 1.90994578e+10  2.82267822e-02 
 1.95445429e+10  2.82057384e-02 
 2.00000000e+10  2.81855329e-02 
