 1.00000000e+08  2.08652435e-02 
 1.02330354e+08  2.09846666e-02 
 1.04715014e+08  2.10989533e-02 
 1.07155245e+08  2.12063910e-02 
 1.09652342e+08  2.13050416e-02 
 1.12207630e+08  2.13927366e-02 
 1.14822466e+08  2.14670800e-02 
 1.17498236e+08  2.15254622e-02 
 1.20236362e+08  2.15650865e-02 
 1.23038295e+08  2.15830111e-02 
 1.25905523e+08  2.15762096e-02 
 1.28839568e+08  2.15416497e-02 
 1.31841987e+08  2.14763909e-02 
 1.34914372e+08  2.13776992e-02 
 1.38058355e+08  2.12431732e-02 
 1.41275604e+08  2.10708756e-02 
 1.44567827e+08  2.08594609e-02 
 1.47936769e+08  2.06082881e-02 
 1.51384220e+08  2.03175069e-02 
 1.54912009e+08  1.99881083e-02 
 1.58522008e+08  1.96219321e-02 
 1.62216133e+08  1.92216276e-02 
 1.65996343e+08  1.87905693e-02 
 1.69864646e+08  1.83327343e-02 
 1.73823095e+08  1.78525519e-02 
 1.77873789e+08  1.73547374e-02 
 1.82018879e+08  1.68441242e-02 
 1.86260564e+08  1.63255060e-02 
 1.90601095e+08  1.58034990e-02 
 1.95042776e+08  1.52824300e-02 
 1.99587964e+08  1.47662541e-02 
 2.04239071e+08  1.42585013e-02 
 2.08998565e+08  1.37622499e-02 
 2.13868972e+08  1.32801220e-02 
 2.18852877e+08  1.28142984e-02 
 2.23952925e+08  1.23665448e-02 
 2.29171822e+08  1.19382483e-02 
 2.34512337e+08  1.15304579e-02 
 2.39977306e+08  1.11439267e-02 
 2.45569627e+08  1.07791541e-02 
 2.51292270e+08  1.04364254e-02 
 2.57148271e+08  1.01158485e-02 
 2.63140737e+08  9.81738759e-03 
 2.69272848e+08  9.54089202e-03 
 2.75547860e+08  9.28612338e-03 
 2.81969102e+08  9.05277886e-03 
 2.88539981e+08  8.84051304e-03 
 2.95263985e+08  8.64895883e-03 
 3.02144683e+08  8.47774891e-03 
 3.09185725e+08  8.32653993e-03 
 3.16390848e+08  8.19504252e-03 
 3.23763876e+08  8.08306243e-03 
 3.31308722e+08  7.99056218e-03 
 3.39029389e+08  7.91776138e-03 
 3.46929975e+08  7.86531336e-03 
 3.55014673e+08  7.83464369e-03 
 3.63287773e+08  7.82866498e-03 
 3.71753666e+08  7.85348020e-03 
 3.80416844e+08  7.92314178e-03 
 3.89281904e+08  8.07632998e-03 
 3.98353552e+08  8.45986629e-03 
 4.07636602e+08  1.01389260e-02 
 4.17135980e+08  1.30330616e-02 
 4.26856726e+08  8.58296735e-03 
 4.36804001e+08  8.52879885e-03 
 4.46983082e+08  1.07995733e-02 
 4.57399372e+08  9.36315944e-03 
 4.68058398e+08  1.71071776e-02 
 4.78965818e+08  9.29929003e-03 
 4.90127419e+08  8.52309844e-03 
 5.01549125e+08  8.65377633e-03 
 5.13236997e+08  9.03151993e-03 
 5.25197238e+08  9.84413204e-03 
 5.37436195e+08  1.16292372e-02 
 5.49960363e+08  1.55164974e-02 
 5.62776388e+08  9.08809680e-03 
 5.75891073e+08  8.97708636e-03 
 5.89311376e+08  9.35863501e-03 
 6.03044419e+08  9.86823808e-03 
 6.17097492e+08  1.08001883e-02 
 6.31478050e+08  1.19266085e-02 
 6.46193727e+08  1.14056931e-02 
 6.61252331e+08  1.34251850e-02 
 6.76661854e+08  1.31564062e-02 
 6.92430473e+08  1.60562713e-02 
 7.08566557e+08  2.43481315e-02 
 7.25078669e+08  1.48664519e-02 
 7.41975572e+08  2.04514067e-02 
 7.59266232e+08  9.19264903e-03 
 7.76959826e+08  9.78263067e-03 
 7.95065744e+08  1.14557296e-02 
 8.13593593e+08  1.29729354e-02 
 8.32553207e+08  1.21620155e-02 
 8.51954648e+08  1.43994384e-02 
 8.71808210e+08  1.52361139e-02 
 8.92124431e+08  2.23917833e-02 
 9.12914092e+08  2.11624685e-02 
 9.34188226e+08  8.23981929e-03 
 9.55958123e+08  9.52519755e-03 
 9.78235335e+08  1.28434514e-02 
 1.00103169e+09  1.62859978e-02 
 1.02435927e+09  1.52063046e-02 
 1.04823047e+09  2.64203986e-02 
 1.07265796e+09  1.09954807e-02 
 1.09765469e+09  1.03571379e-02 
 1.12323393e+09  1.19053837e-02 
 1.14940927e+09  1.35748534e-02 
 1.17619457e+09  1.62813763e-02 
 1.20360408e+09  1.79569076e-02 
 1.23165232e+09  2.04956688e-02 
 1.26035418e+09  3.23625529e-02 
 1.28972490e+09  1.15053092e-02 
 1.31978006e+09  1.60255301e-02 
 1.35053561e+09  1.13251991e-02 
 1.38200788e+09  1.23421365e-02 
 1.41421356e+09  1.28898631e-02 
 1.44716975e+09  1.22531263e-02 
 1.48089393e+09  1.35315823e-02 
 1.51540401e+09  1.49828985e-02 
 1.55071830e+09  1.57827157e-02 
 1.58685553e+09  1.44137142e-02 
 1.62383489e+09  1.69684438e-02 
 1.66167599e+09  1.47262821e-02 
 1.70039893e+09  1.66582829e-02 
 1.74002425e+09  1.53899841e-02 
 1.78057299e+09  1.53128028e-02 
 1.82206665e+09  1.66788435e-02 
 1.86452726e+09  1.70648232e-02 
 1.90797735e+09  1.77897689e-02 
 1.95243999e+09  1.75930119e-02 
 1.99793876e+09  1.82366641e-02 
 2.04449781e+09  1.87343435e-02 
 2.09214185e+09  1.96521173e-02 
 2.14089617e+09  2.05934645e-02 
 2.19078664e+09  2.16080661e-02 
 2.24183974e+09  2.28757351e-02 
 2.29408255e+09  2.48847484e-02 
 2.34754280e+09  2.76336444e-02 
 2.40224887e+09  1.94508420e-02 
 2.45822978e+09  2.12047053e-02 
 2.51551525e+09  2.27018069e-02 
 2.57413567e+09  2.38213742e-02 
 2.63412215e+09  2.47850822e-02 
 2.69550653e+09  2.56735727e-02 
 2.75832139e+09  2.65214337e-02 
 2.82260005e+09  2.73454281e-02 
 2.88837664e+09  2.81543418e-02 
 2.95568605e+09  2.89530244e-02 
 3.02456401e+09  2.97442753e-02 
 3.09504707e+09  3.05298188e-02 
 3.16717263e+09  3.13108489e-02 
 3.24097898e+09  3.20883473e-02 
 3.31650528e+09  3.28632690e-02 
 3.39379160e+09  3.36366429e-02 
 3.47287898e+09  3.44096134e-02 
 3.55380937e+09  3.51834430e-02 
 3.63662572e+09  3.59594866e-02 
 3.72137199e+09  3.67391506e-02 
 3.80809314e+09  3.75238450e-02 
 3.89683521e+09  3.83149349e-02 
 3.98764528e+09  3.91136976e-02 
 4.08057155e+09  3.99212868e-02 
 4.17566333e+09  4.07387071e-02 
 4.27297108e+09  4.15667969e-02 
 4.37254645e+09  4.24062203e-02 
 4.47444228e+09  4.32574649e-02 
 4.57871264e+09  4.41208444e-02 
 4.68541287e+09  4.49965033e-02 
 4.79459960e+09  4.58844201e-02 
 4.90633076e+09  4.67844054e-02 
 5.02066566e+09  4.76960874e-02 
 5.13766496e+09  4.86188681e-02 
 5.25739076e+09  4.95518145e-02 
 5.37990660e+09  5.04933729e-02 
 5.50527749e+09  5.14405055e-02 
 5.63356997e+09  5.23850868e-02 
 5.76485211e+09  5.32786432e-02 
 5.89919360e+09  5.44312224e-02 
 6.03666571e+09  5.50664796e-02 
 6.17734142e+09  5.68111789e-02 
 6.32129537e+09  5.76814833e-02 
 6.46860395e+09  5.86528935e-02 
 6.61934535e+09  5.96692253e-02 
 6.77359956e+09  6.07136272e-02 
 6.93144843e+09  5.81400301e-02 
 7.09297575e+09  6.28044230e-02 
 7.25826722e+09  6.39070225e-02 
 7.42741057e+09  6.50270538e-02 
 7.60049556e+09  6.61725422e-02 
 7.77761404e+09  6.73865040e-02 
 7.95886001e+09  6.94344057e-02 
 8.14432966e+09  7.09835619e-02 
 8.33412140e+09  7.33131301e-02 
 8.52833597e+09  2.36030011e-02 
 8.72707642e+09  5.20418178e-02 
 8.93044823e+09  6.70785121e-02 
 9.13855932e+09  7.00768694e-02 
 9.35152014e+09  7.18396574e-02 
 9.56944371e+09  7.32174355e-02 
 9.79244566e+09  7.44190126e-02 
 1.00206443e+10  7.55213816e-02 
 1.02541609e+10  7.65594438e-02 
 1.04931192e+10  7.75511867e-02 
 1.07376460e+10  7.85067209e-02 
 1.09878712e+10  7.94320896e-02 
 1.12439276e+10  8.03310714e-02 
 1.15059509e+10  8.12061092e-02 
 1.17740804e+10  8.20588243e-02 
 1.20484582e+10  8.28903149e-02 
 1.23292299e+10  8.37013394e-02 
 1.26165447e+10  8.44924319e-02 
 1.29105549e+10  8.52639776e-02 
 1.32114166e+10  8.60162633e-02 
 1.35192894e+10  8.67495123e-02 
 1.38343368e+10  8.74639083e-02 
 1.41567259e+10  8.81596121e-02 
 1.44866277e+10  8.88367740e-02 
 1.48242175e+10  8.94955417e-02 
 1.51696743e+10  9.01360668e-02 
 1.55231815e+10  9.07585087e-02 
 1.58849266e+10  9.13630373e-02 
 1.62551017e+10  9.19498348e-02 
 1.66339032e+10  9.25190970e-02 
 1.70215321e+10  9.30710331e-02 
 1.74181941e+10  9.36058663e-02 
 1.78240998e+10  9.41238332e-02 
 1.82394645e+10  9.46251829e-02 
 1.86645086e+10  9.51101767e-02 
 1.90994578e+10  9.55790870e-02 
 1.95445429e+10  9.60321960e-02 
 2.00000000e+10  9.64697950e-02 
