 1.00000000e+08  1.91550096e-02 
 1.02330354e+08  1.91079890e-02 
 1.04715014e+08  1.90434058e-02 
 1.07155245e+08  1.89596878e-02 
 1.09652342e+08  1.88553383e-02 
 1.12207630e+08  1.87289852e-02 
 1.14822466e+08  1.85794349e-02 
 1.17498236e+08  1.84057278e-02 
 1.20236362e+08  1.82071921e-02 
 1.23038295e+08  1.79834932e-02 
 1.25905523e+08  1.77346748e-02 
 1.28839568e+08  1.74611879e-02 
 1.31841987e+08  1.71639049e-02 
 1.34914372e+08  1.68441167e-02 
 1.38058355e+08  1.65035117e-02 
 1.41275604e+08  1.61441376e-02 
 1.44567827e+08  1.57683477e-02 
 1.47936769e+08  1.53787347e-02 
 1.51384220e+08  1.49780570e-02 
 1.54912009e+08  1.45691603e-02 
 1.58522008e+08  1.41549010e-02 
 1.62216133e+08  1.37380737e-02 
 1.65996343e+08  1.33213467e-02 
 1.69864646e+08  1.29072069e-02 
 1.73823095e+08  1.24979158e-02 
 1.77873789e+08  1.20954764e-02 
 1.82018879e+08  1.17016093e-02 
 1.86260564e+08  1.13177372e-02 
 1.90601095e+08  1.09449772e-02 
 1.95042776e+08  1.05841382e-02 
 1.99587964e+08  1.02357272e-02 
 2.04239071e+08  9.89997197e-03 
 2.08998565e+08  9.57689225e-03 
 2.13868972e+08  9.26651281e-03 
 2.18852877e+08  8.96952380e-03 
 2.23952925e+08  8.68947157e-03 
 2.29171822e+08  8.44092382e-03 
 2.34512337e+08  8.28609855e-03 
 2.39977306e+08  8.55361886e-03 
 2.45569627e+08  1.17247623e-02 
 2.51292270e+08  2.01325090e-02 
 2.57148271e+08  1.22587128e-02 
 2.63140737e+08  9.98631062e-03 
 2.69272848e+08  9.08843882e-03 
 2.75547860e+08  8.61560470e-03 
 2.81969102e+08  8.34656909e-03 
 2.88539981e+08  8.25561447e-03 
 2.95263985e+08  8.55011720e-03 
 3.02144683e+08  1.08486290e-02 
 3.09185725e+08  2.05310171e-02 
 3.16390848e+08  1.10787034e-02 
 3.23763876e+08  9.03481677e-03 
 3.31308722e+08  8.51557667e-03 
 3.39029389e+08  1.01589103e-02 
 3.46929975e+08  1.06205003e-02 
 3.55014673e+08  8.65392684e-03 
 3.63287773e+08  8.29418747e-03 
 3.71753666e+08  8.41545762e-03 
 3.80416844e+08  8.20858694e-03 
 3.89281904e+08  8.14770098e-03 
 3.98353552e+08  8.18015648e-03 
 4.07636602e+08  8.25327065e-03 
 4.17135980e+08  8.36788942e-03 
 4.26856726e+08  8.54167363e-03 
 4.36804001e+08  8.83034314e-03 
 4.46983082e+08  9.43970749e-03 
 4.57399372e+08  1.20642787e-02 
 4.68058398e+08  1.04933162e-02 
 4.78965818e+08  8.83411040e-03 
 4.90127419e+08  9.69089463e-03 
 5.01549125e+08  1.27390539e-02 
 5.13236997e+08  9.32870949e-03 
 5.25197238e+08  9.61729876e-03 
 5.37436195e+08  1.19311820e-02 
 5.49960363e+08  9.08392768e-03 
 5.62776388e+08  8.41701951e-03 
 5.75891073e+08  8.97570113e-03 
 5.89311376e+08  9.61794004e-03 
 6.03044419e+08  1.03489276e-02 
 6.17097492e+08  1.04682853e-02 
 6.31478050e+08  1.07546727e-02 
 6.46193727e+08  1.19574318e-02 
 6.61252331e+08  1.21632443e-02 
 6.76661854e+08  1.10585351e-02 
 6.92430473e+08  1.14348150e-02 
 7.08566557e+08  1.47116649e-02 
 7.25078669e+08  1.36078716e-02 
 7.41975572e+08  1.02206136e-02 
 7.59266232e+08  1.14419318e-02 
 7.76959826e+08  1.40997427e-02 
 7.95065744e+08  1.91824383e-02 
 8.13593593e+08  1.75806504e-02 
 8.32553207e+08  9.79130525e-03 
 8.51954648e+08  1.18631417e-02 
 8.71808210e+08  1.01748457e-02 
 8.92124431e+08  1.10473636e-02 
 9.12914092e+08  1.13937356e-02 
 9.34188226e+08  1.28007823e-02 
 9.55958123e+08  1.43592002e-02 
 9.78235335e+08  1.51687527e-02 
 1.00103169e+09  1.46265426e-02 
 1.02435927e+09  1.27177000e-02 
 1.04823047e+09  1.32260473e-02 
 1.07265796e+09  1.42733064e-02 
 1.09765469e+09  1.62235032e-02 
 1.12323393e+09  1.43819176e-02 
 1.14940927e+09  1.48414946e-02 
 1.17619457e+09  1.53205420e-02 
 1.20360408e+09  1.64221357e-02 
 1.23165232e+09  1.75525497e-02 
 1.26035418e+09  1.90538635e-02 
 1.28972490e+09  2.04626429e-02 
 1.31978006e+09  2.48604858e-02 
 1.35053561e+09  1.64285947e-02 
 1.38200788e+09  1.93743713e-02 
 1.41421356e+09  2.20535771e-02 
 1.44716975e+09  1.86377740e-02 
 1.48089393e+09  1.71623634e-02 
 1.51540401e+09  1.86034266e-02 
 1.55071830e+09  2.00950037e-02 
 1.58685553e+09  2.14639319e-02 
 1.62383489e+09  2.28255953e-02 
 1.66167599e+09  2.25096908e-02 
 1.70039893e+09  2.40055849e-02 
 1.74002425e+09  2.40127453e-02 
 1.78057299e+09  2.68154161e-02 
 1.82206665e+09  2.64284970e-02 
 1.86452726e+09  2.64075039e-02 
 1.90797735e+09  2.66140589e-02 
 1.95243999e+09  2.87752584e-02 
 1.99793876e+09  2.83482610e-02 
 2.04449781e+09  3.04047915e-02 
 2.09214185e+09  3.19701769e-02 
 2.14089617e+09  3.33915381e-02 
 2.19078664e+09  3.47301967e-02 
 2.24183974e+09  3.60206620e-02 
 2.29408255e+09  3.72169654e-02 
 2.34754280e+09  3.54985449e-02 
 2.40224887e+09  3.62239318e-02 
 2.45822978e+09  3.85053765e-02 
 2.51551525e+09  3.96716400e-02 
 2.57413567e+09  4.05241330e-02 
 2.63412215e+09  4.12090196e-02 
 2.69550653e+09  4.17736716e-02 
 2.75832139e+09  4.22413454e-02 
 2.82260005e+09  4.26272818e-02 
 2.88837664e+09  4.29431254e-02 
 2.95568605e+09  4.31982655e-02 
 3.02456401e+09  4.34002881e-02 
 3.09504707e+09  4.35552081e-02 
 3.16717263e+09  4.36676902e-02 
 3.24097898e+09  4.37413043e-02 
 3.31650528e+09  4.37788019e-02 
 3.39379160e+09  4.37823868e-02 
 3.47287898e+09  4.37539525e-02 
 3.55380937e+09  4.36952723e-02 
 3.63662572e+09  4.36081341e-02 
 3.72137199e+09  4.34944227e-02 
 3.80809314e+09  4.33561568e-02 
 3.89683521e+09  4.31954895e-02 
 3.98764528e+09  4.30146843e-02 
 4.08057155e+09  4.28160767e-02 
 4.17566333e+09  4.26020272e-02 
 4.27297108e+09  4.23748757e-02 
 4.37254645e+09  4.21368979e-02 
 4.47444228e+09  4.18902696e-02 
 4.57871264e+09  4.16370376e-02 
 4.68541287e+09  4.13790989e-02 
 4.79459960e+09  4.11181879e-02 
 4.90633076e+09  4.08558690e-02 
 5.02066566e+09  4.05935359e-02 
 5.13766496e+09  4.03324145e-02 
 5.25739076e+09  4.00735690e-02 
 5.37990660e+09  3.98179103e-02 
 5.50527749e+09  3.95662053e-02 
 5.63356997e+09  3.93190870e-02 
 5.76485211e+09  3.90770627e-02 
 5.89919360e+09  3.88405208e-02 
 6.03666571e+09  3.86097325e-02 
 6.17734142e+09  3.83848430e-02 
 6.32129537e+09  3.81658371e-02 
 6.46860395e+09  3.79524255e-02 
 6.61934535e+09  3.77435910e-02 
 6.77359956e+09  3.75343025e-02 
 6.93144843e+09  3.74112160e-02 
 7.09297575e+09  3.73287004e-02 
 7.25826722e+09  3.70078932e-02 
 7.42741057e+09  3.68001711e-02 
 7.60049556e+09  3.67920813e-02 
 7.77761404e+09  3.65208180e-02 
 7.95886001e+09  3.63392506e-02 
 8.14432966e+09  3.61359297e-02 
 8.33412140e+09  3.57305176e-02 
 8.52833597e+09  3.51092190e-02 
 8.72707642e+09  2.92626731e-02 
 8.93044823e+09  3.54664885e-02 
 9.13855932e+09  3.55462396e-02 
 9.35152014e+09  3.54728786e-02 
 9.56944371e+09  3.53770659e-02 
 9.79244566e+09  3.52779589e-02 
 1.00206443e+10  3.51803248e-02 
 1.02541609e+10  3.50856640e-02 
 1.04931192e+10  3.49944817e-02 
 1.07376460e+10  3.49069193e-02 
 1.09878712e+10  3.48229687e-02 
 1.12439276e+10  3.47425553e-02 
 1.15059509e+10  3.46655741e-02 
 1.17740804e+10  3.45919064e-02 
 1.20484582e+10  3.45214284e-02 
 1.23292299e+10  3.44540151e-02 
 1.26165447e+10  3.43895431e-02 
 1.29105549e+10  3.43278913e-02 
 1.32114166e+10  3.42689424e-02 
 1.35192894e+10  3.42125824e-02 
 1.38343368e+10  3.41587016e-02 
 1.41567259e+10  3.41071939e-02 
 1.44866277e+10  3.40579575e-02 
 1.48242175e+10  3.40108944e-02 
 1.51696743e+10  3.39659103e-02 
 1.55231815e+10  3.39229149e-02 
 1.58849266e+10  3.38818213e-02 
 1.62551017e+10  3.38425464e-02 
 1.66339032e+10  3.38050104e-02 
 1.70215321e+10  3.37691366e-02 
 1.74181941e+10  3.37348519e-02 
 1.78240998e+10  3.37020859e-02 
 1.82394645e+10  3.36707713e-02 
 1.86645086e+10  3.36408436e-02 
 1.90994578e+10  3.36122411e-02 
 1.95445429e+10  3.35849047e-02 
 2.00000000e+10  3.35587776e-02 
