 1.00000000e+08  1.64007143e-02 
 1.02330354e+08  1.62918840e-02 
 1.04715014e+08  1.61666870e-02 
 1.07155245e+08  1.60244649e-02 
 1.09652342e+08  1.58647213e-02 
 1.12207630e+08  1.56871504e-02 
 1.14822466e+08  1.54916641e-02 
 1.17498236e+08  1.52784127e-02 
 1.20236362e+08  1.50478002e-02 
 1.23038295e+08  1.48004917e-02 
 1.25905523e+08  1.45374121e-02 
 1.28839568e+08  1.42597354e-02 
 1.31841987e+08  1.39688651e-02 
 1.34914372e+08  1.36664071e-02 
 1.38058355e+08  1.33541348e-02 
 1.41275604e+08  1.30339497e-02 
 1.44567827e+08  1.27078393e-02 
 1.47936769e+08  1.23778339e-02 
 1.51384220e+08  1.20459650e-02 
 1.54912009e+08  1.17142263e-02 
 1.58522008e+08  1.13845398e-02 
 1.62216133e+08  1.10587271e-02 
 1.65996343e+08  1.07384866e-02 
 1.69864646e+08  1.04253770e-02 
 1.73823095e+08  1.01208066e-02 
 1.77873789e+08  9.82602752e-03 
 1.82018879e+08  9.54213546e-03 
 1.86260564e+08  9.27007258e-03 
 1.90601095e+08  9.01063418e-03 
 1.95042776e+08  8.76447796e-03 
 1.99587964e+08  8.53213578e-03 
 2.04239071e+08  8.31402786e-03 
 2.08998565e+08  8.11048007e-03 
 2.13868972e+08  7.92174602e-03 
 2.18852877e+08  7.74803733e-03 
 2.23952925e+08  7.58956976e-03 
 2.29171822e+08  7.44664175e-03 
 2.34512337e+08  7.31978512e-03 
 2.39977306e+08  7.21009267e-03 
 2.45569627e+08  7.12003870e-03 
 2.51292270e+08  7.05593206e-03 
 2.57148271e+08  7.03726361e-03 
 2.63140737e+08  7.14812809e-03 
 2.69272848e+08  8.03316707e-03 
 2.75547860e+08  9.29901954e-03 
 2.81969102e+08  7.55111058e-03 
 2.88539981e+08  7.56480693e-03 
 2.95263985e+08  8.85709073e-03 
 3.02144683e+08  1.28987766e-02 
 3.09185725e+08  8.45532439e-03 
 3.16390848e+08  7.53712152e-03 
 3.23763876e+08  1.19556106e-02 
 3.31308722e+08  8.07313097e-03 
 3.39029389e+08  7.34200910e-03 
 3.46929975e+08  7.23131059e-03 
 3.55014673e+08  7.29377154e-03 
 3.63287773e+08  7.90847200e-03 
 3.71753666e+08  7.38525652e-03 
 3.80416844e+08  7.52729978e-03 
 3.89281904e+08  7.83749024e-03 
 3.98353552e+08  8.72996939e-03 
 4.07636602e+08  9.39961958e-03 
 4.17135980e+08  8.02041494e-03 
 4.26856726e+08  8.28455748e-03 
 4.36804001e+08  1.00495116e-02 
 4.46983082e+08  8.99184347e-03 
 4.57399372e+08  9.71596937e-03 
 4.68058398e+08  9.16830694e-03 
 4.78965818e+08  1.11863305e-02 
 4.90127419e+08  9.45146733e-03 
 5.01549125e+08  7.84417377e-03 
 5.13236997e+08  8.25183522e-03 
 5.25197238e+08  8.59258965e-03 
 5.37436195e+08  7.81680286e-03 
 5.49960363e+08  8.39562452e-03 
 5.62776388e+08  8.49794744e-03 
 5.75891073e+08  8.66868370e-03 
 5.89311376e+08  7.86471414e-03 
 6.03044419e+08  8.21153345e-03 
 6.17097492e+08  8.55864256e-03 
 6.31478050e+08  8.87074725e-03 
 6.46193727e+08  9.25005610e-03 
 6.61252331e+08  9.32881461e-03 
 6.76661854e+08  9.43111536e-03 
 6.92430473e+08  9.84785715e-03 
 7.08566557e+08  1.02466769e-02 
 7.25078669e+08  1.06622098e-02 
 7.41975572e+08  1.11696191e-02 
 7.59266232e+08  1.18071823e-02 
 7.76959826e+08  1.26321154e-02 
 7.95065744e+08  1.36928233e-02 
 8.13593593e+08  1.48968270e-02 
 8.32553207e+08  1.56763579e-02 
 8.51954648e+08  1.51604678e-02 
 8.71808210e+08  1.36885474e-02 
 8.92124431e+08  1.23674802e-02 
 9.12914092e+08  1.15581271e-02 
 9.34188226e+08  1.11454618e-02 
 9.55958123e+08  1.09744021e-02 
 9.78235335e+08  1.09457262e-02 
 1.00103169e+09  1.10065976e-02 
 1.02435927e+09  1.11327544e-02 
 1.04823047e+09  1.13171259e-02 
 1.07265796e+09  1.15624936e-02 
 1.09765469e+09  1.18618107e-02 
 1.12323393e+09  1.22499689e-02 
 1.14940927e+09  1.27561929e-02 
 1.17619457e+09  1.33058770e-02 
 1.20360408e+09  1.36886879e-02 
 1.23165232e+09  1.37320277e-02 
 1.26035418e+09  1.36349041e-02 
 1.28972490e+09  1.36131412e-02 
 1.31978006e+09  1.36956259e-02 
 1.35053561e+09  1.38474951e-02 
 1.38200788e+09  1.40351544e-02 
 1.41421356e+09  1.42361335e-02 
 1.44716975e+09  1.44393222e-02 
 1.48089393e+09  1.46432578e-02 
 1.51540401e+09  1.48513338e-02 
 1.55071830e+09  1.50667277e-02 
 1.58685553e+09  1.52901125e-02 
 1.62383489e+09  1.55198359e-02 
 1.66167599e+09  1.57531601e-02 
 1.70039893e+09  1.59878893e-02 
 1.74002425e+09  1.62238278e-02 
 1.78057299e+09  1.64631035e-02 
 1.82206665e+09  1.67089930e-02 
 1.86452726e+09  1.69643009e-02 
 1.90797735e+09  1.72305426e-02 
 1.95243999e+09  1.75080664e-02 
 1.99793876e+09  1.77965357e-02 
 2.04449781e+09  1.80953148e-02 
 2.09214185e+09  1.84036251e-02 
 2.14089617e+09  1.87204878e-02 
 2.19078664e+09  1.90445122e-02 
 2.24183974e+09  1.93737190e-02 
 2.29408255e+09  1.97060143e-02 
 2.34754280e+09  2.00411599e-02 
 2.40224887e+09  2.03829071e-02 
 2.45822978e+09  2.07370365e-02 
 2.51551525e+09  2.11066606e-02 
 2.57413567e+09  2.14913568e-02 
 2.63412215e+09  2.18894718e-02 
 2.69550653e+09  2.22997043e-02 
 2.75832139e+09  2.27214047e-02 
 2.82260005e+09  2.31544080e-02 
 2.88837664e+09  2.35988399e-02 
 2.95568605e+09  2.40549920e-02 
 3.02456401e+09  2.45232551e-02 
 3.09504707e+09  2.50040882e-02 
 3.16717263e+09  2.54980082e-02 
 3.24097898e+09  2.60055946e-02 
 3.31650528e+09  2.65275073e-02 
 3.39379160e+09  2.70645214e-02 
 3.47287898e+09  2.76175952e-02 
 3.55380937e+09  2.81880019e-02 
 3.63662572e+09  2.87776136e-02 
 3.72137199e+09  2.93895913e-02 
 3.80809314e+09  3.00303830e-02 
 3.89683521e+09  3.07173078e-02 
 3.98764528e+09  3.15260364e-02 
 4.08057155e+09  3.43027786e-02 
 4.17566333e+09  3.20726361e-02 
 4.27297108e+09  3.30288461e-02 
 4.37254645e+09  3.38346701e-02 
 4.47444228e+09  3.46273854e-02 
 4.57871264e+09  3.54335281e-02 
 4.68541287e+09  3.62649735e-02 
 4.79459960e+09  3.71326522e-02 
 4.90633076e+09  3.80554518e-02 
 5.02066566e+09  3.90895642e-02 
 5.13766496e+09  4.06368662e-02 
 5.25739076e+09  3.91581630e-02 
 5.37990660e+09  4.08293422e-02 
 5.50527749e+09  4.24224140e-02 
 5.63356997e+09  4.37182751e-02 
 5.76485211e+09  4.52701208e-02 
 5.89919360e+09  5.27903822e-02 
 6.03666571e+09  4.88309768e-02 
 6.17734142e+09  4.63081944e-02 
 6.32129537e+09  4.85721766e-02 
 6.46860395e+09  5.04267573e-02 
 6.61934535e+09  5.24957714e-02 
 6.77359956e+09  5.44897853e-02 
 6.93144843e+09  5.58941691e-02 
 7.09297575e+09  5.52763080e-02 
 7.25826722e+09  5.06202627e-02 
 7.42741057e+09  5.56950993e-02 
 7.60049556e+09  4.69104338e-02 
 7.77761404e+09  5.73147327e-02 
 7.95886001e+09  5.29971020e-02 
 8.14432966e+09  6.23680518e-02 
 8.33412140e+09  7.19926436e-02 
 8.52833597e+09  1.87695128e-02 
 8.72707642e+09  4.47846781e-02 
 8.93044823e+09  5.61501105e-02 
 9.13855932e+09  6.10553229e-02 
 9.35152014e+09  6.42026850e-02 
 9.56944371e+09  6.70372293e-02 
 9.79244566e+09  6.91655591e-02 
 1.00206443e+10  7.15136945e-02 
 1.02541609e+10  7.38374607e-02 
 1.04931192e+10  7.61791814e-02 
 1.07376460e+10  7.85721778e-02 
 1.09878712e+10  8.10437189e-02 
 1.12439276e+10  8.36207651e-02 
 1.15059509e+10  8.63336168e-02 
 1.17740804e+10  8.92196339e-02 
 1.20484582e+10  9.23280396e-02 
 1.23292299e+10  9.57266606e-02 
 1.26165447e+10  9.95104469e-02 
 1.29105549e+10  1.03803255e-01 
 1.32114166e+10  1.08681664e-01 
 1.35192894e+10  1.13393517e-01 
 1.38343368e+10  1.08326283e-01 
 1.41567259e+10  6.96452587e-02 
 1.44866277e+10  8.74332809e-02 
 1.48242175e+10  1.03080366e-01 
 1.51696743e+10  8.53991445e-02 
 1.55231815e+10  1.03194341e-01 
 1.58849266e+10  1.04465384e-01 
 1.62551017e+10  1.06821739e-01 
 1.66339032e+10  1.10261587e-01 
 1.70215321e+10  1.14194368e-01 
 1.74181941e+10  1.18324868e-01 
 1.78240998e+10  1.22485718e-01 
 1.82394645e+10  1.26442281e-01 
 1.86645086e+10  1.29690357e-01 
 1.90994578e+10  1.31724076e-01 
 1.95445429e+10  1.33538122e-01 
 2.00000000e+10  1.36748517e-01 
