 1.00000000e+08  1.68368162e-02 
 1.02330354e+08  1.67179383e-02 
 1.04715014e+08  1.65823364e-02 
 1.07155245e+08  1.64293697e-02 
 1.09652342e+08  1.62585667e-02 
 1.12207630e+08  1.60696552e-02 
 1.14822466e+08  1.58625891e-02 
 1.17498236e+08  1.56375703e-02 
 1.20236362e+08  1.53950635e-02 
 1.23038295e+08  1.51358036e-02 
 1.25905523e+08  1.48607941e-02 
 1.28839568e+08  1.45712955e-02 
 1.31841987e+08  1.42688055e-02 
 1.34914372e+08  1.39550299e-02 
 1.38058355e+08  1.36318475e-02 
 1.41275604e+08  1.33012691e-02 
 1.44567827e+08  1.29653947e-02 
 1.47936769e+08  1.26263686e-02 
 1.51384220e+08  1.22863372e-02 
 1.54912009e+08  1.19474094e-02 
 1.58522008e+08  1.16116215e-02 
 1.62216133e+08  1.12809083e-02 
 1.65996343e+08  1.09570797e-02 
 1.69864646e+08  1.06418036e-02 
 1.73823095e+08  1.03365951e-02 
 1.77873789e+08  1.00428106e-02 
 1.82018879e+08  9.76164683e-03 
 1.86260564e+08  9.49414389e-03 
 1.90601095e+08  9.24119189e-03 
 1.95042776e+08  9.00354040e-03 
 1.99587964e+08  8.78181080e-03 
 2.04239071e+08  8.57651185e-03 
 2.08998565e+08  8.38805952e-03 
 2.13868972e+08  8.21680331e-03 
 2.18852877e+08  8.06306374e-03 
 2.23952925e+08  7.92719050e-03 
 2.29171822e+08  7.80966136e-03 
 2.34512337e+08  7.71126838e-03 
 2.39977306e+08  7.63351128e-03 
 2.45569627e+08  7.57954798e-03 
 2.51292270e+08  7.55692764e-03 
 2.57148271e+08  7.58757528e-03 
 2.63140737e+08  7.76020731e-03 
 2.69272848e+08  8.70661872e-03 
 2.75547860e+08  9.74280266e-03 
 2.81969102e+08  8.11527312e-03 
 2.88539981e+08  8.24395418e-03 
 2.95263985e+08  9.60041865e-03 
 3.02144683e+08  1.32891929e-02 
 3.09185725e+08  8.82950207e-03 
 3.16390848e+08  8.07595097e-03 
 3.23763876e+08  1.15382652e-02 
 3.31308722e+08  8.39612802e-03 
 3.39029389e+08  7.98496613e-03 
 3.46929975e+08  8.00510306e-03 
 3.55014673e+08  8.15849996e-03 
 3.63287773e+08  8.70357174e-03 
 3.71753666e+08  8.35928414e-03 
 3.80416844e+08  8.56955175e-03 
 3.89281904e+08  8.89285841e-03 
 3.98353552e+08  9.56204446e-03 
 4.07636602e+08  9.94865108e-03 
 4.17135980e+08  9.46732555e-03 
 4.26856726e+08  1.00101928e-02 
 4.36804001e+08  1.16712987e-02 
 4.46983082e+08  1.06496507e-02 
 4.57399372e+08  1.20836766e-02 
 4.68058398e+08  1.58621447e-02 
 4.78965818e+08  2.25997379e-02 
 4.90127419e+08  1.30274425e-02 
 5.01549125e+08  1.11506934e-02 
 5.13236997e+08  1.06594476e-02 
 5.25197238e+08  1.10067300e-02 
 5.37436195e+08  7.94894771e-03 
 5.49960363e+08  7.23231164e-03 
 5.62776388e+08  8.15726158e-03 
 5.75891073e+08  9.39032693e-03 
 5.89311376e+08  1.01062637e-02 
 6.03044419e+08  1.05062358e-02 
 6.17097492e+08  9.19518452e-03 
 6.31478050e+08  9.84135857e-03 
 6.46193727e+08  1.01932865e-02 
 6.61252331e+08  9.26393183e-03 
 6.76661854e+08  1.02375375e-02 
 6.92430473e+08  1.07363384e-02 
 7.08566557e+08  1.11720346e-02 
 7.25078669e+08  1.16752306e-02 
 7.41975572e+08  1.22555459e-02 
 7.59266232e+08  1.29680542e-02 
 7.76959826e+08  1.38829614e-02 
 7.95065744e+08  1.50661172e-02 
 8.13593593e+08  1.64422932e-02 
 8.32553207e+08  1.74236705e-02 
 8.51954648e+08  1.70434171e-02 
 8.71808210e+08  1.55909895e-02 
 8.92124431e+08  1.42349932e-02 
 9.12914092e+08  1.33869630e-02 
 9.34188226e+08  1.29463981e-02 
 9.55958123e+08  1.27597171e-02 
 9.78235335e+08  1.27274304e-02 
 1.00103169e+09  1.27996359e-02 
 1.02435927e+09  1.29648487e-02 
 1.04823047e+09  1.32582685e-02 
 1.07265796e+09  1.38051633e-02 
 1.09765469e+09  1.37613685e-02 
 1.12323393e+09  1.28955462e-02 
 1.14940927e+09  1.33516243e-02 
 1.17619457e+09  1.38924248e-02 
 1.20360408e+09  1.43887520e-02 
 1.23165232e+09  1.47043424e-02 
 1.26035418e+09  1.48812704e-02 
 1.28972490e+09  1.50441100e-02 
 1.31978006e+09  1.52380889e-02 
 1.35053561e+09  1.54608474e-02 
 1.38200788e+09  1.57000486e-02 
 1.41421356e+09  1.59446391e-02 
 1.44716975e+09  1.61886069e-02 
 1.48089393e+09  1.64318445e-02 
 1.51540401e+09  1.66776270e-02 
 1.55071830e+09  1.69290681e-02 
 1.58685553e+09  1.71873058e-02 
 1.62383489e+09  1.74515256e-02 
 1.66167599e+09  1.77198702e-02 
 1.70039893e+09  1.79907267e-02 
 1.74002425e+09  1.82639577e-02 
 1.78057299e+09  1.85412793e-02 
 1.82206665e+09  1.88254148e-02 
 1.86452726e+09  1.91188068e-02 
 1.90797735e+09  1.94229096e-02 
 1.95243999e+09  1.97382324e-02 
 1.99793876e+09  2.00646988e-02 
 2.04449781e+09  2.04019503e-02 
 2.09214185e+09  2.07494709e-02 
 2.14089617e+09  2.11065361e-02 
 2.19078664e+09  2.14720264e-02 
 2.24183974e+09  2.18442696e-02 
 2.29408255e+09  2.22214595e-02 
 2.34754280e+09  2.26034155e-02 
 2.40224887e+09  2.29935146e-02 
 2.45822978e+09  2.33969893e-02 
 2.51551525e+09  2.38167349e-02 
 2.57413567e+09  2.42524906e-02 
 2.63412215e+09  2.47028716e-02 
 2.69550653e+09  2.51667872e-02 
 2.75832139e+09  2.56437210e-02 
 2.82260005e+09  2.61335870e-02 
 2.88837664e+09  2.66365601e-02 
 2.95568605e+09  2.71529646e-02 
 3.02456401e+09  2.76832151e-02 
 3.09504707e+09  2.82277883e-02 
 3.16717263e+09  2.87872143e-02 
 3.24097898e+09  2.93620800e-02 
 3.31650528e+09  2.99530445e-02 
 3.39379160e+09  3.05608711e-02 
 3.47287898e+09  3.11864855e-02 
 3.55380937e+09  3.18310929e-02 
 3.63662572e+09  3.24964276e-02 
 3.72137199e+09  3.31853592e-02 
 3.80809314e+09  3.39036494e-02 
 3.89683521e+09  3.46666172e-02 
 3.98764528e+09  3.55408574e-02 
 4.08057155e+09  3.81413463e-02 
 4.17566333e+09  3.63611039e-02 
 4.27297108e+09  3.73784739e-02 
 4.37254645e+09  3.82682526e-02 
 4.47444228e+09  3.91513203e-02 
 4.57871264e+09  4.00511571e-02 
 4.68541287e+09  4.09783679e-02 
 4.79459960e+09  4.19427578e-02 
 4.90633076e+09  4.29611974e-02 
 5.02066566e+09  4.40835959e-02 
 5.13766496e+09  4.56657711e-02 
 5.25739076e+09  4.45741620e-02 
 5.37990660e+09  4.62790622e-02 
 5.50527749e+09  4.79202682e-02 
 5.63356997e+09  4.93049015e-02 
 5.76485211e+09  5.09227146e-02 
 5.89919360e+09  5.77929208e-02 
 6.03666571e+09  5.45821619e-02 
 6.17734142e+09  5.26291947e-02 
 6.32129537e+09  5.49189520e-02 
 6.46860395e+09  5.68602798e-02 
 6.61934535e+09  5.90127881e-02 
 6.77359956e+09  6.11285105e-02 
 6.93144843e+09  6.27564132e-02 
 7.09297575e+09  6.26856636e-02 
 7.25826722e+09  5.90844607e-02 
 7.42741057e+09  6.53096645e-02 
 7.60049556e+09  5.24961248e-02 
 7.77761404e+09  6.46069726e-02 
 7.95886001e+09  5.51319125e-02 
 8.14432966e+09  6.70617850e-02 
 8.33412140e+09  7.34228820e-02 
 8.52833597e+09  7.06197316e-02 
 8.72707642e+09  5.33765209e-02 
 8.93044823e+09  6.64404457e-02 
 9.13855932e+09  7.13038150e-02 
 9.35152014e+09  7.44720099e-02 
 9.56944371e+09  7.73737336e-02 
 9.79244566e+09  7.96567304e-02 
 1.00206443e+10  8.21645528e-02 
 1.02541609e+10  8.46708205e-02 
 1.04931192e+10  8.72137965e-02 
 1.07376460e+10  8.98242452e-02 
 1.09878712e+10  9.25285394e-02 
 1.12439276e+10  9.53540620e-02 
 1.15059509e+10  9.83329858e-02 
 1.17740804e+10  1.01506564e-01 
 1.20484582e+10  1.04931214e-01 
 1.23292299e+10  1.08687971e-01 
 1.26165447e+10  1.12896946e-01 
 1.29105549e+10  1.17732911e-01 
 1.32114166e+10  1.23382353e-01 
 1.35192894e+10  1.29319941e-01 
 1.38343368e+10  1.25694401e-01 
 1.41567259e+10  8.07166622e-02 
 1.44866277e+10  9.36868067e-02 
 1.48242175e+10  1.11996060e-01 
 1.51696743e+10  1.03189862e-01 
 1.55231815e+10  1.17854903e-01 
 1.58849266e+10  1.20141705e-01 
 1.62551017e+10  1.23213820e-01 
 1.66339032e+10  1.27097389e-01 
 1.70215321e+10  1.31356642e-01 
 1.74181941e+10  1.35769560e-01 
 1.78240998e+10  1.40204359e-01 
 1.82394645e+10  1.44465539e-01 
 1.86645086e+10  1.48134654e-01 
 1.90994578e+10  1.50821041e-01 
 1.95445429e+10  1.53406028e-01 
 2.00000000e+10  1.57209824e-01 
