 1.00000000e+08  1.69236935e-02 
 1.02330354e+08  1.68100747e-02 
 1.04715014e+08  1.66795320e-02 
 1.07155245e+08  1.65314689e-02 
 1.09652342e+08  1.63654709e-02 
 1.12207630e+08  1.61813360e-02 
 1.14822466e+08  1.59791022e-02 
 1.17498236e+08  1.57590697e-02 
 1.20236362e+08  1.55218156e-02 
 1.23038295e+08  1.52682005e-02 
 1.25905523e+08  1.49993663e-02 
 1.28839568e+08  1.47167236e-02 
 1.31841987e+08  1.44219295e-02 
 1.34914372e+08  1.41168575e-02 
 1.38058355e+08  1.38035592e-02 
 1.41275604e+08  1.34842212e-02 
 1.44567827e+08  1.31611189e-02 
 1.47936769e+08  1.28365695e-02 
 1.51384220e+08  1.25128854e-02 
 1.54912009e+08  1.21923318e-02 
 1.58522008e+08  1.18770879e-02 
 1.62216133e+08  1.15692141e-02 
 1.65996343e+08  1.12706250e-02 
 1.69864646e+08  1.09830684e-02 
 1.73823095e+08  1.07081108e-02 
 1.77873789e+08  1.04471278e-02 
 1.82018879e+08  1.02012997e-02 
 1.86260564e+08  9.97161208e-03 
 1.90601095e+08  9.75885987e-03 
 1.95042776e+08  9.56365544e-03 
 1.99587964e+08  9.38644043e-03 
 2.04239071e+08  9.22750179e-03 
 2.08998565e+08  9.08699301e-03 
 2.13868972e+08  8.96496280e-03 
 2.18852877e+08  8.86139586e-03 
 2.23952925e+08  8.77627541e-03 
 2.29171822e+08  8.70968872e-03 
 2.34512337e+08  8.66202683e-03 
 2.39977306e+08  8.63441160e-03 
 2.45569627e+08  8.62974603e-03 
 2.51292270e+08  8.65577585e-03 
 2.57148271e+08  8.73631760e-03 
 2.63140737e+08  8.96948586e-03 
 2.69272848e+08  1.00362445e-02 
 2.75547860e+08  1.08883177e-02 
 2.81969102e+08  9.03630959e-03 
 2.88539981e+08  8.89974252e-03 
 2.95263985e+08  9.32105065e-03 
 3.02144683e+08  1.18709058e-02 
 3.09185725e+08  1.02697252e-02 
 3.16390848e+08  1.00273608e-02 
 3.23763876e+08  1.36556046e-02 
 3.31308722e+08  1.02366890e-02 
 3.39029389e+08  9.98866233e-03 
 3.46929975e+08  1.01568208e-02 
 3.55014673e+08  1.05749790e-02 
 3.63287773e+08  8.49372373e-03 
 3.71753666e+08  9.53018240e-03 
 3.80416844e+08  1.00963645e-02 
 3.89281904e+08  1.05171106e-02 
 3.98353552e+08  1.11631831e-02 
 4.07636602e+08  1.16598579e-02 
 4.17135980e+08  1.12541103e-02 
 4.26856726e+08  1.16458282e-02 
 4.36804001e+08  1.25885776e-02 
 4.46983082e+08  1.22901370e-02 
 4.57399372e+08  1.44673597e-02 
 4.68058398e+08  1.28934343e-02 
 4.78965818e+08  1.37511345e-02 
 4.90127419e+08  1.29740780e-02 
 5.01549125e+08  1.49075910e-02 
 5.13236997e+08  1.53258920e-02 
 5.25197238e+08  1.20257955e-02 
 5.37436195e+08  1.26128000e-02 
 5.49960363e+08  1.40217177e-02 
 5.62776388e+08  1.53578933e-02 
 5.75891073e+08  1.72568874e-02 
 5.89311376e+08  1.85459054e-02 
 6.03044419e+08  1.23488728e-02 
 6.17097492e+08  1.28807123e-02 
 6.31478050e+08  1.36514401e-02 
 6.46193727e+08  1.43319848e-02 
 6.61252331e+08  1.49896584e-02 
 6.76661854e+08  1.57202681e-02 
 6.92430473e+08  1.63698734e-02 
 7.08566557e+08  1.70900485e-02 
 7.25078669e+08  1.80935665e-02 
 7.41975572e+08  1.93110875e-02 
 7.59266232e+08  2.08407387e-02 
 7.76959826e+08  2.28047010e-02 
 7.95065744e+08  2.52865183e-02 
 8.13593593e+08  2.80241768e-02 
 8.32553207e+08  2.96777853e-02 
 8.51954648e+08  2.82792892e-02 
 8.71808210e+08  2.46279302e-02 
 8.92124431e+08  2.13026846e-02 
 9.12914092e+08  1.92295224e-02 
 9.34188226e+08  1.81928081e-02 
 9.55958123e+08  1.78311853e-02 
 9.78235335e+08  1.79016842e-02 
 1.00103169e+09  1.82800429e-02 
 1.02435927e+09  1.89250547e-02 
 1.04823047e+09  1.98533737e-02 
 1.07265796e+09  2.11289418e-02 
 1.09765469e+09  2.27653510e-02 
 1.12323393e+09  2.45454832e-02 
 1.14940927e+09  2.70028757e-02 
 1.17619457e+09  2.94488918e-02 
 1.20360408e+09  3.07592400e-02 
 1.23165232e+09  3.04241376e-02 
 1.26035418e+09  2.97860887e-02 
 1.28972490e+09  2.98563085e-02 
 1.31978006e+09  3.04878629e-02 
 1.35053561e+09  3.11687709e-02 
 1.38200788e+09  3.14006519e-02 
 1.41421356e+09  3.08340541e-02 
 1.44716975e+09  2.93940370e-02 
 1.48089393e+09  2.72999659e-02 
 1.51540401e+09  2.49150357e-02 
 1.55071830e+09  2.25595270e-02 
 1.58685553e+09  2.04242028e-02 
 1.62383489e+09  1.85800859e-02 
 1.66167599e+09  1.70222847e-02 
 1.70039893e+09  1.57102251e-02 
 1.74002425e+09  1.45950954e-02 
 1.78057299e+09  1.36347256e-02 
 1.82206665e+09  1.27978437e-02 
 1.86452726e+09  1.20621769e-02 
 1.90797735e+09  1.14116811e-02 
 1.95243999e+09  1.08353507e-02 
 1.99793876e+09  1.03272316e-02 
 2.04449781e+09  9.88654917e-03 
 2.09214185e+09  9.51702123e-03 
 2.14089617e+09  9.22432632e-03 
 2.19078664e+09  9.01078069e-03 
 2.24183974e+09  8.86817057e-03 
 2.29408255e+09  8.77490543e-03 
 2.34754280e+09  8.70889418e-03 
 2.40224887e+09  8.67370817e-03 
 2.45822978e+09  8.69941321e-03 
 2.51551525e+09  8.80587741e-03 
 2.57413567e+09  8.98467835e-03 
 2.63412215e+09  9.21419009e-03 
 2.69550653e+09  9.47481393e-03 
 2.75832139e+09  9.75316158e-03 
 2.82260005e+09  1.00409985e-02 
 2.88837664e+09  1.03334262e-02 
 2.95568605e+09  1.06275499e-02 
 3.02456401e+09  1.09216688e-02 
 3.09504707e+09  1.12148092e-02 
 3.16717263e+09  1.15064560e-02 
 3.24097898e+09  1.17963954e-02 
 3.31650528e+09  1.20846200e-02 
 3.39379160e+09  1.23712702e-02 
 3.47287898e+09  1.26565984e-02 
 3.55380937e+09  1.29409509e-02 
 3.63662572e+09  1.32247672e-02 
 3.72137199e+09  1.35086120e-02 
 3.80809314e+09  1.37932966e-02 
 3.89683521e+09  1.40803831e-02 
 3.98764528e+09  1.43755421e-02 
 4.08057155e+09  1.48712156e-02 
 4.17566333e+09  1.49033222e-02 
 4.27297108e+09  1.52066246e-02 
 4.37254645e+09  1.55050741e-02 
 4.47444228e+09  1.58056561e-02 
 4.57871264e+09  1.61104619e-02 
 4.68541287e+09  1.64209687e-02 
 4.79459960e+09  1.67388614e-02 
 4.90633076e+09  1.70668966e-02 
 5.02066566e+09  1.74122681e-02 
 5.13766496e+09  1.78233148e-02 
 5.25739076e+09  1.79050153e-02 
 5.37990660e+09  1.83340011e-02 
 5.50527749e+09  1.87702044e-02 
 5.63356997e+09  1.91883505e-02 
 5.76485211e+09  1.96572848e-02 
 5.89919360e+09  2.11107968e-02 
 6.03666571e+09  2.08270377e-02 
 6.17734142e+09  2.06597913e-02 
 6.32129537e+09  2.13324528e-02 
 6.46860395e+09  2.20328724e-02 
 6.61934535e+09  2.29550815e-02 
 6.77359956e+09  2.34938207e-02 
 6.93144843e+09  2.71365889e-02 
 7.09297575e+09  1.97127133e-02 
 7.25826722e+09  2.15425938e-02 
 7.42741057e+09  2.31982266e-02 
 7.60049556e+09  2.46583019e-02 
 7.77761404e+09  3.09122482e-02 
 7.95886001e+09  2.35414518e-02 
 8.14432966e+09  2.48506823e-02 
 8.33412140e+09  2.74477231e-02 
 8.52833597e+09  3.26159581e-02 
 8.72707642e+09  1.77615767e-02 
 8.93044823e+09  2.29918726e-02 
 9.13855932e+09  2.48777702e-02 
 9.35152014e+09  2.61330418e-02 
 9.56944371e+09  2.70921516e-02 
 9.79244566e+09  2.79486234e-02 
 1.00206443e+10  2.88144855e-02 
 1.02541609e+10  2.96699400e-02 
 1.04931192e+10  3.05322354e-02 
 1.07376460e+10  3.14143443e-02 
 1.09878712e+10  3.23271154e-02 
 1.12439276e+10  3.32813353e-02 
 1.15059509e+10  3.42892600e-02 
 1.17740804e+10  3.53663377e-02 
 1.20484582e+10  3.65336964e-02 
 1.23292299e+10  3.78222586e-02 
 1.26165447e+10  3.92799815e-02 
 1.29105549e+10  4.09842062e-02 
 1.32114166e+10  4.30531258e-02 
 1.35192894e+10  4.55264167e-02 
 1.38343368e+10  4.62314063e-02 
 1.41567259e+10  3.58069645e-02 
 1.44866277e+10  3.86408060e-02 
 1.48242175e+10  4.45777609e-02 
 1.51696743e+10  4.20079452e-02 
 1.55231815e+10  4.11768788e-02 
 1.58849266e+10  4.40606207e-02 
 1.62551017e+10  4.58304450e-02 
 1.66339032e+10  4.75529717e-02 
 1.70215321e+10  4.93616625e-02 
 1.74181941e+10  5.12760230e-02 
 1.78240998e+10  5.32990841e-02 
 1.82394645e+10  5.54093790e-02 
 1.86645086e+10  5.75149235e-02 
 1.90994578e+10  5.94761636e-02 
 1.95445429e+10  6.14575551e-02 
 2.00000000e+10  6.38876224e-02 
