 1.00000000e+08  1.69593173e-02 
 1.02330354e+08  1.68478179e-02 
 1.04715014e+08  1.67195981e-02 
 1.07155245e+08  1.65741011e-02 
 1.09652342e+08  1.64109560e-02 
 1.12207630e+08  1.62300090e-02 
 1.14822466e+08  1.60313494e-02 
 1.17498236e+08  1.58153316e-02 
 1.20236362e+08  1.55825895e-02 
 1.23038295e+08  1.53340418e-02 
 1.25905523e+08  1.50708885e-02 
 1.28839568e+08  1.47945977e-02 
 1.31841987e+08  1.45068817e-02 
 1.34914372e+08  1.42096655e-02 
 1.38058355e+08  1.39050473e-02 
 1.41275604e+08  1.35952538e-02 
 1.44567827e+08  1.32825927e-02 
 1.47936769e+08  1.29694035e-02 
 1.51384220e+08  1.26580106e-02 
 1.54912009e+08  1.23506790e-02 
 1.58522008e+08  1.20495745e-02 
 1.62216133e+08  1.17567301e-02 
 1.65996343e+08  1.14740185e-02 
 1.69864646e+08  1.12031311e-02 
 1.73823095e+08  1.09455634e-02 
 1.77873789e+08  1.07026068e-02 
 1.82018879e+08  1.04753460e-02 
 1.86260564e+08  1.02646617e-02 
 1.90601095e+08  1.00712378e-02 
 1.95042776e+08  9.89557403e-03 
 1.99587964e+08  9.73800249e-03 
 2.04239071e+08  9.59870917e-03 
 2.08998565e+08  9.47776164e-03 
 2.13868972e+08  9.37514426e-03 
 2.18852877e+08  9.29080565e-03 
 2.23952925e+08  9.22472668e-03 
 2.29171822e+08  9.17702801e-03 
 2.34512337e+08  9.14816046e-03 
 2.39977306e+08  9.13929009e-03 
 2.45569627e+08  9.15320381e-03 
 2.51292270e+08  9.19687161e-03 
 2.57148271e+08  9.29072894e-03 
 2.63140737e+08  9.51731716e-03 
 2.69272848e+08  1.04692892e-02 
 2.75547860e+08  1.14870940e-02 
 2.81969102e+08  1.00226531e-02 
 2.88539981e+08  1.02025478e-02 
 2.95263985e+08  1.13742651e-02 
 3.02144683e+08  1.37005612e-02 
 3.09185725e+08  9.99881916e-03 
 3.16390848e+08  9.84952734e-03 
 3.23763876e+08  1.37351336e-02 
 3.31308722e+08  1.00468404e-02 
 3.39029389e+08  9.81245101e-03 
 3.46929975e+08  9.91385801e-03 
 3.55014673e+08  1.01016897e-02 
 3.63287773e+08  1.07122371e-02 
 3.71753666e+08  1.03953430e-02 
 3.80416844e+08  1.05837468e-02 
 3.89281904e+08  1.08561342e-02 
 3.98353552e+08  1.13855794e-02 
 4.07636602e+08  1.17099259e-02 
 4.17135980e+08  1.12883056e-02 
 4.26856726e+08  1.15789694e-02 
 4.36804001e+08  1.24700836e-02 
 4.46983082e+08  1.19675545e-02 
 4.57399372e+08  1.23347122e-02 
 4.68058398e+08  1.32302747e-02 
 4.78965818e+08  1.46007599e-02 
 4.90127419e+08  1.31692915e-02 
 5.01549125e+08  1.43085910e-02 
 5.13236997e+08  1.62410929e-02 
 5.25197238e+08  1.45564828e-02 
 5.37436195e+08  1.49522347e-02 
 5.49960363e+08  1.67954291e-02 
 5.62776388e+08  1.78246612e-02 
 5.75891073e+08  1.68662365e-02 
 5.89311376e+08  1.65779784e-02 
 6.03044419e+08  1.40093246e-02 
 6.17097492e+08  1.43865862e-02 
 6.31478050e+08  1.50202494e-02 
 6.46193727e+08  1.61817625e-02 
 6.61252331e+08  1.53937854e-02 
 6.76661854e+08  1.63516358e-02 
 6.92430473e+08  1.76440878e-02 
 7.08566557e+08  1.77877431e-02 
 7.25078669e+08  1.90843378e-02 
 7.41975572e+08  2.06233690e-02 
 7.59266232e+08  2.25884513e-02 
 7.76959826e+08  2.51695862e-02 
 7.95065744e+08  2.85161986e-02 
 8.13593593e+08  3.23496008e-02 
 8.32553207e+08  3.49726352e-02 
 8.51954648e+08  3.36531194e-02 
 8.71808210e+08  2.90117906e-02 
 8.92124431e+08  2.42651213e-02 
 9.12914092e+08  2.08128242e-02 
 9.34188226e+08  1.85818582e-02 
 9.55958123e+08  1.72096239e-02 
 9.78235335e+08  1.64145265e-02 
 1.00103169e+09  1.60474052e-02 
 1.02435927e+09  1.60926013e-02 
 1.04823047e+09  1.66849806e-02 
 1.07265796e+09  1.80498071e-02 
 1.09765469e+09  1.81199228e-02 
 1.12323393e+09  2.04031658e-02 
 1.14940927e+09  2.56433292e-02 
 1.17619457e+09  3.17569056e-02 
 1.20360408e+09  3.63797755e-02 
 1.23165232e+09  3.67633304e-02 
 1.26035418e+09  3.40160337e-02 
 1.28972490e+09  3.07982164e-02 
 1.31978006e+09  2.82364160e-02 
 1.35053561e+09  2.63956543e-02 
 1.38200788e+09  2.50317484e-02 
 1.41421356e+09  2.38808213e-02 
 1.44716975e+09  2.27702662e-02 
 1.48089393e+09  2.16505401e-02 
 1.51540401e+09  2.05544232e-02 
 1.55071830e+09  1.95318308e-02 
 1.58685553e+09  1.86129340e-02 
 1.62383489e+09  1.78041096e-02 
 1.66167599e+09  1.70970176e-02 
 1.70039893e+09  1.64776635e-02 
 1.74002425e+09  1.59321643e-02 
 1.78057299e+09  1.54495916e-02 
 1.82206665e+09  1.50225536e-02 
 1.86452726e+09  1.46463562e-02 
 1.90797735e+09  1.43178344e-02 
 1.95243999e+09  1.40345594e-02 
 1.99793876e+09  1.37945025e-02 
 2.04449781e+09  1.35959241e-02 
 2.09214185e+09  1.34371957e-02 
 2.14089617e+09  1.33162067e-02 
 2.19078664e+09  1.32290377e-02 
 2.24183974e+09  1.31681471e-02 
 2.29408255e+09  1.31222263e-02 
 2.34754280e+09  1.30821242e-02 
 2.40224887e+09  1.30515451e-02 
 2.45822978e+09  1.30464326e-02 
 2.51551525e+09  1.30786657e-02 
 2.57413567e+09  1.31475125e-02 
 2.63412215e+09  1.32453113e-02 
 2.69550653e+09  1.33640770e-02 
 2.75832139e+09  1.34978042e-02 
 2.82260005e+09  1.36424107e-02 
 2.88837664e+09  1.37951594e-02 
 2.95568605e+09  1.39541721e-02 
 3.02456401e+09  1.41181144e-02 
 3.09504707e+09  1.42860076e-02 
 3.16717263e+09  1.44571180e-02 
 3.24097898e+09  1.46308897e-02 
 3.31650528e+09  1.48069049e-02 
 3.39379160e+09  1.49848579e-02 
 3.47287898e+09  1.51645402e-02 
 3.55380937e+09  1.53458350e-02 
 3.63662572e+09  1.55287228e-02 
 3.72137199e+09  1.57133130e-02 
 3.80809314e+09  1.58999538e-02 
 3.89683521e+09  1.60896689e-02 
 3.98764528e+09  1.62869899e-02 
 4.08057155e+09  1.66297673e-02 
 4.17566333e+09  1.66239324e-02 
 4.27297108e+09  1.68306480e-02 
 4.37254645e+09  1.70308705e-02 
 4.47444228e+09  1.72319187e-02 
 4.57871264e+09  1.74355327e-02 
 4.68541287e+09  1.76427582e-02 
 4.79459960e+09  1.78547112e-02 
 4.90633076e+09  1.80731827e-02 
 5.02066566e+09  1.83027861e-02 
 5.13766496e+09  1.85740387e-02 
 5.25739076e+09  1.86363012e-02 
 5.37990660e+09  1.89182566e-02 
 5.50527749e+09  1.92097396e-02 
 5.63356997e+09  1.94887092e-02 
 5.76485211e+09  1.98014575e-02 
 5.89919360e+09  2.07258936e-02 
 6.03666571e+09  2.06142677e-02 
 6.17734142e+09  2.04779275e-02 
 6.32129537e+09  2.09358481e-02 
 6.46860395e+09  2.14060636e-02 
 6.61934535e+09  2.19873600e-02 
 6.77359956e+09  2.27440399e-02 
 6.93144843e+09  2.39163691e-02 
 7.09297575e+09  2.53736815e-02 
 7.25826722e+09  1.61718135e-02 
 7.42741057e+09  2.05885452e-02 
 7.60049556e+09  2.25855273e-02 
 7.77761404e+09  2.62744396e-02 
 7.95886001e+09  1.29189322e-02 
 8.14432966e+09  2.02874461e-02 
 8.33412140e+09  2.22553807e-02 
 8.52833597e+09  2.43210040e-02 
 8.72707642e+09  1.89848898e-02 
 8.93044823e+09  2.19306098e-02 
 9.13855932e+09  2.28568458e-02 
 9.35152014e+09  2.33575278e-02 
 9.56944371e+09  2.41291298e-02 
 9.79244566e+09  2.46050108e-02 
 1.00206443e+10  2.51160381e-02 
 1.02541609e+10  2.56106462e-02 
 1.04931192e+10  2.61098017e-02 
 1.07376460e+10  2.66174827e-02 
 1.09878712e+10  2.71379621e-02 
 1.12439276e+10  2.76755260e-02 
 1.15059509e+10  2.82349265e-02 
 1.17740804e+10  2.88219909e-02 
 1.20484582e+10  2.94445158e-02 
 1.23292299e+10  3.01137300e-02 
 1.26165447e+10  3.08468237e-02 
 1.29105549e+10  3.16710758e-02 
 1.32114166e+10  3.26264557e-02 
 1.35192894e+10  3.37125632e-02 
 1.38343368e+10  3.40431441e-02 
 1.41567259e+10  3.05072018e-02 
 1.44866277e+10  3.18136302e-02 
 1.48242175e+10  3.37570703e-02 
 1.51696743e+10  3.27883431e-02 
 1.55231815e+10  3.45235458e-02 
 1.58849266e+10  3.51032214e-02 
 1.62551017e+10  3.57001096e-02 
 1.66339032e+10  3.64092638e-02 
 1.70215321e+10  3.71941105e-02 
 1.74181941e+10  3.80291904e-02 
 1.78240998e+10  3.88997400e-02 
 1.82394645e+10  3.97861113e-02 
 1.86645086e+10  4.06382177e-02 
 1.90994578e+10  4.13787699e-02 
 1.95445429e+10  4.20559297e-02 
 2.00000000e+10  4.28420529e-02 
