 1.00000000e+08  3.33270827e-02 
 1.02330354e+08  3.34332505e-02 
 1.04715014e+08  3.35428204e-02 
 1.07155245e+08  3.36559749e-02 
 1.09652342e+08  3.37729057e-02 
 1.12207630e+08  3.38938140e-02 
 1.14822466e+08  3.40189115e-02 
 1.17498236e+08  3.41484204e-02 
 1.20236362e+08  3.42825747e-02 
 1.23038295e+08  3.44216204e-02 
 1.25905523e+08  3.45658164e-02 
 1.28839568e+08  3.47154355e-02 
 1.31841987e+08  3.48707651e-02 
 1.34914372e+08  3.50321084e-02 
 1.38058355e+08  3.51997852e-02 
 1.41275604e+08  3.53741333e-02 
 1.44567827e+08  3.55555097e-02 
 1.47936769e+08  3.57442916e-02 
 1.51384220e+08  3.59408783e-02 
 1.54912009e+08  3.61456929e-02 
 1.58522008e+08  3.63591832e-02 
 1.62216133e+08  3.65818245e-02 
 1.65996343e+08  3.68141210e-02 
 1.69864646e+08  3.70566082e-02 
 1.73823095e+08  3.73098554e-02 
 1.77873789e+08  3.75744676e-02 
 1.82018879e+08  3.78510891e-02 
 1.86260564e+08  3.81404059e-02 
 1.90601095e+08  3.84431489e-02 
 1.95042776e+08  3.87600979e-02 
 1.99587964e+08  3.90920844e-02 
 2.04239071e+08  3.94399965e-02 
 2.08998565e+08  3.98047827e-02 
 2.13868972e+08  4.01874563e-02 
 2.18852877e+08  4.05891010e-02 
 2.23952925e+08  4.10108750e-02 
 2.29171822e+08  4.14540175e-02 
 2.34512337e+08  4.19198533e-02 
 2.39977306e+08  4.24097995e-02 
 2.45569627e+08  4.29253706e-02 
 2.51292270e+08  4.34681848e-02 
 2.57148271e+08  4.40399690e-02 
 2.63140737e+08  4.46425642e-02 
 2.69272848e+08  4.52779289e-02 
 2.75547860e+08  4.59481422e-02 
 2.81969102e+08  4.66554035e-02 
 2.88539981e+08  4.74020299e-02 
 2.95263985e+08  4.81904489e-02 
 3.02144683e+08  4.90231845e-02 
 3.09185725e+08  4.99028357e-02 
 3.16390848e+08  5.08320429e-02 
 3.23763876e+08  5.18134391e-02 
 3.31308722e+08  5.28495812e-02 
 3.39029389e+08  5.39428539e-02 
 3.46929975e+08  5.50953395e-02 
 3.55014673e+08  5.63086419e-02 
 3.63287773e+08  5.75836537e-02 
 3.71753666e+08  5.89202523e-02 
 3.80416844e+08  6.03169074e-02 
 3.89281904e+08  6.17701860e-02 
 3.98353552e+08  6.32741392e-02 
 4.07636602e+08  6.48195658e-02 
 4.17135980e+08  6.63931597e-02 
 4.26856726e+08  6.79765780e-02 
 4.36804001e+08  6.95455030e-02 
 4.46983082e+08  7.10688361e-02 
 4.57399372e+08  7.25082302e-02 
 4.68058398e+08  7.38182423e-02 
 4.78965818e+08  7.49474376e-02 
 4.90127419e+08  7.58407486e-02 
 5.01549125e+08  7.64432489e-02 
 5.13236997e+08  7.67051951e-02 
 5.25197238e+08  7.65877727e-02 
 5.37436195e+08  7.60685540e-02 
 5.49960363e+08  7.51454631e-02 
 5.62776388e+08  7.38381985e-02 
 5.75891073e+08  7.21866387e-02 
 5.89311376e+08  7.02465398e-02 
 6.03044419e+08  6.80835193e-02 
 6.17097492e+08  6.57666278e-02 
 6.31478050e+08  6.33626747e-02 
 6.46193727e+08  6.09320387e-02 
 6.61252331e+08  5.85261880e-02 
 6.76661854e+08  5.61867389e-02 
 6.92430473e+08  5.39456708e-02 
 7.08566557e+08  5.18262684e-02 
 7.25078669e+08  4.98444238e-02 
 7.41975572e+08  4.80100275e-02 
 7.59266232e+08  4.63282810e-02 
 7.76959826e+08  4.48008456e-02 
 7.95065744e+08  4.34267947e-02 
 8.13593593e+08  4.22033750e-02 
 8.32553207e+08  4.11265975e-02 
 8.51954648e+08  4.01916865e-02 
 8.71808210e+08  3.93934152e-02 
 8.92124431e+08  3.87263549e-02 
 9.12914092e+08  3.81850595e-02 
 9.34188226e+08  3.77642022e-02 
 9.55958123e+08  3.74586790e-02 
 9.78235335e+08  3.72636886e-02 
 1.00103169e+09  3.71747956e-02 
 1.02435927e+09  3.71879827e-02 
 1.04823047e+09  3.72996955e-02 
 1.07265796e+09  3.75068816e-02 
 1.09765469e+09  3.78070276e-02 
 1.12323393e+09  3.81981939e-02 
 1.14940927e+09  3.86790505e-02 
 1.17619457e+09  3.92489135e-02 
 1.20360408e+09  3.99077868e-02 
 1.23165232e+09  4.06564075e-02 
 1.26035418e+09  4.14963002e-02 
 1.28972490e+09  4.24298411e-02 
 1.31978006e+09  4.34603351e-02 
 1.35053561e+09  4.45921097e-02 
 1.38200788e+09  4.58306286e-02 
 1.41421356e+09  4.71826305e-02 
 1.44716975e+09  4.86562977e-02 
 1.48089393e+09  5.02614594e-02 
 1.51540401e+09  5.20098384e-02 
 1.55071830e+09  5.39153449e-02 
 1.58685553e+09  5.59944240e-02 
 1.62383489e+09  5.82664604e-02 
 1.66167599e+09  6.07542336e-02 
 1.70039893e+09  6.34844060e-02 
 1.74002425e+09  6.64879930e-02 
 1.78057299e+09  6.98007068e-02 
 1.82206665e+09  7.34629545e-02 
 1.86452726e+09  7.75190606e-02 
 1.90797735e+09  8.20148983e-02 
 1.95243999e+09  8.69924129e-02 
 1.99793876e+09  9.24783191e-02 
 2.04449781e+09  9.84623437e-02 
 2.09214185e+09  1.04857959e-01 
 2.14089617e+09  1.11437356e-01 
 2.19078664e+09  1.17738758e-01 
 2.24183974e+09  1.22972539e-01 
 2.29408255e+09  1.26017314e-01 
 2.34754280e+09  1.25659605e-01 
 2.40224887e+09  1.21129168e-01 
 2.45822978e+09  1.12614672e-01 
 2.51551525e+09  1.01244436e-01 
 2.57413567e+09  8.85052002e-02 
 2.63412215e+09  7.56410683e-02 
 2.69550653e+09  6.34223547e-02 
 2.75832139e+09  5.22319910e-02 
 2.82260005e+09  4.22926663e-02 
 2.88837664e+09  3.40073494e-02 
 2.95568605e+09  2.86145873e-02 
 3.02456401e+09  2.91402134e-02 
 3.09504707e+09  4.02311592e-02 
 3.16717263e+09  7.54838401e-02 
 3.24097898e+09  8.07811076e-02 
 3.31650528e+09  6.40778158e-02 
 3.39379160e+09  1.47028858e-01 
 3.47287898e+09  1.66255649e-01 
 3.55380937e+09  1.13662620e-01 
 3.63662572e+09  8.11620956e-02 
 3.72137199e+09  6.28014061e-02 
 3.80809314e+09  5.09547311e-02 
 3.89683521e+09  4.30419211e-02 
 3.98764528e+09  3.75500994e-02 
 4.08057155e+09  3.37716770e-02 
 4.17566333e+09  3.13252393e-02 
 4.27297108e+09  3.00093346e-02 
 4.37254645e+09  2.96339487e-02 
 4.47444228e+09  3.01814188e-02 
 4.57871264e+09  3.16600117e-02 
 4.68541287e+09  3.43106289e-02 
 4.79459960e+09  3.93034924e-02 
 4.90633076e+09  5.23402531e-02 
 5.02066566e+09  4.44928725e-02 
 5.13766496e+09  4.79587575e-02 
 5.25739076e+09  1.32999457e-01 
 5.37990660e+09  6.08157611e-02 
 5.50527749e+09  3.27573236e-02 
 5.63356997e+09  4.52134590e-02 
 5.76485211e+09  3.62008013e-02 
 5.89919360e+09  4.01955090e-02 
 6.03666571e+09  4.56936570e-02 
 6.17734142e+09  5.34163400e-02 
 6.32129537e+09  6.53157990e-02 
 6.46860395e+09  1.22196216e-01 
 6.61934535e+09  8.30459752e-02 
 6.77359956e+09  1.26075534e-01 
 6.93144843e+09  2.18884218e-01 
 7.09297575e+09  7.01808775e-02 
 7.25826722e+09  2.94177605e-02 
 7.42741057e+09  3.29620186e-02 
 7.60049556e+09  3.66930460e-02 
 7.77761404e+09  4.75969494e-02 
 7.95886001e+09  4.35697227e-02 
 8.14432966e+09  4.12472781e-02 
 8.33412140e+09  3.31332876e-02 
 8.52833597e+09  4.83807421e-02 
 8.72707642e+09  5.25791582e-02 
 8.93044823e+09  5.25337852e-02 
 9.13855932e+09  8.79015168e-02 
 9.35152014e+09  8.66393601e-02 
 9.56944371e+09  4.99158456e-02 
 9.79244566e+09  8.07497655e-02 
 1.00206443e+10  6.62957841e-02 
 1.02541609e+10  7.13687795e-02 
 1.04931192e+10  7.54907921e-02 
 1.07376460e+10  7.95799023e-02 
 1.09878712e+10  8.38519801e-02 
 1.12439276e+10  8.84711827e-02 
 1.15059509e+10  9.36421240e-02 
 1.17740804e+10  9.96851201e-02 
 1.20484582e+10  1.07178400e-01 
 1.23292299e+10  1.17318589e-01 
 1.26165447e+10  1.33042725e-01 
 1.29105549e+10  1.63329587e-01 
 1.32114166e+10  2.23243105e-01 
 1.35192894e+10  8.40114763e-02 
 1.38343368e+10  5.17822563e-02 
 1.41567259e+10  7.09266899e-02 
 1.44866277e+10  9.49155562e-02 
 1.48242175e+10  9.84789669e-02 
 1.51696743e+10  1.11303250e-01 
 1.55231815e+10  8.39669864e-02 
 1.58849266e+10  9.72148902e-02 
 1.62551017e+10  1.04712560e-01 
 1.66339032e+10  1.10826924e-01 
 1.70215321e+10  1.16358639e-01 
 1.74181941e+10  1.21599152e-01 
 1.78240998e+10  1.26691657e-01 
 1.82394645e+10  1.31719868e-01 
 1.86645086e+10  1.36738773e-01 
 1.90994578e+10  1.41787751e-01 
 1.95445429e+10  1.46897026e-01 
 2.00000000e+10  1.52091178e-01 
