 1.00000000e+08  1.81804019e-02 
 1.02330354e+08  1.82986360e-02 
 1.04715014e+08  1.84218705e-02 
 1.07155245e+08  1.85503005e-02 
 1.09652342e+08  1.86841279e-02 
 1.12207630e+08  1.88235616e-02 
 1.14822466e+08  1.89688180e-02 
 1.17498236e+08  1.91201212e-02 
 1.20236362e+08  1.92777034e-02 
 1.23038295e+08  1.94418054e-02 
 1.25905523e+08  1.96126766e-02 
 1.28839568e+08  1.97905757e-02 
 1.31841987e+08  1.99757714e-02 
 1.34914372e+08  2.01685425e-02 
 1.38058355e+08  2.03691785e-02 
 1.41275604e+08  2.05779805e-02 
 1.44567827e+08  2.07952615e-02 
 1.47936769e+08  2.10213474e-02 
 1.51384220e+08  2.12565774e-02 
 1.54912009e+08  2.15013053e-02 
 1.58522008e+08  2.17558998e-02 
 1.62216133e+08  2.20207461e-02 
 1.65996343e+08  2.22962463e-02 
 1.69864646e+08  2.25828209e-02 
 1.73823095e+08  2.28809099e-02 
 1.77873789e+08  2.31909739e-02 
 1.82018879e+08  2.35134958e-02 
 1.86260564e+08  2.38489817e-02 
 1.90601095e+08  2.41979628e-02 
 1.95042776e+08  2.45609968e-02 
 1.99587964e+08  2.49386695e-02 
 2.04239071e+08  2.53315964e-02 
 2.08998565e+08  2.57404246e-02 
 2.13868972e+08  2.61658343e-02 
 2.18852877e+08  2.66085404e-02 
 2.23952925e+08  2.70692938e-02 
 2.29171822e+08  2.75488834e-02 
 2.34512337e+08  2.80481364e-02 
 2.39977306e+08  2.85679195e-02 
 2.45569627e+08  2.91091388e-02 
 2.51292270e+08  2.96727393e-02 
 2.57148271e+08  3.02597031e-02 
 2.63140737e+08  3.08710468e-02 
 2.69272848e+08  3.15078164e-02 
 2.75547860e+08  3.21710809e-02 
 2.81969102e+08  3.28619217e-02 
 2.88539981e+08  3.35814193e-02 
 2.95263985e+08  3.43306344e-02 
 3.02144683e+08  3.51105833e-02 
 3.09185725e+08  3.59222049e-02 
 3.16390848e+08  3.67663181e-02 
 3.23763876e+08  3.76435664e-02 
 3.31308722e+08  3.85543471e-02 
 3.39029389e+08  3.94987218e-02 
 3.46929975e+08  4.04763025e-02 
 3.55014673e+08  4.14861112e-02 
 3.63287773e+08  4.25264051e-02 
 3.71753666e+08  4.35944657e-02 
 3.80416844e+08  4.46863449e-02 
 3.89281904e+08  4.57965686e-02 
 3.98353552e+08  4.69177992e-02 
 4.07636602e+08  4.80404659e-02 
 4.17135980e+08  4.91523814e-02 
 4.26856726e+08  5.02383795e-02 
 4.36804001e+08  5.12800255e-02 
 4.46983082e+08  5.22554718e-02 
 4.57399372e+08  5.31395551e-02 
 4.68058398e+08  5.39042427e-02 
 4.78965818e+08  5.45195313e-02 
 4.90127419e+08  5.49548683e-02 
 5.01549125e+08  5.51810921e-02 
 5.13236997e+08  5.51727749e-02 
 5.25197238e+08  5.49107191e-02 
 5.37436195e+08  5.43842431e-02 
 5.49960363e+08  5.35928455e-02 
 5.62776388e+08  5.25468935e-02 
 5.75891073e+08  5.12671534e-02 
 5.89311376e+08  4.97832188e-02 
 6.03044419e+08  4.81311183e-02 
 6.17097492e+08  4.63505300e-02 
 6.31478050e+08  4.44820502e-02 
 6.46193727e+08  4.25648734e-02 
 6.61252331e+08  4.06350926e-02 
 6.76661854e+08  3.87246709e-02 
 6.92430473e+08  3.68610180e-02 
 7.08566557e+08  3.50670360e-02 
 7.25078669e+08  3.33614781e-02 
 7.41975572e+08  3.17594758e-02 
 7.59266232e+08  3.02731161e-02 
 7.76959826e+08  2.89119845e-02 
 7.95065744e+08  2.76836191e-02 
 8.13593593e+08  2.65938462e-02 
 8.32553207e+08  2.56469909e-02 
 8.51954648e+08  2.48459742e-02 
 8.71808210e+08  2.41923234e-02 
 8.92124431e+08  2.36861365e-02 
 9.12914092e+08  2.33260481e-02 
 9.34188226e+08  2.31092396e-02 
 9.55958123e+08  2.30315291e-02 
 9.78235335e+08  2.30875534e-02 
 1.00103169e+09  2.32710348e-02 
 1.02435927e+09  2.35751052e-02 
 1.04823047e+09  2.39926527e-02 
 1.07265796e+09  2.45166538e-02 
 1.09765469e+09  2.51404634e-02 
 1.12323393e+09  2.58580468e-02 
 1.14940927e+09  2.66641497e-02 
 1.17619457e+09  2.75544104e-02 
 1.20360408e+09  2.85254239e-02 
 1.23165232e+09  2.95747721e-02 
 1.26035418e+09  3.07010288e-02 
 1.28972490e+09  3.19037530e-02 
 1.31978006e+09  3.31834768e-02 
 1.35053561e+09  3.45416952e-02 
 1.38200788e+09  3.59808601e-02 
 1.41421356e+09  3.75043835e-02 
 1.44716975e+09  3.91166473e-02 
 1.48089393e+09  4.08230214e-02 
 1.51540401e+09  4.26298852e-02 
 1.55071830e+09  4.45446474e-02 
 1.58685553e+09  4.65757535e-02 
 1.62383489e+09  4.87326655e-02 
 1.66167599e+09  5.10257875e-02 
 1.70039893e+09  5.34662950e-02 
 1.74002425e+09  5.60658054e-02 
 1.78057299e+09  5.88357868e-02 
 1.82206665e+09  6.17865511e-02 
 1.86452726e+09  6.49255932e-02 
 1.90797735e+09  6.82549259e-02 
 1.95243999e+09  7.17669059e-02 
 1.99793876e+09  7.54378805e-02 
 2.04449781e+09  7.92188688e-02 
 2.09214185e+09  8.30226354e-02 
 2.14089617e+09  8.67073314e-02 
 2.19078664e+09  9.00590840e-02 
 2.24183974e+09  9.27802706e-02 
 2.29408255e+09  9.44962770e-02 
 2.34754280e+09  9.47972421e-02 
 2.40224887e+09  9.33233395e-02 
 2.45822978e+09  8.98750376e-02 
 2.51551525e+09  8.44959832e-02 
 2.57413567e+09  7.74729681e-02 
 2.63412215e+09  6.92454652e-02 
 2.69550653e+09  6.02772998e-02 
 2.75832139e+09  5.09582348e-02 
 2.82260005e+09  4.15758049e-02 
 2.88837664e+09  3.23881653e-02 
 2.95568605e+09  2.39468898e-02 
 3.02456401e+09  1.83472826e-02 
 3.09504707e+09  2.08980139e-02 
 3.16717263e+09  3.39935927e-02 
 3.24097898e+09  5.84461561e-02 
 3.31650528e+09  1.03555935e-01 
 3.39379160e+09  7.57518882e-02 
 3.47287898e+09  1.30607097e-01 
 3.55380937e+09  1.16007233e-01 
 3.63662572e+09  8.63185691e-02 
 3.72137199e+09  9.93108324e-02 
 3.80809314e+09  6.12209186e-02 
 3.89683521e+09  4.89427997e-02 
 3.98764528e+09  4.05076099e-02 
 4.08057155e+09  3.42032935e-02 
 4.17566333e+09  2.94200959e-02 
 4.27297108e+09  2.59050488e-02 
 4.37254645e+09  2.35144613e-02 
 4.47444228e+09  2.22498212e-02 
 4.57871264e+09  2.20946630e-02 
 4.68541287e+09  2.30511652e-02 
 4.79459960e+09  2.52509047e-02 
 4.90633076e+09  4.44564959e-02 
 5.02066566e+09  2.92419129e-02 
 5.13766496e+09  6.58774868e-02 
 5.25739076e+09  2.15167256e-02 
 5.37990660e+09  2.32339319e-02 
 5.50527749e+09  2.86701206e-02 
 5.63356997e+09  3.51321037e-02 
 5.76485211e+09  3.95175366e-02 
 5.89919360e+09  4.63303007e-02 
 6.03666571e+09  7.06336030e-02 
 6.17734142e+09  4.63407135e-02 
 6.32129537e+09  5.45868209e-02 
 6.46860395e+09  6.45611568e-02 
 6.61934535e+09  7.45316025e-02 
 6.77359956e+09  9.00276601e-02 
 6.93144843e+09  9.80782327e-02 
 7.09297575e+09  1.68460668e-01 
 7.25826722e+09  1.04049783e-01 
 7.42741057e+09  1.12295560e-01 
 7.60049556e+09  8.78038190e-02 
 7.77761404e+09  4.75416501e-02 
 7.95886001e+09  8.30023822e-02 
 8.14432966e+09  2.27006228e-01 
 8.33412140e+09  1.03893099e-01 
 8.52833597e+09  2.27471431e-02 
 8.72707642e+09  1.54368957e-02 
 8.93044823e+09  2.92355334e-02 
 9.13855932e+09  4.47452261e-02 
 9.35152014e+09  3.70877458e-02 
 9.56944371e+09  5.14718937e-02 
 9.79244566e+09  6.12256858e-02 
 1.00206443e+10  7.02761533e-02 
 1.02541609e+10  7.93070134e-02 
 1.04931192e+10  8.88461577e-02 
 1.07376460e+10  9.93600104e-02 
 1.09878712e+10  1.11363404e-01 
 1.12439276e+10  1.25531812e-01 
 1.15059509e+10  1.42751686e-01 
 1.17740804e+10  1.63881611e-01 
 1.20484582e+10  1.87893778e-01 
 1.23292299e+10  2.03895107e-01 
 1.26165447e+10  1.83551467e-01 
 1.29105549e+10  1.29599143e-01 
 1.32114166e+10  8.79490173e-02 
 1.35192894e+10  7.77755786e-02 
 1.38343368e+10  9.09324712e-02 
 1.41567259e+10  1.17475712e-01 
 1.44866277e+10  1.90298267e-01 
 1.48242175e+10  1.31194478e-01 
 1.51696743e+10  1.85798464e-01 
 1.55231815e+10  2.52809789e-01 
 1.58849266e+10  3.15074059e-01 
 1.62551017e+10  2.94478804e-01 
 1.66339032e+10  3.05985358e-01 
 1.70215321e+10  3.65290424e-01 
 1.74181941e+10  4.51475429e-01 
 1.78240998e+10  5.34956039e-01 
 1.82394645e+10  5.54858180e-01 
 1.86645086e+10  4.91298045e-01 
 1.90994578e+10  4.01408487e-01 
 1.95445429e+10  3.24233685e-01 
 2.00000000e+10  2.65467864e-01 
