 1.00000000e+08  1.75822413e-02 
 1.02330354e+08  1.76985750e-02 
 1.04715014e+08  1.78195468e-02 
 1.07155245e+08  1.79453365e-02 
 1.09652342e+08  1.80761312e-02 
 1.12207630e+08  1.82121254e-02 
 1.14822466e+08  1.83535216e-02 
 1.17498236e+08  1.85005307e-02 
 1.20236362e+08  1.86533721e-02 
 1.23038295e+08  1.88122745e-02 
 1.25905523e+08  1.89774761e-02 
 1.28839568e+08  1.91492251e-02 
 1.31841987e+08  1.93277805e-02 
 1.34914372e+08  1.95134125e-02 
 1.38058355e+08  1.97064027e-02 
 1.41275604e+08  1.99070456e-02 
 1.44567827e+08  2.01156484e-02 
 1.47936769e+08  2.03325324e-02 
 1.51384220e+08  2.05580335e-02 
 1.54912009e+08  2.07925028e-02 
 1.58522008e+08  2.10363080e-02 
 1.62216133e+08  2.12898341e-02 
 1.65996343e+08  2.15534844e-02 
 1.69864646e+08  2.18276816e-02 
 1.73823095e+08  2.21128692e-02 
 1.77873789e+08  2.24095123e-02 
 1.82018879e+08  2.27180994e-02 
 1.86260564e+08  2.30391433e-02 
 1.90601095e+08  2.33731831e-02 
 1.95042776e+08  2.37207851e-02 
 1.99587964e+08  2.40825450e-02 
 2.04239071e+08  2.44590890e-02 
 2.08998565e+08  2.48510756e-02 
 2.13868972e+08  2.52591973e-02 
 2.18852877e+08  2.56841822e-02 
 2.23952925e+08  2.61267953e-02 
 2.29171822e+08  2.65878399e-02 
 2.34512337e+08  2.70681585e-02 
 2.39977306e+08  2.75686339e-02 
 2.45569627e+08  2.80901889e-02 
 2.51292270e+08  2.86337858e-02 
 2.57148271e+08  2.92004251e-02 
 2.63140737e+08  2.97911426e-02 
 2.69272848e+08  3.04070048e-02 
 2.75547860e+08  3.10491021e-02 
 2.81969102e+08  3.17185392e-02 
 2.88539981e+08  3.24164220e-02 
 2.95263985e+08  3.31438391e-02 
 3.02144683e+08  3.39018378e-02 
 3.09185725e+08  3.46913922e-02 
 3.16390848e+08  3.55133612e-02 
 3.23763876e+08  3.63684347e-02 
 3.31308722e+08  3.72570644e-02 
 3.39029389e+08  3.81793759e-02 
 3.46929975e+08  3.91350573e-02 
 3.55014673e+08  4.01232212e-02 
 3.63287773e+08  4.11422335e-02 
 3.71753666e+08  4.21895054e-02 
 3.80416844e+08  4.32612443e-02 
 3.89281904e+08  4.43521610e-02 
 3.98353552e+08  4.54551367e-02 
 4.07636602e+08  4.65608568e-02 
 4.17135980e+08  4.76574311e-02 
 4.26856726e+08  4.87300315e-02 
 4.36804001e+08  4.97605995e-02 
 4.46983082e+08  5.07276947e-02 
 4.57399372e+08  5.16065775e-02 
 4.68058398e+08  5.23696322e-02 
 4.78965818e+08  5.29872337e-02 
 4.90127419e+08  5.34291270e-02 
 5.01549125e+08  5.36663188e-02 
 5.13236997e+08  5.36733699e-02 
 5.25197238e+08  5.34308451e-02 
 5.37436195e+08  5.29275684e-02 
 5.49960363e+08  5.21622755e-02 
 5.62776388e+08  5.11443188e-02 
 5.75891073e+08  4.98932404e-02 
 5.89311376e+08  4.84372618e-02 
 6.03044419e+08  4.68109652e-02 
 6.17097492e+08  4.50525800e-02 
 6.31478050e+08  4.32013145e-02 
 6.46193727e+08  4.12950842e-02 
 6.61252331e+08  3.93688434e-02 
 6.76661854e+08  3.74535760e-02 
 6.92430473e+08  3.55758830e-02 
 7.08566557e+08  3.37580364e-02 
 7.25078669e+08  3.20183510e-02 
 7.41975572e+08  3.03717306e-02 
 7.59266232e+08  2.88302754e-02 
 7.76959826e+08  2.74038646e-02 
 7.95065744e+08  2.61006539e-02 
 8.13593593e+08  2.49274534e-02 
 8.32553207e+08  2.38899642e-02 
 8.51954648e+08  2.29928713e-02 
 8.71808210e+08  2.22398047e-02 
 8.92124431e+08  2.16332009e-02 
 9.12914092e+08  2.11741134e-02 
 9.34188226e+08  2.08620337e-02 
 9.55958123e+08  2.06947875e-02 
 9.78235335e+08  2.06685564e-02 
 1.00103169e+09  2.07780455e-02 
 1.02435927e+09  2.10167865e-02 
 1.04823047e+09  2.13775332e-02 
 1.07265796e+09  2.18526942e-02 
 1.09765469e+09  2.24347461e-02 
 1.12323393e+09  2.31165889e-02 
 1.14940927e+09  2.38918197e-02 
 1.17619457e+09  2.47549235e-02 
 1.20360408e+09  2.57013896e-02 
 1.23165232e+09  2.67277687e-02 
 1.26035418e+09  2.78316896e-02 
 1.28972490e+09  2.90118495e-02 
 1.31978006e+09  3.02679923e-02 
 1.35053561e+09  3.16008831e-02 
 1.38200788e+09  3.30122871e-02 
 1.41421356e+09  3.45049539e-02 
 1.44716975e+09  3.60826117e-02 
 1.48089393e+09  3.77499680e-02 
 1.51540401e+09  3.95127159e-02 
 1.55071830e+09  4.13775388e-02 
 1.58685553e+09  4.33521041e-02 
 1.62383489e+09  4.54450302e-02 
 1.66167599e+09  4.76658014e-02 
 1.70039893e+09  5.00245910e-02 
 1.74002425e+09  5.25319304e-02 
 1.78057299e+09  5.51981288e-02 
 1.82206665e+09  5.80322944e-02 
 1.86452726e+09  6.10407319e-02 
 1.90797735e+09  6.42243848e-02 
 1.95243999e+09  6.75748450e-02 
 1.99793876e+09  7.10682984e-02 
 2.04449781e+09  7.46566738e-02 
 2.09214185e+09  7.82554024e-02 
 2.14089617e+09  8.17279869e-02 
 2.19078664e+09  8.48696845e-02 
 2.24183974e+09  8.73967311e-02 
 2.29408255e+09  8.89532529e-02 
 2.34754280e+09  8.91514053e-02 
 2.40224887e+09  8.76525805e-02 
 2.45822978e+09  8.42717265e-02 
 2.51551525e+09  7.90549552e-02 
 2.57413567e+09  7.22780310e-02 
 2.63412215e+09  6.43591416e-02 
 2.69550653e+09  5.57360034e-02 
 2.75832139e+09  4.67709432e-02 
 2.82260005e+09  3.77204129e-02 
 2.88837664e+09  2.87949319e-02 
 2.95568605e+09  2.04574774e-02 
 3.02456401e+09  1.48022546e-02 
 3.09504707e+09  1.76807384e-02 
 3.16717263e+09  3.05667921e-02 
 3.24097898e+09  5.34186134e-02 
 3.31650528e+09  9.47425474e-02 
 3.39379160e+09  6.80307716e-02 
 3.47287898e+09  1.17340490e-01 
 3.55380937e+09  1.03197082e-01 
 3.63662572e+09  7.57176142e-02 
 3.72137199e+09  8.70464597e-02 
 3.80809314e+09  5.21092372e-02 
 3.89683521e+09  4.06835267e-02 
 3.98764528e+09  3.27872965e-02 
 4.08057155e+09  2.69193406e-02 
 4.17566333e+09  2.26145383e-02 
 4.27297108e+09  1.97794980e-02 
 4.37254645e+09  1.84640461e-02 
 4.47444228e+09  1.87973913e-02 
 4.57871264e+09  2.08482259e-02 
 4.68541287e+09  2.48816920e-02 
 4.79459960e+09  3.22055872e-02 
 4.90633076e+09  5.44917888e-02 
 5.02066566e+09  1.16689215e-01 
 5.13766496e+09  3.38065722e-02 
 5.25739076e+09  2.89266423e-02 
 5.37990660e+09  2.22220069e-02 
 5.50527749e+09  2.98443324e-02 
 5.63356997e+09  3.45423198e-02 
 5.76485211e+09  3.57829804e-02 
 5.89919360e+09  4.57566001e-02 
 6.03666571e+09  8.87289869e-02 
 6.17734142e+09  3.64951570e-02 
 6.32129537e+09  5.25352313e-02 
 6.46860395e+09  8.16252642e-02 
 6.61934535e+09  8.46770718e-02 
 6.77359956e+09  5.02641689e-02 
 6.93144843e+09  4.47518921e-02 
 7.09297575e+09  1.01153287e-01 
 7.25826722e+09  1.00032734e-01 
 7.42741057e+09  1.31573915e-01 
 7.60049556e+09  1.08145662e-02 
 7.77761404e+09  9.90747381e-02 
 7.95886001e+09  2.50859101e-02 
 8.14432966e+09  5.59782086e-02 
 8.33412140e+09  2.92378478e-02 
 8.52833597e+09  3.76297053e-02 
 8.72707642e+09  4.27158650e-02 
 8.93044823e+09  4.29690126e-02 
 9.13855932e+09  5.31498108e-02 
 9.35152014e+09  4.80520114e-02 
 9.56944371e+09  5.00019847e-02 
 9.79244566e+09  4.94735066e-02 
 1.00206443e+10  6.31350833e-02 
 1.02541609e+10  6.84988354e-02 
 1.04931192e+10  7.34944934e-02 
 1.07376460e+10  7.87041032e-02 
 1.09878712e+10  8.43958604e-02 
 1.12439276e+10  9.08289324e-02 
 1.15059509e+10  9.82790239e-02 
 1.17740804e+10  1.06848066e-01 
 1.20484582e+10  1.15395639e-01 
 1.23292299e+10  1.17708175e-01 
 1.26165447e+10  1.01397214e-01 
 1.29105549e+10  7.48805865e-02 
 1.32114166e+10  6.21924941e-02 
 1.35192894e+10  6.32510298e-02 
 1.38343368e+10  6.95932939e-02 
 1.41567259e+10  7.80453541e-02 
 1.44866277e+10  9.48575545e-02 
 1.48242175e+10  1.00184703e-01 
 1.51696743e+10  1.03338241e-01 
 1.55231815e+10  8.08202806e-02 
 1.58849266e+10  9.72118547e-02 
 1.62551017e+10  1.00555113e-01 
 1.66339032e+10  1.03000786e-01 
 1.70215321e+10  1.06935633e-01 
 1.74181941e+10  1.11305266e-01 
 1.78240998e+10  1.15753940e-01 
 1.82394645e+10  1.20220976e-01 
 1.86645086e+10  1.24756791e-01 
 1.90994578e+10  1.29382346e-01 
 1.95445429e+10  1.34088759e-01 
 2.00000000e+10  1.38875190e-01 
