 1.00000000e+08  1.79758687e-02 
 1.02330354e+08  1.80997370e-02 
 1.04715014e+08  1.82285245e-02 
 1.07155245e+08  1.83624303e-02 
 1.09652342e+08  1.85016617e-02 
 1.12207630e+08  1.86464344e-02 
 1.14822466e+08  1.87969731e-02 
 1.17498236e+08  1.89535120e-02 
 1.20236362e+08  1.91162953e-02 
 1.23038295e+08  1.92855776e-02 
 1.25905523e+08  1.94616242e-02 
 1.28839568e+08  1.96447125e-02 
 1.31841987e+08  1.98351319e-02 
 1.34914372e+08  2.00331846e-02 
 1.38058355e+08  2.02391868e-02 
 1.41275604e+08  2.04534691e-02 
 1.44567827e+08  2.06763776e-02 
 1.47936769e+08  2.09082746e-02 
 1.51384220e+08  2.11495399e-02 
 1.54912009e+08  2.14005718e-02 
 1.58522008e+08  2.16617883e-02 
 1.62216133e+08  2.19336283e-02 
 1.65996343e+08  2.22165531e-02 
 1.69864646e+08  2.25110479e-02 
 1.73823095e+08  2.28176231e-02 
 1.77873789e+08  2.31368162e-02 
 1.82018879e+08  2.34691938e-02 
 1.86260564e+08  2.38153529e-02 
 1.90601095e+08  2.41759234e-02 
 1.95042776e+08  2.45515699e-02 
 1.99587964e+08  2.49429939e-02 
 2.04239071e+08  2.53509357e-02 
 2.08998565e+08  2.57761771e-02 
 2.13868972e+08  2.62195431e-02 
 2.18852877e+08  2.66819037e-02 
 2.23952925e+08  2.71641763e-02 
 2.29171822e+08  2.76673266e-02 
 2.34512337e+08  2.81923698e-02 
 2.39977306e+08  2.87403708e-02 
 2.45569627e+08  2.93124433e-02 
 2.51292270e+08  2.99097480e-02 
 2.57148271e+08  3.05334885e-02 
 2.63140737e+08  3.11849050e-02 
 2.69272848e+08  3.18652650e-02 
 2.75547860e+08  3.25758494e-02 
 2.81969102e+08  3.33179338e-02 
 2.88539981e+08  3.40927623e-02 
 2.95263985e+08  3.49015128e-02 
 3.02144683e+08  3.57452506e-02 
 3.09185725e+08  3.66248675e-02 
 3.16390848e+08  3.75410032e-02 
 3.23763876e+08  3.84939436e-02 
 3.31308722e+08  3.94834921e-02 
 3.39029389e+08  4.05088061e-02 
 3.46929975e+08  4.15681958e-02 
 3.55014673e+08  4.26588752e-02 
 3.63287773e+08  4.37766645e-02 
 3.71753666e+08  4.49156391e-02 
 3.80416844e+08  4.60677307e-02 
 3.89281904e+08  4.72222919e-02 
 3.98353552e+08  4.83656516e-02 
 4.07636602e+08  4.94807074e-02 
 4.17135980e+08  5.05466250e-02 
 4.26856726e+08  5.15387426e-02 
 4.36804001e+08  5.24288032e-02 
 4.46983082e+08  5.31856453e-02 
 4.57399372e+08  5.37764647e-02 
 4.68058398e+08  5.41686958e-02 
 4.78965818e+08  5.43324477e-02 
 4.90127419e+08  5.42432722e-02 
 5.01549125e+08  5.38848865e-02 
 5.13236997e+08  5.32513723e-02 
 5.25197238e+08  5.23483901e-02 
 5.37436195e+08  5.11931097e-02 
 5.49960363e+08  4.98128263e-02 
 5.62776388e+08  4.82425200e-02 
 5.75891073e+08  4.65218268e-02 
 5.89311376e+08  4.46919517e-02 
 6.03044419e+08  4.27929731e-02 
 6.17097492e+08  4.08618188e-02 
 6.31478050e+08  3.89310056e-02 
 6.46193727e+08  3.70280841e-02 
 6.61252331e+08  3.51756424e-02 
 6.76661854e+08  3.33916930e-02 
 6.92430473e+08  3.16902807e-02 
 7.08566557e+08  3.00821793e-02 
 7.25078669e+08  2.85755853e-02 
 7.41975572e+08  2.71767481e-02 
 7.59266232e+08  2.58905041e-02 
 7.76959826e+08  2.47206982e-02 
 7.95065744e+08  2.36704882e-02 
 8.13593593e+08  2.27425360e-02 
 8.32553207e+08  2.19390934e-02 
 8.51954648e+08  2.12620004e-02 
 8.71808210e+08  2.07126170e-02 
 8.92124431e+08  2.02917202e-02 
 9.12914092e+08  1.99994023e-02 
 9.34188226e+08  1.98350075e-02 
 9.55958123e+08  1.97971373e-02 
 9.78235335e+08  1.98837402e-02 
 1.00103169e+09  2.00922756e-02 
 1.02435927e+09  2.04199146e-02 
 1.04823047e+09  2.08636907e-02 
 1.07265796e+09  2.14204362e-02 
 1.09765469e+09  2.20861577e-02 
 1.12323393e+09  2.28540621e-02 
 1.14940927e+09  2.37093095e-02 
 1.17619457e+09  2.46155892e-02 
 1.20360408e+09  2.54809424e-02 
 1.23165232e+09  2.60731455e-02 
 1.26035418e+09  2.58422530e-02 
 1.28972490e+09  2.37861295e-02 
 1.31978006e+09  1.93994498e-02 
 1.35053561e+09  1.52369659e-02 
 1.38200788e+09  1.48796616e-02 
 1.41421356e+09  1.72365971e-02 
 1.44716975e+09  2.01002122e-02 
 1.48089393e+09  2.27821284e-02 
 1.51540401e+09  2.52229666e-02 
 1.55071830e+09  2.74881214e-02 
 1.58685553e+09  2.96485244e-02 
 1.62383489e+09  3.17612703e-02 
 1.66167599e+09  3.38706896e-02 
 1.70039893e+09  3.60123113e-02 
 1.74002425e+09  3.82163107e-02 
 1.78057299e+09  4.05100859e-02 
 1.82206665e+09  4.29201694e-02 
 1.86452726e+09  4.54737116e-02 
 1.90797735e+09  4.81997074e-02 
 1.95243999e+09  5.11300610e-02 
 1.99793876e+09  5.43005104e-02 
 2.04449781e+09  5.77513287e-02 
 2.09214185e+09  6.15275420e-02 
 2.14089617e+09  6.56780723e-02 
 2.19078664e+09  7.02525554e-02 
 2.24183974e+09  7.52933045e-02 
 2.29408255e+09  8.08174639e-02 
 2.34754280e+09  8.67801931e-02 
 2.40224887e+09  9.30039183e-02 
 2.45822978e+09  9.90564345e-02 
 2.51551525e+09  1.04083423e-01 
 2.57413567e+09  1.06698041e-01 
 2.63412215e+09  1.05212617e-01 
 2.69550653e+09  9.84726010e-02 
 2.75832139e+09  8.68114097e-02 
 2.82260005e+09  7.19770897e-02 
 2.88837664e+09  5.59932447e-02 
 2.95568605e+09  4.02435366e-02 
 3.02456401e+09  2.55085059e-02 
 3.09504707e+09  1.37264621e-02 
 3.16717263e+09  1.54632519e-02 
 3.24097898e+09  3.07448524e-02 
 3.31650528e+09  5.17101504e-02 
 3.39379160e+09  6.84720726e-02 
 3.47287898e+09  9.96786595e-02 
 3.55380937e+09  1.13578537e-01 
 3.63662572e+09  1.02129350e-01 
 3.72137199e+09  8.19928100e-02 
 3.80809314e+09  7.28039774e-02 
 3.89683521e+09  5.77311342e-02 
 3.98764528e+09  4.65893558e-02 
 4.08057155e+09  3.80043134e-02 
 4.17566333e+09  3.12805523e-02 
 4.27297108e+09  2.65076362e-02 
 4.37254645e+09  2.24140755e-02 
 4.47444228e+09  2.01184234e-02 
 4.57871264e+09  1.95321551e-02 
 4.68541287e+09  2.09592803e-02 
 4.79459960e+09  2.52487122e-02 
 4.90633076e+09  4.88203301e-02 
 5.02066566e+09  8.29540156e-02 
 5.13766496e+09  4.39419800e-02 
 5.25739076e+09  1.78655435e-02 
 5.37990660e+09  2.40599852e-02 
 5.50527749e+09  3.06621971e-02 
 5.63356997e+09  5.49514665e-02 
 5.76485211e+09  2.99495976e-02 
 5.89919360e+09  3.98405151e-02 
 6.03666571e+09  6.24192633e-02 
 6.17734142e+09  3.92047058e-02 
 6.32129537e+09  5.01999819e-02 
 6.46860395e+09  6.14637650e-02 
 6.61934535e+09  6.40458605e-02 
 6.77359956e+09  7.91657386e-02 
 6.93144843e+09  9.77998726e-02 
 7.09297575e+09  1.69761045e-01 
 7.25826722e+09  1.37889351e-01 
 7.42741057e+09  5.39795890e-02 
 7.60049556e+09  1.46462497e-01 
 7.77761404e+09  7.27348176e-02 
 7.95886001e+09  3.19665720e-02 
 8.14432966e+09  5.24158397e-02 
 8.33412140e+09  8.28540214e-02 
 8.52833597e+09  4.48607181e-02 
 8.72707642e+09  1.25404361e-02 
 8.93044823e+09  1.46033965e-02 
 9.13855932e+09  3.67876196e-02 
 9.35152014e+09  4.00133472e-02 
 9.56944371e+09  4.74706456e-02 
 9.79244566e+09  5.76985364e-02 
 1.00206443e+10  6.59564059e-02 
 1.02541609e+10  7.41406946e-02 
 1.04931192e+10  8.27007787e-02 
 1.07376460e+10  9.20152647e-02 
 1.09878712e+10  1.02473407e-01 
 1.12439276e+10  1.14564205e-01 
 1.15059509e+10  1.28920881e-01 
 1.17740804e+10  1.46243259e-01 
 1.20484582e+10  1.66556703e-01 
 1.23292299e+10  1.85578771e-01 
 1.26165447e+10  1.85380468e-01 
 1.29105549e+10  1.46845949e-01 
 1.32114166e+10  9.93710911e-02 
 1.35192894e+10  7.98085019e-02 
 1.38343368e+10  8.98268974e-02 
 1.41567259e+10  1.16015607e-01 
 1.44866277e+10  1.68833743e-01 
 1.48242175e+10  1.85921196e-01 
 1.51696743e+10  1.89984134e-01 
 1.55231815e+10  2.89488664e-01 
 1.58849266e+10  3.40445638e-01 
 1.62551017e+10  2.81166058e-01 
 1.66339032e+10  2.88959304e-01 
 1.70215321e+10  3.50443202e-01 
 1.74181941e+10  4.36506407e-01 
 1.78240998e+10  5.05371493e-01 
 1.82394645e+10  4.98438634e-01 
 1.86645086e+10  4.25995787e-01 
 1.90994578e+10  3.44907713e-01 
 1.95445429e+10  2.79466546e-01 
 2.00000000e+10  2.30239936e-01 
