 1.00000000e+08  1.82253669e-02 
 1.02330354e+08  1.81889663e-02 
 1.04715014e+08  1.81369040e-02 
 1.07155245e+08  1.80679078e-02 
 1.09652342e+08  1.79807853e-02 
 1.12207630e+08  1.78744649e-02 
 1.14822466e+08  1.77480385e-02 
 1.17498236e+08  1.76008061e-02 
 1.20236362e+08  1.74323180e-02 
 1.23038295e+08  1.72424144e-02 
 1.25905523e+08  1.70312577e-02 
 1.28839568e+08  1.67993561e-02 
 1.31841987e+08  1.65475757e-02 
 1.34914372e+08  1.62771402e-02 
 1.38058355e+08  1.59896163e-02 
 1.41275604e+08  1.56868859e-02 
 1.44567827e+08  1.53711061e-02 
 1.47936769e+08  1.50446585e-02 
 1.51384220e+08  1.47100923e-02 
 1.54912009e+08  1.43700616e-02 
 1.58522008e+08  1.40272634e-02 
 1.62216133e+08  1.36843766e-02 
 1.65996343e+08  1.33440071e-02 
 1.69864646e+08  1.30086386e-02 
 1.73823095e+08  1.26805926e-02 
 1.77873789e+08  1.23619961e-02 
 1.82018879e+08  1.20547592e-02 
 1.86260564e+08  1.17605603e-02 
 1.90601095e+08  1.14808384e-02 
 1.95042776e+08  1.12167929e-02 
 1.99587964e+08  1.09693881e-02 
 2.04239071e+08  1.07393619e-02 
 2.08998565e+08  1.05272387e-02 
 2.13868972e+08  1.03333442e-02 
 2.18852877e+08  1.01578223e-02 
 2.23952925e+08  1.00006539e-02 
 2.29171822e+08  9.86167629e-03 
 2.34512337e+08  9.74060243e-03 
 2.39977306e+08  9.63704170e-03 
 2.45569627e+08  9.55051971e-03 
 2.51292270e+08  9.48049817e-03 
 2.57148271e+08  9.42639442e-03 
 2.63140737e+08  9.38760067e-03 
 2.69272848e+08  9.36350319e-03 
 2.75547860e+08  9.35350210e-03 
 2.81969102e+08  9.35703314e-03 
 2.88539981e+08  9.37359402e-03 
 2.95263985e+08  9.40278064e-03 
 3.02144683e+08  9.44434509e-03 
 3.09185725e+08  9.49830261e-03 
 3.16390848e+08  9.56516036e-03 
 3.23763876e+08  9.64648903e-03 
 3.31308722e+08  9.74666094e-03 
 3.39029389e+08  9.87985830e-03 
 3.46929975e+08  1.01158276e-02 
 3.55014673e+08  1.13835854e-02 
 3.63287773e+08  1.03273518e-02 
 3.71753666e+08  1.02233455e-02 
 3.80416844e+08  1.03615212e-02 
 3.89281904e+08  1.05415105e-02 
 3.98353552e+08  1.07706485e-02 
 4.07636602e+08  1.11242612e-02 
 4.17135980e+08  1.20331871e-02 
 4.26856726e+08  1.21769929e-02 
 4.36804001e+08  1.13673816e-02 
 4.46983082e+08  1.15728745e-02 
 4.57399372e+08  1.21082602e-02 
 4.68058398e+08  1.24703123e-02 
 4.78965818e+08  1.19219556e-02 
 4.90127419e+08  1.23343917e-02 
 5.01549125e+08  1.29203304e-02 
 5.13236997e+08  1.38605376e-02 
 5.25197238e+08  1.45013956e-02 
 5.37436195e+08  1.70344716e-02 
 5.49960363e+08  1.72674391e-02 
 5.62776388e+08  1.77390449e-02 
 5.75891073e+08  1.63976260e-02 
 5.89311376e+08  1.43267170e-02 
 6.03044419e+08  1.43175527e-02 
 6.17097492e+08  1.49621507e-02 
 6.31478050e+08  1.73730335e-02 
 6.46193727e+08  1.96479186e-02 
 6.61252331e+08  1.72023220e-02 
 6.76661854e+08  1.54256271e-02 
 6.92430473e+08  1.68146625e-02 
 7.08566557e+08  1.75449143e-02 
 7.25078669e+08  1.69230883e-02 
 7.41975572e+08  1.69940627e-02 
 7.59266232e+08  1.92362494e-02 
 7.76959826e+08  2.11819281e-02 
 7.95065744e+08  2.17839543e-02 
 8.13593593e+08  1.62468321e-02 
 8.32553207e+08  2.14799061e-02 
 8.51954648e+08  2.69118356e-02 
 8.71808210e+08  2.81570579e-02 
 8.92124431e+08  1.89685508e-02 
 9.12914092e+08  1.44147802e-02 
 9.34188226e+08  8.36527855e-03 
 9.55958123e+08  1.18493026e-02 
 9.78235335e+08  1.71489663e-02 
 1.00103169e+09  1.73869342e-02 
 1.02435927e+09  1.64661236e-02 
 1.04823047e+09  1.63169537e-02 
 1.07265796e+09  1.68660371e-02 
 1.09765469e+09  1.80470261e-02 
 1.12323393e+09  1.86287212e-02 
 1.14940927e+09  2.03641280e-02 
 1.17619457e+09  2.29687043e-02 
 1.20360408e+09  2.32312000e-02 
 1.23165232e+09  2.49618768e-02 
 1.26035418e+09  2.38254176e-02 
 1.28972490e+09  2.73181937e-02 
 1.31978006e+09  1.69073968e-02 
 1.35053561e+09  2.35545388e-02 
 1.38200788e+09  2.73035872e-02 
 1.41421356e+09  2.67959209e-02 
 1.44716975e+09  2.82325063e-02 
 1.48089393e+09  2.65064885e-02 
 1.51540401e+09  2.53551778e-02 
 1.55071830e+09  2.50455007e-02 
 1.58685553e+09  2.84094059e-02 
 1.62383489e+09  2.65259461e-02 
 1.66167599e+09  2.42312893e-02 
 1.70039893e+09  2.21546068e-02 
 1.74002425e+09  2.03680078e-02 
 1.78057299e+09  1.88832415e-02 
 1.82206665e+09  1.76746144e-02 
 1.86452726e+09  1.67014512e-02 
 1.90797735e+09  1.59235111e-02 
 1.95243999e+09  1.53063990e-02 
 1.99793876e+09  1.48219333e-02 
 2.04449781e+09  1.44476182e-02 
 2.09214185e+09  1.41660736e-02 
 2.14089617e+09  1.39640295e-02 
 2.19078664e+09  1.38305930e-02 
 2.24183974e+09  1.37546710e-02 
 2.29408255e+09  1.37214689e-02 
 2.34754280e+09  1.37085203e-02 
 2.40224887e+09  1.36849936e-02 
 2.45822978e+09  1.36246993e-02 
 2.51551525e+09  1.35341837e-02 
 2.57413567e+09  1.34568207e-02 
 2.63412215e+09  1.34323092e-02 
 2.69550653e+09  1.34704901e-02 
 2.75832139e+09  1.35629979e-02 
 2.82260005e+09  1.36995018e-02 
 2.88837664e+09  1.38735465e-02 
 2.95568605e+09  1.40818998e-02 
 3.02456401e+09  1.43212731e-02 
 3.09504707e+09  1.45836409e-02 
 3.16717263e+09  1.48520223e-02 
 3.24097898e+09  1.51015635e-02 
 3.31650528e+09  1.53095529e-02 
 3.39379160e+09  1.54677084e-02 
 3.47287898e+09  1.55845000e-02 
 3.55380937e+09  1.56766850e-02 
 3.63662572e+09  1.57599371e-02 
 3.72137199e+09  1.58447449e-02 
 3.80809314e+09  1.59366587e-02 
 3.89683521e+09  1.60379903e-02 
 3.98764528e+09  1.61492915e-02 
 4.08057155e+09  1.62702783e-02 
 4.17566333e+09  1.64003448e-02 
 4.27297108e+09  1.65388201e-02 
 4.37254645e+09  1.66850644e-02 
 4.47444228e+09  1.68384808e-02 
 4.57871264e+09  1.69985524e-02 
 4.68541287e+09  1.71651424e-02 
 4.79459960e+09  1.73400199e-02 
 4.90633076e+09  1.75075172e-02 
 5.02066566e+09  1.76982648e-02 
 5.13766496e+09  1.78922566e-02 
 5.25739076e+09  1.80931640e-02 
 5.37990660e+09  1.83020266e-02 
 5.50527749e+09  1.85213912e-02 
 5.63356997e+09  1.87833167e-02 
 5.76485211e+09  1.89588134e-02 
 5.89919360e+09  1.93035225e-02 
 6.03666571e+09  1.94102958e-02 
 6.17734142e+09  1.96837983e-02 
 6.32129537e+09  1.99501884e-02 
 6.46860395e+09  2.02322766e-02 
 6.61934535e+09  2.05320930e-02 
 6.77359956e+09  2.08790034e-02 
 6.93144843e+09  2.09002437e-02 
 7.09297575e+09  2.13929675e-02 
 7.25826722e+09  2.17984622e-02 
 7.42741057e+09  2.20718395e-02 
 7.60049556e+09  2.25822476e-02 
 7.77761404e+09  2.28755076e-02 
 7.95886001e+09  2.39078547e-02 
 8.14432966e+09  2.29538671e-02 
 8.33412140e+09  2.42971114e-02 
 8.52833597e+09  2.65208181e-02 
 8.72707642e+09  1.72421678e-02 
 8.93044823e+09  2.28744058e-02 
 9.13855932e+09  2.39706759e-02 
 9.35152014e+09  2.46976372e-02 
 9.56944371e+09  2.52930464e-02 
 9.79244566e+09  2.58418076e-02 
 1.00206443e+10  2.63812793e-02 
 1.02541609e+10  2.69154853e-02 
 1.04931192e+10  2.74543052e-02 
 1.07376460e+10  2.80021565e-02 
 1.09878712e+10  2.85620792e-02 
 1.12439276e+10  2.91363988e-02 
 1.15059509e+10  2.97270799e-02 
 1.17740804e+10  3.03359512e-02 
 1.20484582e+10  3.09648919e-02 
 1.23292299e+10  3.16160470e-02 
 1.26165447e+10  3.22921756e-02 
 1.29105549e+10  3.29973748e-02 
 1.32114166e+10  3.37389229e-02 
 1.35192894e+10  3.45332064e-02 
 1.38343368e+10  3.54328757e-02 
 1.41567259e+10  3.67951532e-02 
 1.44866277e+10  3.48415660e-02 
 1.48242175e+10  3.69940988e-02 
 1.51696743e+10  3.80711867e-02 
 1.55231815e+10  3.90610198e-02 
 1.58849266e+10  4.00502110e-02 
 1.62551017e+10  4.10628636e-02 
 1.66339032e+10  4.21101134e-02 
 1.70215321e+10  4.31993441e-02 
 1.74181941e+10  4.43368912e-02 
 1.78240998e+10  4.55291454e-02 
 1.82394645e+10  4.67831858e-02 
 1.86645086e+10  4.81072869e-02 
 1.90994578e+10  4.95114019e-02 
 1.95445429e+10  5.10075227e-02 
 2.00000000e+10  5.26092025e-02 
