 1.00000000e+08  1.76726202e-02 
 1.02330354e+08  1.77921021e-02 
 1.04715014e+08  1.79162246e-02 
 1.07155245e+08  1.80451680e-02 
 1.09652342e+08  1.81791201e-02 
 1.12207630e+08  1.83182773e-02 
 1.14822466e+08  1.84628443e-02 
 1.17498236e+08  1.86130350e-02 
 1.20236362e+08  1.87690730e-02 
 1.23038295e+08  1.89311921e-02 
 1.25905523e+08  1.90996365e-02 
 1.28839568e+08  1.92746619e-02 
 1.31841987e+08  1.94565360e-02 
 1.34914372e+08  1.96455387e-02 
 1.38058355e+08  1.98419637e-02 
 1.41275604e+08  2.00461183e-02 
 1.44567827e+08  2.02583250e-02 
 1.47936769e+08  2.04789219e-02 
 1.51384220e+08  2.07082638e-02 
 1.54912009e+08  2.09467232e-02 
 1.58522008e+08  2.11946914e-02 
 1.62216133e+08  2.14525795e-02 
 1.65996343e+08  2.17208197e-02 
 1.69864646e+08  2.19998666e-02 
 1.73823095e+08  2.22901989e-02 
 1.77873789e+08  2.25923202e-02 
 1.82018879e+08  2.29067612e-02 
 1.86260564e+08  2.32340810e-02 
 1.90601095e+08  2.35748694e-02 
 1.95042776e+08  2.39297478e-02 
 1.99587964e+08  2.42993723e-02 
 2.04239071e+08  2.46844348e-02 
 2.08998565e+08  2.50856655e-02 
 2.13868972e+08  2.55038351e-02 
 2.18852877e+08  2.59397563e-02 
 2.23952925e+08  2.63942865e-02 
 2.29171822e+08  2.68683293e-02 
 2.34512337e+08  2.73628359e-02 
 2.39977306e+08  2.78788069e-02 
 2.45569627e+08  2.84172923e-02 
 2.51292270e+08  2.89793917e-02 
 2.57148271e+08  2.95662529e-02 
 2.63140737e+08  3.01790694e-02 
 2.69272848e+08  3.08190749e-02 
 2.75547860e+08  3.14875364e-02 
 2.81969102e+08  3.21857425e-02 
 2.88539981e+08  3.29149876e-02 
 2.95263985e+08  3.36765497e-02 
 3.02144683e+08  3.44716600e-02 
 3.09185725e+08  3.53014618e-02 
 3.16390848e+08  3.61669565e-02 
 3.23763876e+08  3.70689314e-02 
 3.31308722e+08  3.80078662e-02 
 3.39029389e+08  3.89838111e-02 
 3.46929975e+08  3.99962306e-02 
 3.55014673e+08  4.10438044e-02 
 3.63287773e+08  4.21241763e-02 
 3.71753666e+08  4.32336430e-02 
 3.80416844e+08  4.43667722e-02 
 3.89281904e+08  4.55159460e-02 
 3.98353552e+08  4.66708285e-02 
 4.07636602e+08  4.78177686e-02 
 4.17135980e+08  4.89391653e-02 
 4.26856726e+08  5.00128491e-02 
 4.36804001e+08  5.10115638e-02 
 4.46983082e+08  5.19026717e-02 
 4.57399372e+08  5.26482347e-02 
 4.68058398e+08  5.32056341e-02 
 4.78965818e+08  5.35288436e-02 
 4.90127419e+08  5.35703494e-02 
 5.01549125e+08  5.32834718e-02 
 5.13236997e+08  5.26244922e-02 
 5.25197238e+08  5.15535336e-02 
 5.37436195e+08  5.00325478e-02 
 5.49960363e+08  4.80178186e-02 
 5.62776388e+08  4.54422779e-02 
 5.75891073e+08  4.21772389e-02 
 5.89311376e+08  3.79468359e-02 
 6.03044419e+08  3.21233662e-02 
 6.17097492e+08  2.32855204e-02 
 6.31478050e+08  1.15487552e-02 
 6.46193727e+08  2.74853755e-02 
 6.61252331e+08  4.30223864e-02 
 6.76661854e+08  4.40517282e-02 
 6.92430473e+08  4.14744975e-02 
 7.08566557e+08  3.85572564e-02 
 7.25078669e+08  3.58599709e-02 
 7.41975572e+08  3.34497800e-02 
 7.59266232e+08  3.13101146e-02 
 7.76959826e+08  2.94156546e-02 
 7.95065744e+08  2.77455200e-02 
 8.13593593e+08  2.62843154e-02 
 8.32553207e+08  2.50209606e-02 
 8.51954648e+08  2.39473483e-02 
 8.71808210e+08  2.30571902e-02 
 8.92124431e+08  2.23450706e-02 
 9.12914092e+08  2.18056904e-02 
 9.34188226e+08  2.14333013e-02 
 9.55958123e+08  2.12213470e-02 
 9.78235335e+08  2.11623239e-02 
 1.00103169e+09  2.12478483e-02 
 1.02435927e+09  2.14688916e-02 
 1.04823047e+09  2.18161222e-02 
 1.07265796e+09  2.22802830e-02 
 1.09765469e+09  2.28525485e-02 
 1.12323393e+09  2.35248177e-02 
 1.14940927e+09  2.42899293e-02 
 1.17619457e+09  2.51417950e-02 
 1.20360408e+09  2.60754669e-02 
 1.23165232e+09  2.70871523e-02 
 1.26035418e+09  2.81741963e-02 
 1.28972490e+09  2.93350448e-02 
 1.31978006e+09  3.05692015e-02 
 1.35053561e+09  3.18771858e-02 
 1.38200788e+09  3.32604984e-02 
 1.41421356e+09  3.47215965e-02 
 1.44716975e+09  3.62638805e-02 
 1.48089393e+09  3.78916912e-02 
 1.51540401e+09  3.96103158e-02 
 1.55071830e+09  4.14259988e-02 
 1.58685553e+09  4.33459505e-02 
 1.62383489e+09  4.53783431e-02 
 1.66167599e+09  4.75322786e-02 
 1.70039893e+09  4.98177008e-02 
 1.74002425e+09  5.22452138e-02 
 1.78057299e+09  5.48257436e-02 
 1.82206665e+09  5.75699483e-02 
 1.86452726e+09  6.04872332e-02 
 1.90797735e+09  6.35841534e-02 
 1.95243999e+09  6.68618906e-02 
 1.99793876e+09  7.03123613e-02 
 2.04449781e+09  7.39123875e-02 
 2.09214185e+09  7.76152912e-02 
 2.14089617e+09  8.13394492e-02 
 2.19078664e+09  8.49541055e-02 
 2.24183974e+09  8.82646481e-02 
 2.29408255e+09  9.10031313e-02 
 2.34754280e+09  9.28345887e-02 
 2.40224887e+09  9.33923532e-02 
 2.45822978e+09  9.23491694e-02 
 2.51551525e+09  8.95098509e-02 
 2.57413567e+09  8.48845852e-02 
 2.63412215e+09  7.86970880e-02 
 2.69550653e+09  7.13160366e-02 
 2.75832139e+09  6.31460045e-02 
 2.82260005e+09  5.45309761e-02 
 2.88837664e+09  4.57021473e-02 
 2.95568605e+09  3.67762539e-02 
 3.02456401e+09  2.78284342e-02 
 3.09504707e+09  1.92810902e-02 
 3.16717263e+09  1.42521926e-02 
 3.24097898e+09  2.14188102e-02 
 3.31650528e+09  4.19718090e-02 
 3.39379160e+09  7.67764531e-02 
 3.47287898e+09  1.08317815e-01 
 3.55380937e+09  9.43538299e-02 
 3.63662572e+09  7.05737819e-02 
 3.72137199e+09  5.33252160e-02 
 3.80809314e+09  4.15333103e-02 
 3.89683521e+09  3.29456899e-02 
 3.98764528e+09  2.62242422e-02 
 4.08057155e+09  2.17134885e-02 
 4.17566333e+09  2.43940767e-02 
 4.27297108e+09  2.00392126e-02 
 4.37254645e+09  1.93538025e-02 
 4.47444228e+09  2.05454824e-02 
 4.57871264e+09  2.34007570e-02 
 4.68541287e+09  2.82870328e-02 
 4.79459960e+09  3.14641720e-02 
 4.90633076e+09  5.22909303e-02 
 5.02066566e+09  1.21757368e-01 
 5.13766496e+09  5.97140796e-02 
 5.25739076e+09  2.72006905e-02 
 5.37990660e+09  2.53899551e-02 
 5.50527749e+09  3.18790648e-02 
 5.63356997e+09  3.49055365e-02 
 5.76485211e+09  4.33989566e-02 
 5.89919360e+09  5.57673633e-02 
 6.03666571e+09  1.06093001e-01 
 6.17734142e+09  4.66919673e-02 
 6.32129537e+09  7.69819865e-02 
 6.46860395e+09  1.41058159e-01 
 6.61934535e+09  2.46122940e-01 
 6.77359956e+09  1.46934928e-01 
 6.93144843e+09  3.48533399e-02 
 7.09297575e+09  1.61862376e-02 
 7.25826722e+09  1.56951444e-02 
 7.42741057e+09  1.83662217e-02 
 7.60049556e+09  2.50068610e-02 
 7.77761404e+09  3.52942382e-02 
 7.95886001e+09  2.66077610e-02 
 8.14432966e+09  3.92876466e-02 
 8.33412140e+09  2.36234830e-02 
 8.52833597e+09  3.90346505e-02 
 8.72707642e+09  3.82235864e-02 
 8.93044823e+09  4.59314156e-02 
 9.13855932e+09  5.14437807e-02 
 9.35152014e+09  1.06944697e-01 
 9.56944371e+09  5.60085592e-02 
 9.79244566e+09  4.74004345e-02 
 1.00206443e+10  6.27752679e-02 
 1.02541609e+10  6.78157119e-02 
 1.04931192e+10  7.25308314e-02 
 1.07376460e+10  7.74745574e-02 
 1.09878712e+10  8.28816593e-02 
 1.12439276e+10  8.89809150e-02 
 1.15059509e+10  9.60121085e-02 
 1.17740804e+10  1.04034757e-01 
 1.20484582e+10  1.11897230e-01 
 1.23292299e+10  1.13619278e-01 
 1.26165447e+10  9.76609329e-02 
 1.29105549e+10  7.28262650e-02 
 1.32114166e+10  6.18086196e-02 
 1.35192894e+10  6.34723721e-02 
 1.38343368e+10  6.96321309e-02 
 1.41567259e+10  7.73091661e-02 
 1.44866277e+10  9.09313742e-02 
 1.48242175e+10  9.41510845e-02 
 1.51696743e+10  9.03160851e-02 
 1.55231815e+10  9.55962213e-02 
 1.58849266e+10  1.05988979e-01 
 1.62551017e+10  1.03866542e-01 
 1.66339032e+10  1.04429795e-01 
 1.70215321e+10  1.07896934e-01 
 1.74181941e+10  1.12072149e-01 
 1.78240998e+10  1.16355822e-01 
 1.82394645e+10  1.20694926e-01 
 1.86645086e+10  1.25180104e-01 
 1.90994578e+10  1.29788775e-01 
 1.95445429e+10  1.34482773e-01 
 2.00000000e+10  1.39255575e-01 
