 1.00000000e+08  1.90963893e-02 
 1.02329299e+08  1.92727504e-02 
 1.04712855e+08  1.94576134e-02 
 1.07151931e+08  1.96514354e-02 
 1.09647820e+08  1.98547002e-02 
 1.12201845e+08  2.00679193e-02 
 1.14815362e+08  2.02916332e-02 
 1.17489755e+08  2.05264127e-02 
 1.20226443e+08  2.07728597e-02 
 1.23026877e+08  2.10316076e-02 
 1.25892541e+08  2.13033218e-02 
 1.28824955e+08  2.15886991e-02 
 1.31825674e+08  2.18884670e-02 
 1.34896288e+08  2.22033808e-02 
 1.38038426e+08  2.25342207e-02 
 1.41253754e+08  2.28817859e-02 
 1.44543977e+08  2.32468871e-02 
 1.47910839e+08  2.36303351e-02 
 1.51356125e+08  2.40329258e-02 
 1.54881662e+08  2.44554199e-02 
 1.58489319e+08  2.48985153e-02 
 1.62181010e+08  2.53628114e-02 
 1.65958691e+08  2.58487623e-02 
 1.69824365e+08  2.63566159e-02 
 1.73780083e+08  2.68863367e-02 
 1.77827941e+08  2.74375071e-02 
 1.81970086e+08  2.80092042e-02 
 1.86208714e+08  2.85998477e-02 
 1.90546072e+08  2.92070141e-02 
 1.94984460e+08  2.98272166e-02 
 1.99526231e+08  3.04556504e-02 
 2.04173794e+08  3.10859087e-02 
 2.08929613e+08  3.17096855e-02 
 2.13796209e+08  3.23164904e-02 
 2.18776162e+08  3.28934181e-02 
 2.23872114e+08  3.34250367e-02 
 2.29086765e+08  3.38934729e-02 
 2.34422882e+08  3.42787901e-02 
 2.39883292e+08  3.45597428e-02 
 2.45470892e+08  3.47149616e-02 
 2.51188643e+08  3.47245454e-02 
 2.57039578e+08  3.45719322e-02 
 2.63026799e+08  3.42458005e-02 
 2.69153480e+08  3.37416647e-02 
 2.75422870e+08  3.30628191e-02 
 2.81838293e+08  3.22203868e-02 
 2.88403150e+08  3.12324177e-02 
 2.95120923e+08  3.01222014e-02 
 3.01995172e+08  2.89161274e-02 
 3.09029543e+08  2.76414861e-02 
 3.16227766e+08  2.63245502e-02 
 3.23593657e+08  2.49891464e-02 
 3.31131121e+08  2.36557888e-02 
 3.38844156e+08  2.23413243e-02 
 3.46736850e+08  2.10589810e-02 
 3.54813389e+08  1.98186848e-02 
 3.63078055e+08  1.86275271e-02 
 3.71535229e+08  1.74902895e-02 
 3.80189396e+08  1.64099653e-02 
 3.89045145e+08  1.53882419e-02 
 3.98107171e+08  1.44259304e-02 
 4.07380278e+08  1.35233430e-02 
 4.16869383e+08  1.26806264e-02 
 4.26579519e+08  1.18980727e-02 
 4.36515832e+08  1.11764333e-02 
 4.46683592e+08  1.05172917e-02 
 4.57088190e+08  9.92359863e-03 
 4.67735141e+08  9.40064105e-03 
 4.78630092e+08  8.95822782e-03 
 4.89778819e+08  8.61681503e-03 
 5.01187234e+08  8.42922617e-03 
 5.12861384e+08  8.58382423e-03 
 5.24807460e+08  1.00326725e-02 
 5.37031796e+08  1.15230866e-02 
 5.49540874e+08  8.92172343e-03 
 5.62341325e+08  8.47712900e-03 
 5.75439937e+08  8.94811665e-03 
 5.88843655e+08  8.59262108e-03 
 6.02559586e+08  9.23193968e-03 
 6.16595002e+08  1.04031525e-02 
 6.30957344e+08  1.24562523e-02 
 6.45654229e+08  1.70173242e-02 
 6.60693448e+08  1.16376704e-02 
 6.76082975e+08  1.22854652e-02 
 6.91830971e+08  1.56671547e-02 
 7.07945784e+08  2.02457730e-02 
 7.24435960e+08  2.52470166e-02 
 7.41310241e+08  2.28407067e-02 
 7.58577575e+08  1.41110279e-02 
 7.76247117e+08  1.26292205e-02 
 7.94328235e+08  1.82192249e-02 
 8.12830516e+08  2.37233700e-02 
 8.31763771e+08  2.40284462e-02 
 8.51138038e+08  2.09721780e-02 
 8.70963590e+08  1.70404075e-02 
 8.91250938e+08  1.52947140e-02 
 9.12010839e+08  1.96910742e-02 
 9.33254301e+08  1.67228832e-02 
 9.54992586e+08  1.05259334e-02 
 9.77237221e+08  1.23011535e-02 
 1.00000000e+09  1.39042645e-02 
 1.02329299e+09  1.37670401e-02 
 1.04712855e+09  1.32328273e-02 
 1.07151931e+09  1.25763188e-02 
 1.09647820e+09  1.26955914e-02 
 1.12201845e+09  1.44397695e-02 
 1.14815362e+09  1.65818161e-02 
 1.17489755e+09  1.81760565e-02 
 1.20226443e+09  1.92580239e-02 
 1.23026877e+09  1.98972057e-02 
 1.25892541e+09  1.98092953e-02 
 1.28824955e+09  1.75177646e-02 
 1.31825674e+09  1.53334783e-02 
 1.34896288e+09  2.07924282e-02 
 1.38038426e+09  2.13448341e-02 
 1.41253754e+09  2.07582054e-02 
 1.44543977e+09  1.99355330e-02 
 1.47910839e+09  1.91524682e-02 
 1.51356125e+09  1.85228256e-02 
 1.54881662e+09  1.80808630e-02 
 1.58489319e+09  1.78183989e-02 
 1.62181010e+09  1.77082999e-02 
 1.65958691e+09  1.77180200e-02 
 1.69824365e+09  1.78163049e-02 
 1.73780083e+09  1.79763538e-02 
 1.77827941e+09  1.81780361e-02 
 1.81970086e+09  1.84104545e-02 
 1.86208714e+09  1.86739994e-02 
 1.90546072e+09  1.89788888e-02 
 1.94984460e+09  1.93383543e-02 
 1.99526231e+09  1.97601270e-02 
 2.04173794e+09  2.02426934e-02 
 2.08929613e+09  2.07778480e-02 
 2.13796209e+09  2.13555145e-02 
 2.18776162e+09  2.19671027e-02 
 2.23872114e+09  2.26066826e-02 
 2.29086765e+09  2.32708438e-02 
 2.34422882e+09  2.39580969e-02 
 2.39883292e+09  2.46681924e-02 
 2.45470892e+09  2.54013671e-02 
 2.51188643e+09  2.61574083e-02 
 2.57039578e+09  2.69346506e-02 
 2.63026799e+09  2.77297833e-02 
 2.69153480e+09  2.85404213e-02 
 2.75422870e+09  2.93722389e-02 
 2.81838293e+09  3.02489843e-02 
 2.88403150e+09  3.12202025e-02 
 2.95120923e+09  3.23688817e-02 
 3.01995172e+09  3.38450441e-02 
 3.09029543e+09  3.59798541e-02 
 3.16227766e+09  3.38104063e-02 
 3.23593657e+09  3.26274340e-02 
 3.31131121e+09  4.12739794e-02 
 3.38844156e+09  2.56443605e-02 
 3.46736850e+09  3.16074813e-02 
 3.54813389e+09  3.47689893e-02 
 3.63078055e+09  3.71398360e-02 
 3.71535229e+09  3.93373399e-02 
 3.80189396e+09  4.17264222e-02 
 3.89045145e+09  4.40187578e-02 
 3.98107171e+09  4.74473455e-02 
 4.07380278e+09  5.39939895e-02 
 4.16869383e+09  2.42094750e-02 
 4.26579519e+09  4.61235782e-02 
 4.36515832e+09  5.29308199e-02 
 4.46683592e+09  5.95103508e-02 
 4.57088190e+09  6.99920849e-02 
 4.67735141e+09  7.74119687e-02 
 4.78630092e+09  2.61897955e-02 
 4.89778819e+09  5.80391236e-02 
 5.01187234e+09  3.71081285e-02 
 5.12861384e+09  5.03279035e-02 
 5.24807460e+09  6.15154184e-02 
 5.37031796e+09  7.31701943e-02 
 5.49540874e+09  8.17270535e-02 
 5.62341325e+09  4.97354350e-02 
 5.75439937e+09  8.85700638e-02 
 5.88843655e+09  8.53799228e-02 
 6.02559586e+09  7.72934051e-02 
 6.16595002e+09  7.64813112e-02 
 6.30957344e+09  8.15353229e-02 
 6.45654229e+09  6.26954308e-02 
 6.60693448e+09  4.45592032e-02 
 6.76082975e+09  2.74172599e-02 
 6.91830971e+09  4.27932165e-02 
 7.07945784e+09  2.30999862e-02 
 7.24435960e+09  3.96488747e-02 
 7.41310241e+09  4.88796230e-02 
 7.58577575e+09  1.64603020e-01 
 7.76247117e+09  3.44343245e-02 
 7.94328235e+09  1.55874030e-02 
 8.12830516e+09  3.19458402e-02 
 8.31763771e+09  4.09694060e-02 
 8.51138038e+09  3.30557223e-02 
 8.70963590e+09  4.73517971e-02 
 8.91250938e+09  5.07236071e-02 
 9.12010839e+09  5.37848230e-02 
 9.33254301e+09  6.89911993e-02 
 9.54992586e+09  5.65267471e-02 
 9.77237221e+09  5.86713111e-02 
 1.00000000e+10  6.18195211e-02 
 1.02329299e+10  6.64441582e-02 
 1.04712855e+10  7.02880073e-02 
 1.07151931e+10  7.40984503e-02 
 1.09647820e+10  7.80313555e-02 
 1.12201845e+10  8.21812155e-02 
 1.14815362e+10  8.66091214e-02 
 1.17489755e+10  9.12973252e-02 
 1.20226443e+10  9.59726034e-02 
 1.23026877e+10  9.95954049e-02 
 1.25892541e+10  9.93673357e-02 
 1.28824955e+10  9.12975231e-02 
 1.31825674e+10  7.75278151e-02 
 1.34896288e+10  6.82806293e-02 
 1.38038426e+10  6.74128380e-02 
 1.41253754e+10  7.17945651e-02 
 1.44543977e+10  8.13895238e-02 
 1.47910839e+10  8.57850838e-02 
 1.51356125e+10  8.48765079e-02 
 1.54881662e+10  9.50409334e-02 
 1.58489319e+10  9.76281472e-02 
 1.62181010e+10  1.00377955e-01 
 1.65958691e+10  1.03846681e-01 
 1.69824365e+10  1.07626183e-01 
 1.73780083e+10  1.11563890e-01 
 1.77827941e+10  1.15610648e-01 
 1.81970086e+10  1.19755713e-01 
 1.86208714e+10  1.24004222e-01 
 1.90546072e+10  1.28368969e-01 
 1.94984460e+10  1.32867232e-01 
 1.99526231e+10  1.37519165e-01 
