 1.00000000e+08  1.96929522e-02 
 1.02329299e+08  1.98708116e-02 
 1.04712855e+08  2.00575069e-02 
 1.07151931e+08  2.02535098e-02 
 1.09647820e+08  2.04593186e-02 
 1.12201845e+08  2.06754591e-02 
 1.14815362e+08  2.09024864e-02 
 1.17489755e+08  2.11409850e-02 
 1.20226443e+08  2.13915708e-02 
 1.23026877e+08  2.16548907e-02 
 1.25892541e+08  2.19316230e-02 
 1.28824955e+08  2.22224771e-02 
 1.31825674e+08  2.25281919e-02 
 1.34896288e+08  2.28495336e-02 
 1.38038426e+08  2.31872916e-02 
 1.41253754e+08  2.35422730e-02 
 1.44543977e+08  2.39152940e-02 
 1.47910839e+08  2.43071685e-02 
 1.51356125e+08  2.47186920e-02 
 1.54881662e+08  2.51506204e-02 
 1.58489319e+08  2.56036416e-02 
 1.62181010e+08  2.60783381e-02 
 1.65958691e+08  2.65751386e-02 
 1.69824365e+08  2.70942551e-02 
 1.73780083e+08  2.76356028e-02 
 1.77827941e+08  2.81986986e-02 
 1.81970086e+08  2.87825339e-02 
 1.86208714e+08  2.93854180e-02 
 1.90546072e+08  3.00047877e-02 
 1.94984460e+08  3.06369807e-02 
 1.99526231e+08  3.12769746e-02 
 2.04173794e+08  3.19180969e-02 
 2.08929613e+08  3.25517213e-02 
 2.13796209e+08  3.31669780e-02 
 2.18776162e+08  3.37505214e-02 
 2.23872114e+08  3.42864205e-02 
 2.29086765e+08  3.47562550e-02 
 2.34422882e+08  3.51395101e-02 
 2.39883292e+08  3.54143614e-02 
 2.45470892e+08  3.55588994e-02 
 2.51188643e+08  3.55527699e-02 
 2.57039578e+08  3.53790979e-02 
 2.63026799e+08  3.50264355e-02 
 2.69153480e+08  3.44903907e-02 
 2.75422870e+08  3.37745820e-02 
 2.81838293e+08  3.28906702e-02 
 2.88403150e+08  3.18574138e-02 
 2.95120923e+08  3.06989212e-02 
 3.01995172e+08  2.94424440e-02 
 3.09029543e+08  2.81161151e-02 
 3.16227766e+08  2.67469800e-02 
 3.23593657e+08  2.53595388e-02 
 3.31131121e+08  2.39748649e-02 
 3.38844156e+08  2.26102550e-02 
 3.46736850e+08  2.12792913e-02 
 3.54813389e+08  1.99921842e-02 
 3.63078055e+08  1.87562725e-02 
 3.71535229e+08  1.75765892e-02 
 3.80189396e+08  1.64564366e-02 
 3.89045145e+08  1.53979422e-02 
 3.98107171e+08  1.44025955e-02 
 4.07380278e+08  1.34717930e-02 
 4.16869383e+08  1.26074455e-02 
 4.26579519e+08  1.18127571e-02 
 4.36515832e+08  1.10933766e-02 
 4.46683592e+08  1.04593349e-02 
 4.57088190e+08  9.92867466e-03 
 4.67735141e+08  9.53495357e-03 
 4.78630092e+08  9.34442881e-03 
 4.89778819e+08  9.50045372e-03 
 5.01187234e+08  1.03573721e-02 
 5.12861384e+08  1.29775175e-02 
 5.24807460e+08  2.12145537e-02 
 5.37031796e+08  2.70252578e-02 
 5.49540874e+08  1.44884391e-02 
 5.62341325e+08  1.04008000e-02 
 5.75439937e+08  1.14036048e-02 
 5.88843655e+08  1.57585805e-02 
 6.02559586e+08  1.01133691e-02 
 6.16595002e+08  1.06509709e-02 
 6.30957344e+08  1.24351830e-02 
 6.45654229e+08  1.78750409e-02 
 6.60693448e+08  1.05413119e-02 
 6.76082975e+08  7.17035667e-03 
 6.91830971e+08  1.09668826e-02 
 7.07945784e+08  1.62124896e-02 
 7.24435960e+08  2.28860183e-02 
 7.41310241e+08  2.37159115e-02 
 7.58577575e+08  1.60309503e-02 
 7.76247117e+08  1.04236833e-02 
 7.94328235e+08  1.13362185e-02 
 8.12830516e+08  1.62799291e-02 
 8.31763771e+08  1.87359627e-02 
 8.51138038e+08  1.82874271e-02 
 8.70963590e+08  1.68729286e-02 
 8.91250938e+08  1.36741175e-02 
 9.12010839e+08  1.50238799e-02 
 9.33254301e+08  1.39496845e-02 
 9.54992586e+08  1.37472163e-02 
 9.77237221e+08  1.84067359e-02 
 1.00000000e+09  1.71277403e-02 
 1.02329299e+09  1.63191541e-02 
 1.04712855e+09  1.55174149e-02 
 1.07151931e+09  1.44656260e-02 
 1.09647820e+09  1.36934063e-02 
 1.12201845e+09  1.46074135e-02 
 1.14815362e+09  1.67101378e-02 
 1.17489755e+09  1.87342899e-02 
 1.20226443e+09  2.04916253e-02 
 1.23026877e+09  2.21482198e-02 
 1.25892541e+09  2.38251108e-02 
 1.28824955e+09  2.47950764e-02 
 1.31825674e+09  1.63644152e-02 
 1.34896288e+09  1.48412156e-02 
 1.38038426e+09  1.73965025e-02 
 1.41253754e+09  1.82952549e-02 
 1.44543977e+09  1.84923877e-02 
 1.47910839e+09  1.84420906e-02 
 1.51356125e+09  1.83489439e-02 
 1.54881662e+09  1.83007690e-02 
 1.58489319e+09  1.83268021e-02 
 1.62181010e+09  1.84282723e-02 
 1.65958691e+09  1.85945553e-02 
 1.69824365e+09  1.88112149e-02 
 1.73780083e+09  1.90640303e-02 
 1.77827941e+09  1.93416695e-02 
 1.81970086e+09  1.96383315e-02 
 1.86208714e+09  1.99559052e-02 
 1.90546072e+09  2.03034293e-02 
 1.94984460e+09  2.06923398e-02 
 1.99526231e+09  2.11301001e-02 
 2.04173794e+09  2.16171447e-02 
 2.08929613e+09  2.21485628e-02 
 2.13796209e+09  2.27176769e-02 
 2.18776162e+09  2.33186797e-02 
 2.23872114e+09  2.39476746e-02 
 2.29086765e+09  2.46027062e-02 
 2.34422882e+09  2.52834154e-02 
 2.39883292e+09  2.59906099e-02 
 2.45470892e+09  2.67257684e-02 
 2.51188643e+09  2.74903952e-02 
 2.57039578e+09  2.82853360e-02 
 2.63026799e+09  2.91108238e-02 
 2.69153480e+09  2.99690188e-02 
 2.75422870e+09  3.08708522e-02 
 2.81838293e+09  3.18462998e-02 
 2.88403150e+09  3.29546318e-02 
 2.95120923e+09  3.42987294e-02 
 3.01995172e+09  3.60729719e-02 
 3.09029543e+09  3.87129016e-02 
 3.16227766e+09  3.70898302e-02 
 3.23593657e+09  3.75721632e-02 
 3.31131121e+09  5.38342804e-02 
 3.38844156e+09  2.05368520e-02 
 3.46736850e+09  2.67470484e-02 
 3.54813389e+09  3.13205962e-02 
 3.63078055e+09  3.42708016e-02 
 3.71535229e+09  3.66787926e-02 
 3.80189396e+09  3.90277599e-02 
 3.89045145e+09  4.12718183e-02 
 3.98107171e+09  4.43713971e-02 
 4.07380278e+09  5.03358385e-02 
 4.16869383e+09  2.41519959e-02 
 4.26579519e+09  4.20817885e-02 
 4.36515832e+09  4.75066370e-02 
 4.46683592e+09  5.22242540e-02 
 4.57088190e+09  5.89033835e-02 
 4.67735141e+09  5.98438975e-02 
 4.78630092e+09  3.43402208e-02 
 4.89778819e+09  5.67960776e-02 
 5.01187234e+09  3.79045788e-02 
 5.12861384e+09  4.81889568e-02 
 5.24807460e+09  5.57843573e-02 
 5.37031796e+09  6.30326458e-02 
 5.49540874e+09  6.77651821e-02 
 5.62341325e+09  4.87373039e-02 
 5.75439937e+09  7.18926552e-02 
 5.88843655e+09  6.74268416e-02 
 6.02559586e+09  6.05577454e-02 
 6.16595002e+09  5.89760156e-02 
 6.30957344e+09  5.76748041e-02 
 6.45654229e+09  4.65721872e-02 
 6.60693448e+09  4.82075021e-02 
 6.76082975e+09  6.92996334e-02 
 6.91830971e+09  1.13316005e-01 
 7.07945784e+09  4.11317148e-02 
 7.24435960e+09  7.73766585e-02 
 7.41310241e+09  5.38341345e-02 
 7.58577575e+09  7.78251537e-02 
 7.76247117e+09  5.03994012e-02 
 7.94328235e+09  4.33721406e-02 
 8.12830516e+09  6.26600407e-02 
 8.31763771e+09  6.61871298e-02 
 8.51138038e+09  3.32898684e-02 
 8.70963590e+09  5.27826526e-02 
 8.91250938e+09  6.84118121e-02 
 9.12010839e+09  3.63812888e-02 
 9.33254301e+09  6.61062575e-02 
 9.54992586e+09  7.49974127e-02 
 9.77237221e+09  7.33403948e-02 
 1.00000000e+10  7.88383311e-02 
 1.02329299e+10  8.28797938e-02 
 1.04712855e+10  8.67714645e-02 
 1.07151931e+10  9.07541863e-02 
 1.09647820e+10  9.49392411e-02 
 1.12201845e+10  9.94138655e-02 
 1.14815362e+10  1.04241520e-01 
 1.17489755e+10  1.09405066e-01 
 1.20226443e+10  1.14607468e-01 
 1.23026877e+10  1.18696079e-01 
 1.25892541e+10  1.18537226e-01 
 1.28824955e+10  1.09641911e-01 
 1.31825674e+10  9.43914700e-02 
 1.34896288e+10  8.40466546e-02 
 1.38038426e+10  8.27124112e-02 
 1.41253754e+10  8.70082886e-02 
 1.44543977e+10  9.96777684e-02 
 1.47910839e+10  1.07088728e-01 
 1.51356125e+10  1.12379637e-01 
 1.54881662e+10  9.68502539e-02 
 1.58489319e+10  1.09109100e-01 
 1.62181010e+10  1.14794438e-01 
 1.65958691e+10  1.19625112e-01 
 1.69824365e+10  1.24256620e-01 
 1.73780083e+10  1.28832645e-01 
 1.77827941e+10  1.33410474e-01 
 1.81970086e+10  1.38024972e-01 
 1.86208714e+10  1.42703070e-01 
 1.90546072e+10  1.47468404e-01 
 1.94984460e+10  1.52343243e-01 
 1.99526231e+10  1.57349115e-01 
