 1.00000000e+08  2.03116677e-02 
 1.02329299e+08  2.05133434e-02 
 1.04712855e+08  2.07236100e-02 
 1.07151931e+08  2.09428777e-02 
 1.09647820e+08  2.11715805e-02 
 1.12201845e+08  2.14101774e-02 
 1.14815362e+08  2.16591532e-02 
 1.17489755e+08  2.19190196e-02 
 1.20226443e+08  2.21903160e-02 
 1.23026877e+08  2.24736093e-02 
 1.25892541e+08  2.27694941e-02 
 1.28824955e+08  2.30785918e-02 
 1.31825674e+08  2.34015489e-02 
 1.34896288e+08  2.37390338e-02 
 1.38038426e+08  2.40917327e-02 
 1.41253754e+08  2.44603430e-02 
 1.44543977e+08  2.48455641e-02 
 1.47910839e+08  2.52480849e-02 
 1.51356125e+08  2.56685671e-02 
 1.54881662e+08  2.61076223e-02 
 1.58489319e+08  2.65657830e-02 
 1.62181010e+08  2.70434631e-02 
 1.65958691e+08  2.75409087e-02 
 1.69824365e+08  2.80581335e-02 
 1.73780083e+08  2.85948371e-02 
 1.77827941e+08  2.91503031e-02 
 1.81970086e+08  2.97232707e-02 
 1.86208714e+08  3.03117783e-02 
 1.90546072e+08  3.09129745e-02 
 1.94984460e+08  3.15228946e-02 
 1.99526231e+08  3.21362054e-02 
 2.04173794e+08  3.27459240e-02 
 2.08929613e+08  3.33431283e-02 
 2.13796209e+08  3.39166867e-02 
 2.18776162e+08  3.44530526e-02 
 2.23872114e+08  3.49361889e-02 
 2.29086765e+08  3.53477048e-02 
 2.34422882e+08  3.56672978e-02 
 2.39883292e+08  3.58735850e-02 
 2.45470892e+08  3.59453691e-02 
 2.51188643e+08  3.58633058e-02 
 2.57039578e+08  3.56118282e-02 
 2.63026799e+08  3.51810654e-02 
 2.69153480e+08  3.45684064e-02 
 2.75422870e+08  3.37793620e-02 
 2.81838293e+08  3.28274878e-02 
 2.88403150e+08  3.17333338e-02 
 2.95120923e+08  3.05226126e-02 
 3.01995172e+08  2.92239409e-02 
 3.09029543e+08  2.78665653e-02 
 3.16227766e+08  2.64784154e-02 
 3.23593657e+08  2.50846923e-02 
 3.31131121e+08  2.37070487e-02 
 3.38844156e+08  2.23633031e-02 
 3.46736850e+08  2.10675632e-02 
 3.54813389e+08  1.98306187e-02 
 3.63078055e+08  1.86604794e-02 
 3.71535229e+08  1.75629627e-02 
 3.80189396e+08  1.65422698e-02 
 3.89045145e+08  1.56015151e-02 
 3.98107171e+08  1.47431994e-02 
 4.07380278e+08  1.39696304e-02 
 4.16869383e+08  1.32833139e-02 
 4.26579519e+08  1.26873620e-02 
 4.36515832e+08  1.21860066e-02 
 4.46683592e+08  1.17854048e-02 
 4.57088190e+08  1.14951521e-02 
 4.67735141e+08  1.13315199e-02 
 4.78630092e+08  1.13252160e-02 
 4.89778819e+08  1.15425668e-02 
 5.01187234e+08  1.21543017e-02 
 5.12861384e+08  1.37171462e-02 
 5.24807460e+08  1.84631389e-02 
 5.37031796e+08  2.07004023e-02 
 5.49540874e+08  1.33988769e-02 
 5.62341325e+08  1.21858731e-02 
 5.75439937e+08  1.27322719e-02 
 5.88843655e+08  1.37309024e-02 
 6.02559586e+08  1.42621371e-02 
 6.16595002e+08  1.58910798e-02 
 6.30957344e+08  1.87519247e-02 
 6.45654229e+08  2.45796629e-02 
 6.60693448e+08  1.67613020e-02 
 6.76082975e+08  1.91962371e-02 
 6.91830971e+08  2.40452771e-02 
 7.07945784e+08  3.07896196e-02 
 7.24435960e+08  3.81844969e-02 
 7.41310241e+08  3.44068328e-02 
 7.58577575e+08  2.08890444e-02 
 7.76247117e+08  1.78177296e-02 
 7.94328235e+08  2.55969882e-02 
 8.12830516e+08  3.35276380e-02 
 8.31763771e+08  3.40251509e-02 
 8.51138038e+08  2.96453433e-02 
 8.70963590e+08  2.39836192e-02 
 8.91250938e+08  2.05173961e-02 
 9.12010839e+08  2.57014595e-02 
 9.33254301e+08  2.06343711e-02 
 9.54992586e+08  1.80611054e-02 
 9.77237221e+08  2.73137103e-02 
 1.00000000e+09  2.45919457e-02 
 1.02329299e+09  2.26506880e-02 
 1.04712855e+09  2.08543100e-02 
 1.07151931e+09  1.90501812e-02 
 1.09647820e+09  1.88235268e-02 
 1.12201845e+09  2.20041150e-02 
 1.14815362e+09  2.61441061e-02 
 1.17489755e+09  2.93504112e-02 
 1.20226443e+09  3.16893881e-02 
 1.23026877e+09  3.32890993e-02 
 1.25892541e+09  3.35489529e-02 
 1.28824955e+09  2.91705621e-02 
 1.31825674e+09  2.38751730e-02 
 1.34896288e+09  3.67287161e-02 
 1.38038426e+09  3.87443928e-02 
 1.41253754e+09  3.81000622e-02 
 1.44543977e+09  3.67069716e-02 
 1.47910839e+09  3.51717459e-02 
 1.51356125e+09  3.37943305e-02 
 1.54881662e+09  3.27242073e-02 
 1.58489319e+09  3.20190316e-02 
 1.62181010e+09  3.16800281e-02 
 1.65958691e+09  3.16706550e-02 
 1.69824365e+09  3.19213562e-02 
 1.73780083e+09  3.23251146e-02 
 1.77827941e+09  3.27322464e-02 
 1.81970086e+09  3.29587307e-02 
 1.86208714e+09  3.28235538e-02 
 1.90546072e+09  3.22128370e-02 
 1.94984460e+09  3.11336765e-02 
 1.99526231e+09  2.97109553e-02 
 2.04173794e+09  2.81264466e-02 
 2.08929613e+09  2.65487883e-02 
 2.13796209e+09  2.50954497e-02 
 2.18776162e+09  2.38294455e-02 
 2.23872114e+09  2.27732336e-02 
 2.29086765e+09  2.19248144e-02 
 2.34422882e+09  2.12696934e-02 
 2.39883292e+09  2.07879206e-02 
 2.45470892e+09  2.04574899e-02 
 2.51188643e+09  2.02557555e-02 
 2.57039578e+09  2.01602835e-02 
 2.63026799e+09  2.01500166e-02 
 2.69153480e+09  2.02068731e-02 
 2.75422870e+09  2.03172975e-02 
 2.81838293e+09  2.04732609e-02 
 2.88403150e+09  2.06728752e-02 
 2.95120923e+09  2.09218119e-02 
 3.01995172e+09  2.12381873e-02 
 3.09029543e+09  2.16575685e-02 
 3.16227766e+09  2.09407480e-02 
 3.23593657e+09  2.12349191e-02 
 3.31131121e+09  2.25757074e-02 
 3.38844156e+09  2.04984293e-02 
 3.46736850e+09  2.16974684e-02 
 3.54813389e+09  2.24885647e-02 
 3.63078055e+09  2.31876713e-02 
 3.71535229e+09  2.39385458e-02 
 3.80189396e+09  2.53087392e-02 
 3.89045145e+09  2.51857654e-02 
 3.98107171e+09  2.64662943e-02 
 4.07380278e+09  2.85948555e-02 
 4.16869383e+09  2.11510540e-02 
 4.26579519e+09  2.72592341e-02 
 4.36515832e+09  2.96543034e-02 
 4.46683592e+09  3.24086518e-02 
 4.57088190e+09  3.63594735e-02 
 4.67735141e+09  3.79038935e-02 
 4.78630092e+09  2.43870609e-02 
 4.89778819e+09  3.99102027e-02 
 5.01187234e+09  2.72772353e-02 
 5.12861384e+09  3.44846652e-02 
 5.24807460e+09  4.10649012e-02 
 5.37031796e+09  4.88167001e-02 
 5.49540874e+09  5.62593095e-02 
 5.62341325e+09  3.72664400e-02 
 5.75439937e+09  6.68052151e-02 
 5.88843655e+09  5.94475272e-02 
 6.02559586e+09  4.64235607e-02 
 6.16595002e+09  2.95729371e-02 
 6.30957344e+09  2.69738920e-02 
 6.45654229e+09  3.51926161e-02 
 6.60693448e+09  3.62182906e-02 
 6.76082975e+09  3.33705975e-02 
 6.91830971e+09  3.11312616e-02 
 7.07945784e+09  3.25562838e-02 
 7.24435960e+09  1.85644651e-02 
 7.41310241e+09  3.07561246e-02 
 7.58577575e+09  1.15386266e-02 
 7.76247117e+09  2.61046257e-02 
 7.94328235e+09  1.75803262e-02 
 8.12830516e+09  2.38150081e-02 
 8.31763771e+09  2.66143895e-02 
 8.51138038e+09  2.65757260e-02 
 8.70963590e+09  2.54811781e-02 
 8.91250938e+09  3.35075414e-02 
 9.12010839e+09  2.93013766e-02 
 9.33254301e+09  3.07987339e-02 
 9.54992586e+09  3.26643551e-02 
 9.77237221e+09  3.17552943e-02 
 1.00000000e+10  3.33809379e-02 
 1.02329299e+10  3.47171568e-02 
 1.04712855e+10  3.60659316e-02 
 1.07151931e+10  3.74864946e-02 
 1.09647820e+10  3.90150320e-02 
 1.12201845e+10  4.06859422e-02 
 1.14815362e+10  4.25335776e-02 
 1.17489755e+10  4.45786534e-02 
 1.20226443e+10  4.67718290e-02 
 1.23026877e+10  4.88131344e-02 
 1.25892541e+10  4.97567861e-02 
 1.28824955e+10  4.80783793e-02 
 1.31825674e+10  4.42129441e-02 
 1.34896288e+10  4.14091838e-02 
 1.38038426e+10  4.10368619e-02 
 1.41253754e+10  4.24275300e-02 
 1.44543977e+10  4.61726794e-02 
 1.47910839e+10  5.01196805e-02 
 1.51356125e+10  4.85477904e-02 
 1.54881662e+10  4.74763213e-02 
 1.58489319e+10  5.23647260e-02 
 1.62181010e+10  5.50054071e-02 
 1.65958691e+10  5.75186078e-02 
 1.69824365e+10  6.01510902e-02 
 1.73780083e+10  6.29650951e-02 
 1.77827941e+10  6.60034596e-02 
 1.81970086e+10  6.93132566e-02 
 1.86208714e+10  7.29525487e-02 
 1.90546072e+10  7.69955327e-02 
 1.94984460e+10  8.15391057e-02 
 1.99526231e+10  8.67122732e-02 
