 1.00000000e+08  1.79417592e-02 
 1.02330354e+08  1.80637116e-02 
 1.04715014e+08  1.81904671e-02 
 1.07155245e+08  1.83222171e-02 
 1.09652342e+08  1.84591605e-02 
 1.12207630e+08  1.86015042e-02 
 1.14822466e+08  1.87494635e-02 
 1.17498236e+08  1.89032623e-02 
 1.20236362e+08  1.90631339e-02 
 1.23038295e+08  1.92293210e-02 
 1.25905523e+08  1.94020766e-02 
 1.28839568e+08  1.95816644e-02 
 1.31841987e+08  1.97683592e-02 
 1.34914372e+08  1.99624478e-02 
 1.38058355e+08  2.01642295e-02 
 1.41275604e+08  2.03740171e-02 
 1.44567827e+08  2.05921373e-02 
 1.47936769e+08  2.08189318e-02 
 1.51384220e+08  2.10547583e-02 
 1.54912009e+08  2.12999912e-02 
 1.58522008e+08  2.15550231e-02 
 1.62216133e+08  2.18202656e-02 
 1.65996343e+08  2.20961508e-02 
 1.69864646e+08  2.23831327e-02 
 1.73823095e+08  2.26816884e-02 
 1.77873789e+08  2.29923199e-02 
 1.82018879e+08  2.33155560e-02 
 1.86260564e+08  2.36519534e-02 
 1.90601095e+08  2.40020995e-02 
 1.95042776e+08  2.43666138e-02 
 1.99587964e+08  2.47461505e-02 
 2.04239071e+08  2.51414003e-02 
 2.08998565e+08  2.55530932e-02 
 2.13868972e+08  2.59820005e-02 
 2.18852877e+08  2.64289374e-02 
 2.23952925e+08  2.68947654e-02 
 2.29171822e+08  2.73803944e-02 
 2.34512337e+08  2.78867850e-02 
 2.39977306e+08  2.84149499e-02 
 2.45569627e+08  2.89659554e-02 
 2.51292270e+08  2.95409218e-02 
 2.57148271e+08  3.01410227e-02 
 2.63140737e+08  3.07674830e-02 
 2.69272848e+08  3.14215750e-02 
 2.75547860e+08  3.21046117e-02 
 2.81969102e+08  3.28179366e-02 
 2.88539981e+08  3.35629087e-02 
 2.95263985e+08  3.43408819e-02 
 3.02144683e+08  3.51531756e-02 
 3.09185725e+08  3.60010355e-02 
 3.16390848e+08  3.68855809e-02 
 3.23763876e+08  3.78077343e-02 
 3.31308722e+08  3.87681295e-02 
 3.39029389e+08  3.97669918e-02 
 3.46929975e+08  4.08039834e-02 
 3.55014673e+08  4.18780055e-02 
 3.63287773e+08  4.29869497e-02 
 3.71753666e+08  4.41273864e-02 
 3.80416844e+08  4.52941837e-02 
 3.89281904e+08  4.64800504e-02 
 3.98353552e+08  4.76750010e-02 
 4.07636602e+08  4.88657555e-02 
 4.17135980e+08  5.00351004e-02 
 4.26856726e+08  5.11612638e-02 
 4.36804001e+08  5.22173925e-02 
 4.46983082e+08  5.31712544e-02 
 4.57399372e+08  5.39853251e-02 
 4.68058398e+08  5.46174259e-02 
 4.78965818e+08  5.50220426e-02 
 4.90127419e+08  5.51523280e-02 
 5.01549125e+08  5.49625670e-02 
 5.13236997e+08  5.44105316e-02 
 5.25197238e+08  5.34587134e-02 
 5.37436195e+08  5.20728525e-02 
 5.49960363e+08  5.02152836e-02 
 5.62776388e+08  4.78285958e-02 
 5.75891073e+08  4.47994597e-02 
 5.89311376e+08  4.08754813e-02 
 6.03044419e+08  3.54552828e-02 
 6.17097492e+08  2.70395862e-02 
 6.31478050e+08  1.32223509e-02 
 6.46193727e+08  2.16892874e-02 
 6.61252331e+08  3.89022466e-02 
 6.76661854e+08  4.16877397e-02 
 6.92430473e+08  4.01406793e-02 
 7.08566557e+08  3.78367319e-02 
 7.25078669e+08  3.55339421e-02 
 7.41975572e+08  3.33947957e-02 
 7.59266232e+08  3.14504640e-02 
 7.76959826e+08  2.97012406e-02 
 7.95065744e+08  2.81408181e-02 
 8.13593593e+08  2.67624578e-02 
 8.32553207e+08  2.55603836e-02 
 8.51954648e+08  2.45298299e-02 
 8.71808210e+08  2.36667090e-02 
 8.92124431e+08  2.29671871e-02 
 9.12914092e+08  2.24272763e-02 
 9.34188226e+08  2.20424981e-02 
 9.55958123e+08  2.18076568e-02 
 9.78235335e+08  2.17167476e-02 
 1.00103169e+09  2.17630054e-02 
 1.02435927e+09  2.19390748e-02 
 1.04823047e+09  2.22372677e-02 
 1.07265796e+09  2.26498622e-02 
 1.09765469e+09  2.31693980e-02 
 1.12323393e+09  2.37889387e-02 
 1.14940927e+09  2.45022779e-02 
 1.17619457e+09  2.53040868e-02 
 1.20360408e+09  2.61900063e-02 
 1.23165232e+09  2.71566935e-02 
 1.26035418e+09  2.82018370e-02 
 1.28972490e+09  2.93241505e-02 
 1.31978006e+09  3.05233574e-02 
 1.35053561e+09  3.18001721e-02 
 1.38200788e+09  3.31562859e-02 
 1.41421356e+09  3.45943594e-02 
 1.44716975e+09  3.61180249e-02 
 1.48089393e+09  3.77318976e-02 
 1.51540401e+09  3.94415957e-02 
 1.55071830e+09  4.12537652e-02 
 1.58685553e+09  4.31761043e-02 
 1.62383489e+09  4.52173771e-02 
 1.66167599e+09  4.73874008e-02 
 1.70039893e+09  4.96969817e-02 
 1.74002425e+09  5.21577607e-02 
 1.78057299e+09  5.47819061e-02 
 1.82206665e+09  5.75815588e-02 
 1.86452726e+09  6.05678842e-02 
 1.90797735e+09  6.37495102e-02 
 1.95243999e+09  6.71300289e-02 
 1.99793876e+09  7.07041062e-02 
 2.04449781e+09  7.44516006e-02 
 2.09214185e+09  7.83290126e-02 
 2.14089617e+09  8.22577329e-02 
 2.19078664e+09  8.61093016e-02 
 2.24183974e+09  8.96898030e-02 
 2.29408255e+09  9.27291649e-02 
 2.34754280e+09  9.48860963e-02 
 2.40224887e+09  9.57824126e-02 
 2.45822978e+09  9.50743782e-02 
 2.51551525e+09  9.25475075e-02 
 2.57413567e+09  8.81936332e-02 
 2.63412215e+09  8.22228026e-02 
 2.69550653e+09  7.49963781e-02 
 2.75832139e+09  6.69166001e-02 
 2.82260005e+09  5.83261132e-02 
 2.88837664e+09  4.94494040e-02 
 2.95568605e+09  4.03792208e-02 
 3.02456401e+09  3.11147427e-02 
 3.09504707e+09  2.17988884e-02 
 3.16717263e+09  1.44931738e-02 
 3.24097898e+09  1.92167541e-02 
 3.31650528e+09  4.02920860e-02 
 3.39379160e+09  7.75813213e-02 
 3.47287898e+09  1.13702125e-01 
 3.55380937e+09  1.04312348e-01 
 3.63662572e+09  7.57699100e-02 
 3.72137199e+09  5.96304548e-02 
 3.80809314e+09  4.80334882e-02 
 3.89683521e+09  3.95663692e-02 
 3.98764528e+09  3.31436219e-02 
 4.08057155e+09  2.81556707e-02 
 4.17566333e+09  2.39885218e-02 
 4.27297108e+09  2.13291080e-02 
 4.37254645e+09  1.96141745e-02 
 4.47444228e+09  1.90276862e-02 
 4.57871264e+09  1.97270340e-02 
 4.68541287e+09  2.21756932e-02 
 4.79459960e+09  1.80237399e-02 
 4.90633076e+09  3.38633793e-02 
 5.02066566e+09  8.32405092e-02 
 5.13766496e+09  4.67022658e-02 
 5.25739076e+09  1.85815704e-02 
 5.37990660e+09  2.47730449e-02 
 5.50527749e+09  2.98202758e-02 
 5.63356997e+09  2.94476883e-02 
 5.76485211e+09  3.59824511e-02 
 5.89919360e+09  4.28939966e-02 
 6.03666571e+09  6.34975686e-02 
 6.17734142e+09  4.03255828e-02 
 6.32129537e+09  5.15212348e-02 
 6.46860395e+09  6.32716950e-02 
 6.61934535e+09  5.67709651e-02 
 6.77359956e+09  7.93523214e-02 
 6.93144843e+09  1.00310386e-01 
 7.09297575e+09  1.71120901e-01 
 7.25826722e+09  1.37485848e-01 
 7.42741057e+09  7.64589359e-02 
 7.60049556e+09  1.53043348e-01 
 7.77761404e+09  7.57628708e-02 
 7.95886001e+09  3.19861259e-02 
 8.14432966e+09  5.60689823e-02 
 8.33412140e+09  6.08731686e-02 
 8.52833597e+09  4.43740643e-02 
 8.72707642e+09  1.25453783e-02 
 8.93044823e+09  1.45613288e-02 
 9.13855932e+09  3.68591405e-02 
 9.35152014e+09  4.02249547e-02 
 9.56944371e+09  4.74929284e-02 
 9.79244566e+09  5.79796390e-02 
 1.00206443e+10  6.62815990e-02 
 1.02541609e+10  7.46890887e-02 
 1.04931192e+10  8.35449488e-02 
 1.07376460e+10  9.32805863e-02 
 1.09878712e+10  1.04354025e-01 
 1.12439276e+10  1.17355468e-01 
 1.15059509e+10  1.33039929e-01 
 1.17740804e+10  1.52077147e-01 
 1.20484582e+10  1.73293767e-01 
 1.23292299e+10  1.86404325e-01 
 1.26165447e+10  1.65872552e-01 
 1.29105549e+10  1.16255932e-01 
 1.32114166e+10  8.14328289e-02 
 1.35192894e+10  7.77154969e-02 
 1.38343368e+10  9.37705999e-02 
 1.41567259e+10  1.19670306e-01 
 1.44866277e+10  1.68856594e-01 
 1.48242175e+10  1.85816474e-01 
 1.51696743e+10  1.96757141e-01 
 1.55231815e+10  2.81564721e-01 
 1.58849266e+10  3.49958508e-01 
 1.62551017e+10  3.02803778e-01 
 1.66339032e+10  2.96662284e-01 
 1.70215321e+10  3.53292574e-01 
 1.74181941e+10  4.38181793e-01 
 1.78240998e+10  5.06733254e-01 
 1.82394645e+10  4.99545297e-01 
 1.86645086e+10  4.26829250e-01 
 1.90994578e+10  3.45516541e-01 
 1.95445429e+10  2.79911312e-01 
 2.00000000e+10  2.30567889e-01 
