 1.00000000e+08  1.49801600e-02 
 1.02330354e+08  1.48217522e-02 
 1.04715014e+08  1.46488677e-02 
 1.07155245e+08  1.44615272e-02 
 1.09652342e+08  1.42599288e-02 
 1.12207630e+08  1.40444578e-02 
 1.14822466e+08  1.38156915e-02 
 1.17498236e+08  1.35743984e-02 
 1.20236362e+08  1.33215312e-02 
 1.23038295e+08  1.30582148e-02 
 1.25905523e+08  1.27857280e-02 
 1.28839568e+08  1.25054814e-02 
 1.31841987e+08  1.22189907e-02 
 1.34914372e+08  1.19278487e-02 
 1.38058355e+08  1.16336949e-02 
 1.41275604e+08  1.13381861e-02 
 1.44567827e+08  1.10429683e-02 
 1.47936769e+08  1.07496499e-02 
 1.51384220e+08  1.04597792e-02 
 1.54912009e+08  1.01748248e-02 
 1.58522008e+08  9.89615950e-03 
 1.62216133e+08  9.62504858e-03 
 1.65996343e+08  9.36264138e-03 
 1.69864646e+08  9.10996626e-03 
 1.73823095e+08  8.86792840e-03 
 1.77873789e+08  8.63731020e-03 
 1.82018879e+08  8.41877374e-03 
 1.86260564e+08  8.21286506e-03 
 1.90601095e+08  8.02002006e-03 
 1.95042776e+08  7.84057207e-03 
 1.99587964e+08  7.67476140e-03 
 2.04239071e+08  7.52274761e-03 
 2.08998565e+08  7.38462609e-03 
 2.13868972e+08  7.26045198e-03 
 2.18852877e+08  7.15027727e-03 
 2.23952925e+08  7.05421292e-03 
 2.29171822e+08  6.97254105e-03 
 2.34512337e+08  6.90593370e-03 
 2.39977306e+08  6.85591535e-03 
 2.45569627e+08  6.82593229e-03 
 2.51292270e+08  6.82409912e-03 
 2.57148271e+08  6.87119069e-03 
 2.63140737e+08  7.02703667e-03 
 2.69272848e+08  7.46772126e-03 
 2.75547860e+08  9.37607652e-03 
 2.81969102e+08  1.26899224e-02 
 2.88539981e+08  9.46623778e-03 
 2.95263985e+08  8.10161933e-03 
 3.02144683e+08  7.63930608e-03 
 3.09185725e+08  7.46021526e-03 
 3.16390848e+08  7.39662131e-03 
 3.23763876e+08  7.39196547e-03 
 3.31308722e+08  7.42352901e-03 
 3.39029389e+08  7.48148363e-03 
 3.46929975e+08  7.56246607e-03 
 3.55014673e+08  7.66888175e-03 
 3.63287773e+08  7.81775024e-03 
 3.71753666e+08  8.18037157e-03 
 3.80416844e+08  8.03253718e-03 
 3.89281904e+08  8.01028085e-03 
 3.98353552e+08  8.33062337e-03 
 4.07636602e+08  8.54096408e-03 
 4.17135980e+08  8.62234578e-03 
 4.26856726e+08  8.97851542e-03 
 4.36804001e+08  1.00719477e-02 
 4.46983082e+08  9.41477764e-03 
 4.57399372e+08  8.84459595e-03 
 4.68058398e+08  9.32057020e-03 
 4.78965818e+08  1.03044522e-02 
 4.90127419e+08  1.24184112e-02 
 5.01549125e+08  1.06455454e-02 
 5.13236997e+08  1.42523079e-02 
 5.25197238e+08  1.22143388e-02 
 5.37436195e+08  1.26490833e-02 
 5.49960363e+08  1.35336513e-02 
 5.62776388e+08  1.24972741e-02 
 5.75891073e+08  1.42949507e-02 
 5.89311376e+08  1.68664085e-02 
 6.03044419e+08  1.01002492e-02 
 6.17097492e+08  9.52895591e-03 
 6.31478050e+08  8.00125627e-03 
 6.46193727e+08  9.01431013e-03 
 6.61252331e+08  9.76839667e-03 
 6.76661854e+08  1.03185060e-02 
 6.92430473e+08  1.08952130e-02 
 7.08566557e+08  1.14834428e-02 
 7.25078669e+08  1.21594552e-02 
 7.41975572e+08  1.29050642e-02 
 7.59266232e+08  1.37593639e-02 
 7.76959826e+08  1.47681524e-02 
 7.95065744e+08  1.59899793e-02 
 8.13593593e+08  1.74980743e-02 
 8.32553207e+08  1.93687997e-02 
 8.51954648e+08  2.16228889e-02 
 8.71808210e+08  2.40407850e-02 
 8.92124431e+08  2.58318214e-02 
 9.12914092e+08  2.57672673e-02 
 9.34188226e+08  2.36071949e-02 
 9.55958123e+08  2.06128440e-02 
 9.78235335e+08  1.79567023e-02 
 1.00103169e+09  1.60656053e-02 
 1.02435927e+09  1.50571626e-02 
 1.04823047e+09  1.51360128e-02 
 1.07265796e+09  1.67161719e-02 
 1.09765469e+09  2.02072233e-02 
 1.12323393e+09  2.51895634e-02 
 1.14940927e+09  2.92688403e-02 
 1.17619457e+09  2.95955973e-02 
 1.20360408e+09  2.75654563e-02 
 1.23165232e+09  2.58914949e-02 
 1.26035418e+09  2.54218841e-02 
 1.28972490e+09  2.57765288e-02 
 1.31978006e+09  2.61052823e-02 
 1.35053561e+09  2.56449498e-02 
 1.38200788e+09  2.42250392e-02 
 1.41421356e+09  2.22330783e-02 
 1.44716975e+09  2.01430381e-02 
 1.48089393e+09  1.82368113e-02 
 1.51540401e+09  1.66148738e-02 
 1.55071830e+09  1.52829437e-02 
 1.58685553e+09  1.42109083e-02 
 1.62383489e+09  1.33569525e-02 
 1.66167599e+09  1.26703753e-02 
 1.70039893e+09  1.20910184e-02 
 1.74002425e+09  1.15662175e-02 
 1.78057299e+09  1.10746073e-02 
 1.82206665e+09  1.06201926e-02 
 1.86452726e+09  1.02089647e-02 
 1.90797735e+09  9.83950305e-03 
 1.95243999e+09  9.50598510e-03 
 1.99793876e+09  9.20292248e-03 
 2.04449781e+09  8.92857501e-03 
 2.09214185e+09  8.68748661e-03 
 2.14089617e+09  8.49172324e-03 
 2.19078664e+09  8.35840165e-03 
 2.24183974e+09  8.30155584e-03 
 2.29408255e+09  8.32234072e-03 
 2.34754280e+09  8.40672187e-03 
 2.40224887e+09  8.53311384e-03 
 2.45822978e+09  8.68191410e-03 
 2.51551525e+09  8.83994217e-03 
 2.57413567e+09  9.00007798e-03 
 2.63412215e+09  9.15921105e-03 
 2.69550653e+09  9.31641171e-03 
 2.75832139e+09  9.47177974e-03 
 2.82260005e+09  9.62583213e-03 
 2.88837664e+09  9.77921082e-03 
 2.95568605e+09  9.93255635e-03 
 3.02456401e+09  1.00864606e-02 
 3.09504707e+09  1.02414553e-02 
 3.16717263e+09  1.03980143e-02 
 3.24097898e+09  1.05565622e-02 
 3.31650528e+09  1.07174827e-02 
 3.39379160e+09  1.08811273e-02 
 3.47287898e+09  1.10478230e-02 
 3.55380937e+09  1.12178780e-02 
 3.63662572e+09  1.13915883e-02 
 3.72137199e+09  1.15692423e-02 
 3.80809314e+09  1.17511270e-02 
 3.89683521e+09  1.19375347e-02 
 3.98764528e+09  1.21287741e-02 
 4.08057155e+09  1.23251936e-02 
 4.17566333e+09  1.25272531e-02 
 4.27297108e+09  1.27359007e-02 
 4.37254645e+09  1.29649247e-02 
 4.47444228e+09  1.31581171e-02 
 4.57871264e+09  1.33904855e-02 
 4.68541287e+09  1.36271347e-02 
 4.79459960e+09  1.38740521e-02 
 4.90633076e+09  1.41489105e-02 
 5.02066566e+09  1.43816321e-02 
 5.13766496e+09  1.47256317e-02 
 5.25739076e+09  1.45121176e-02 
 5.37990660e+09  1.50605804e-02 
 5.50527749e+09  1.53950968e-02 
 5.63356997e+09  1.57203166e-02 
 5.76485211e+09  1.60628066e-02 
 5.89919360e+09  1.64669476e-02 
 6.03666571e+09  1.72961675e-02 
 6.17734142e+09  1.68084418e-02 
 6.32129537e+09  1.72896144e-02 
 6.46860395e+09  1.77336146e-02 
 6.61934535e+09  1.82192872e-02 
 6.77359956e+09  1.88403893e-02 
 6.93144843e+09  2.03086086e-02 
 7.09297575e+09  1.76626709e-02 
 7.25826722e+09  1.90504936e-02 
 7.42741057e+09  2.00137630e-02 
 7.60049556e+09  2.21449597e-02 
 7.77761404e+09  1.71561849e-02 
 7.95886001e+09  1.98608649e-02 
 8.14432966e+09  2.10352429e-02 
 8.33412140e+09  2.22698976e-02 
 8.52833597e+09  2.33071565e-02 
 8.72707642e+09  1.41650993e-02 
 8.93044823e+09  2.09948089e-02 
 9.13855932e+09  2.22169897e-02 
 9.35152014e+09  2.30079546e-02 
 9.56944371e+09  2.37085248e-02 
 9.79244566e+09  2.43627488e-02 
 1.00206443e+10  2.50023317e-02 
 1.02541609e+10  2.56407033e-02 
 1.04931192e+10  2.62853439e-02 
 1.07376460e+10  2.69411146e-02 
 1.09878712e+10  2.76116339e-02 
 1.12439276e+10  2.82999698e-02 
 1.15059509e+10  2.90090729e-02 
 1.17740804e+10  2.97421405e-02 
 1.20484582e+10  3.05030504e-02 
 1.23292299e+10  3.12970446e-02 
 1.26165447e+10  3.21320429e-02 
 1.29105549e+10  3.30215875e-02 
 1.32114166e+10  3.39926532e-02 
 1.35192894e+10  3.51117285e-02 
 1.38343368e+10  3.66127418e-02 
 1.41567259e+10  4.03657122e-02 
 1.44866277e+10  3.42655680e-02 
 1.48242175e+10  3.42017900e-02 
 1.51696743e+10  3.61322993e-02 
 1.55231815e+10  3.86057402e-02 
 1.58849266e+10  4.00730608e-02 
 1.62551017e+10  4.13941861e-02 
 1.66339032e+10  4.27015131e-02 
 1.70215321e+10  4.40359615e-02 
 1.74181941e+10  4.54178083e-02 
 1.78240998e+10  4.68564521e-02 
 1.82394645e+10  4.83427606e-02 
 1.86645086e+10  4.98154314e-02 
 1.90994578e+10  5.10902255e-02 
 1.95445429e+10  5.19306164e-02 
 2.00000000e+10  5.26659137e-02 
