 1.00000000e+08  1.47296339e-02 
 1.02330354e+08  1.45710926e-02 
 1.04715014e+08  1.43981674e-02 
 1.07155245e+08  1.42108601e-02 
 1.09652342e+08  1.40093455e-02 
 1.12207630e+08  1.37939818e-02 
 1.14822466e+08  1.35653145e-02 
 1.17498236e+08  1.33240761e-02 
 1.20236362e+08  1.30711793e-02 
 1.23038295e+08  1.28077049e-02 
 1.25905523e+08  1.25348844e-02 
 1.28839568e+08  1.22540778e-02 
 1.31841987e+08  1.19667481e-02 
 1.34914372e+08  1.16744331e-02 
 1.38058355e+08  1.13787169e-02 
 1.41275604e+08  1.10812005e-02 
 1.44567827e+08  1.07834748e-02 
 1.47936769e+08  1.04870951e-02 
 1.51384220e+08  1.01935593e-02 
 1.54912009e+08  9.90428959e-03 
 1.58522008e+08  9.62061792e-03 
 1.62216133e+08  9.34377548e-03 
 1.65996343e+08  9.07488600e-03 
 1.69864646e+08  8.81496258e-03 
 1.73823095e+08  8.56490776e-03 
 1.77873789e+08  8.32551655e-03 
 1.82018879e+08  8.09748209e-03 
 1.86260564e+08  7.88140400e-03 
 1.90601095e+08  7.67779962e-03 
 1.95042776e+08  7.48711879e-03 
 1.99587964e+08  7.30976362e-03 
 2.04239071e+08  7.14611590e-03 
 2.08998565e+08  6.99657700e-03 
 2.13868972e+08  6.86162917e-03 
 2.18852877e+08  6.74193503e-03 
 2.23952925e+08  6.63850849e-03 
 2.29171822e+08  6.55302630e-03 
 2.34512337e+08  6.48843362e-03 
 2.39977306e+08  6.45021270e-03 
 2.45569627e+08  6.44929247e-03 
 2.51292270e+08  6.50954072e-03 
 2.57148271e+08  6.69034637e-03 
 2.63140737e+08  7.17235600e-03 
 2.69272848e+08  8.61080083e-03 
 2.75547860e+08  1.12208156e-02 
 2.81969102e+08  1.53585212e-02 
 2.88539981e+08  1.02409153e-02 
 2.95263985e+08  8.02141994e-03 
 3.02144683e+08  7.21851962e-03 
 3.09185725e+08  6.87240680e-03 
 3.16390848e+08  6.71084998e-03 
 3.23763876e+08  6.63996352e-03 
 3.31308722e+08  6.62138047e-03 
 3.39029389e+08  6.63760801e-03 
 3.46929975e+08  6.68055354e-03 
 3.55014673e+08  6.74781347e-03 
 3.63287773e+08  6.84493383e-03 
 3.71753666e+08  7.05351591e-03 
 3.80416844e+08  7.08434541e-03 
 3.89281904e+08  7.27499162e-03 
 3.98353552e+08  7.52302450e-03 
 4.07636602e+08  7.67174979e-03 
 4.17135980e+08  7.69051081e-03 
 4.26856726e+08  8.00248981e-03 
 4.36804001e+08  8.85197082e-03 
 4.46983082e+08  8.96471140e-03 
 4.57399372e+08  9.93254096e-03 
 4.68058398e+08  1.39101783e-02 
 4.78965818e+08  8.70664212e-03 
 4.90127419e+08  9.08088218e-03 
 5.01549125e+08  9.88629517e-03 
 5.13236997e+08  1.15448425e-02 
 5.25197238e+08  8.62407702e-03 
 5.37436195e+08  6.68341347e-03 
 5.49960363e+08  7.78394250e-03 
 5.62776388e+08  6.82323313e-03 
 5.75891073e+08  8.34668773e-03 
 5.89311376e+08  7.80215294e-03 
 6.03044419e+08  7.80177506e-03 
 6.17097492e+08  7.87228147e-03 
 6.31478050e+08  8.01916117e-03 
 6.46193727e+08  8.38476393e-03 
 6.61252331e+08  8.51438538e-03 
 6.76661854e+08  9.27336298e-03 
 6.92430473e+08  9.03727589e-03 
 7.08566557e+08  9.21079212e-03 
 7.25078669e+08  9.52531460e-03 
 7.41975572e+08  9.86209799e-03 
 7.59266232e+08  1.02425140e-02 
 7.76959826e+08  1.06865155e-02 
 7.95065744e+08  1.12197375e-02 
 8.13593593e+08  1.18755752e-02 
 8.32553207e+08  1.26909797e-02 
 8.51954648e+08  1.36802592e-02 
 8.71808210e+08  1.47482596e-02 
 8.92124431e+08  1.55317350e-02 
 9.12914092e+08  1.54673325e-02 
 9.34188226e+08  1.44805434e-02 
 9.55958123e+08  1.31898694e-02 
 9.78235335e+08  1.21070261e-02 
 1.00103169e+09  1.13501888e-02 
 1.02435927e+09  1.08689843e-02 
 1.04823047e+09  1.06153548e-02 
 1.07265796e+09  1.06355421e-02 
 1.09765469e+09  1.10162077e-02 
 1.12323393e+09  1.08075096e-02 
 1.14940927e+09  1.13934262e-02 
 1.17619457e+09  1.18587279e-02 
 1.20360408e+09  1.20350152e-02 
 1.23165232e+09  1.21268390e-02 
 1.26035418e+09  1.22447946e-02 
 1.28972490e+09  1.24050286e-02 
 1.31978006e+09  1.25994664e-02 
 1.35053561e+09  1.28197555e-02 
 1.38200788e+09  1.30610007e-02 
 1.41421356e+09  1.33202088e-02 
 1.44716975e+09  1.35951040e-02 
 1.48089393e+09  1.38838322e-02 
 1.51540401e+09  1.41842415e-02 
 1.55071830e+09  1.44920750e-02 
 1.58685553e+09  1.47977786e-02 
 1.62383489e+09  1.50828654e-02 
 1.66167599e+09  1.53219658e-02 
 1.70039893e+09  1.55016854e-02 
 1.74002425e+09  1.56460305e-02 
 1.78057299e+09  1.58039198e-02 
 1.82206665e+09  1.60063643e-02 
 1.86452726e+09  1.62543119e-02 
 1.90797735e+09  1.65358158e-02 
 1.95243999e+09  1.68398321e-02 
 1.99793876e+09  1.71595896e-02 
 2.04449781e+09  1.74914474e-02 
 2.09214185e+09  1.78333218e-02 
 2.14089617e+09  1.81837505e-02 
 2.19078664e+09  1.85415512e-02 
 2.24183974e+09  1.89059321e-02 
 2.29408255e+09  1.92768989e-02 
 2.34754280e+09  1.96555386e-02 
 2.40224887e+09  2.00436737e-02 
 2.45822978e+09  2.04430164e-02 
 2.51551525e+09  2.08545647e-02 
 2.57413567e+09  2.12786018e-02 
 2.63412215e+09  2.17150165e-02 
 2.69550653e+09  2.21636030e-02 
 2.75832139e+09  2.26242216e-02 
 2.82260005e+09  2.30968498e-02 
 2.88837664e+09  2.35815785e-02 
 2.95568605e+09  2.40785897e-02 
 3.02456401e+09  2.45881346e-02 
 3.09504707e+09  2.51105151e-02 
 3.16717263e+09  2.56460723e-02 
 3.24097898e+09  2.61951784e-02 
 3.31650528e+09  2.67582330e-02 
 3.39379160e+09  2.73356618e-02 
 3.47287898e+09  2.79279169e-02 
 3.55380937e+09  2.85354814e-02 
 3.63662572e+09  2.91588751e-02 
 3.72137199e+09  2.97986665e-02 
 3.80809314e+09  3.04554935e-02 
 3.89683521e+09  3.11301037e-02 
 3.98764528e+09  3.18234428e-02 
 4.08057155e+09  3.25368841e-02 
 4.17566333e+09  3.32730041e-02 
 4.27297108e+09  3.40397182e-02 
 4.37254645e+09  3.49645525e-02 
 4.47444228e+09  3.54463084e-02 
 4.57871264e+09  3.63479080e-02 
 4.68541287e+09  3.72149410e-02 
 4.79459960e+09  3.81199611e-02 
 4.90633076e+09  3.92175349e-02 
 5.02066566e+09  3.97712008e-02 
 5.13766496e+09  4.09791341e-02 
 5.25739076e+09  3.99868129e-02 
 5.37990660e+09  4.23907173e-02 
 5.50527749e+09  4.35617489e-02 
 5.63356997e+09  4.47126924e-02 
 5.76485211e+09  4.59371867e-02 
 5.89919360e+09  4.74282656e-02 
 6.03666571e+09  4.95955668e-02 
 6.17734142e+09  4.82290716e-02 
 6.32129537e+09  5.00074964e-02 
 6.46860395e+09  5.15711077e-02 
 6.61934535e+09  5.32595507e-02 
 6.77359956e+09  5.54561308e-02 
 6.93144843e+09  6.05881610e-02 
 7.09297575e+09  5.57139181e-02 
 7.25826722e+09  5.52660795e-02 
 7.42741057e+09  5.83310079e-02 
 7.60049556e+09  6.23706952e-02 
 7.77761404e+09  5.94359074e-02 
 7.95886001e+09  6.39657776e-02 
 8.14432966e+09  6.82537694e-02 
 8.33412140e+09  7.89311162e-02 
 8.52833597e+09  4.83884127e-02 
 8.72707642e+09  5.13965185e-02 
 8.93044823e+09  6.30244463e-02 
 9.13855932e+09  6.58837132e-02 
 9.35152014e+09  6.88974791e-02 
 9.56944371e+09  7.13780573e-02 
 9.79244566e+09  7.36629440e-02 
 1.00206443e+10  7.58729512e-02 
 1.02541609e+10  7.80623634e-02 
 1.04931192e+10  8.02621881e-02 
 1.07376460e+10  8.24931087e-02 
 1.09878712e+10  8.47710454e-02 
 1.12439276e+10  8.71101338e-02 
 1.15059509e+10  8.95247975e-02 
 1.17740804e+10  9.20317630e-02 
 1.20484582e+10  9.46527577e-02 
 1.23292299e+10  9.74190561e-02 
 1.26165447e+10  1.00380443e-01 
 1.29105549e+10  1.03625466e-01 
 1.32114166e+10  1.07335121e-01 
 1.35192894e+10  1.11961124e-01 
 1.38343368e+10  1.19089757e-01 
 1.41567259e+10  1.41051083e-01 
 1.44866277e+10  9.41773267e-02 
 1.48242175e+10  8.85209596e-02 
 1.51696743e+10  9.64349066e-02 
 1.55231815e+10  1.14140341e-01 
 1.58849266e+10  1.20267075e-01 
 1.62551017e+10  1.25097021e-01 
 1.66339032e+10  1.29578780e-01 
 1.70215321e+10  1.33977153e-01 
 1.74181941e+10  1.38396401e-01 
 1.78240998e+10  1.42848958e-01 
 1.82394645e+10  1.47201142e-01 
 1.86645086e+10  1.50956866e-01 
 1.90994578e+10  1.52866859e-01 
 1.95445429e+10  1.51628166e-01 
 2.00000000e+10  1.49896979e-01 
