 1.00000000e+08  1.52143857e-02 
 1.02330354e+08  1.50721141e-02 
 1.04715014e+08  1.49141584e-02 
 1.07155245e+08  1.47402726e-02 
 1.09652342e+08  1.45503919e-02 
 1.12207630e+08  1.43446504e-02 
 1.14822466e+08  1.41233935e-02 
 1.17498236e+08  1.38871851e-02 
 1.20236362e+08  1.36368068e-02 
 1.23038295e+08  1.33732517e-02 
 1.25905523e+08  1.30977092e-02 
 1.28839568e+08  1.28115452e-02 
 1.31841987e+08  1.25162750e-02 
 1.34914372e+08  1.22135326e-02 
 1.38058355e+08  1.19050374e-02 
 1.41275604e+08  1.15925588e-02 
 1.44567827e+08  1.12778822e-02 
 1.47936769e+08  1.09627761e-02 
 1.51384220e+08  1.06489625e-02 
 1.54912009e+08  1.03380917e-02 
 1.58522008e+08  1.00317216e-02 
 1.62216133e+08  9.73130126e-03 
 1.65996343e+08  9.43816016e-03 
 1.69864646e+08  9.15350216e-03 
 1.73823095e+08  8.87840376e-03 
 1.77873789e+08  8.61381700e-03 
 1.82018879e+08  8.36057705e-03 
 1.86260564e+08  8.11941520e-03 
 1.90601095e+08  7.89097952e-03 
 1.95042776e+08  7.67586786e-03 
 1.99587964e+08  7.47468348e-03 
 2.04239071e+08  7.28813570e-03 
 2.08998565e+08  7.11723720e-03 
 2.13868972e+08  6.96372509e-03 
 2.18852877e+08  6.83104942e-03 
 2.23952925e+08  6.72697166e-03 
 2.29171822e+08  6.67145070e-03 
 2.34512337e+08  6.72559767e-03 
 2.39977306e+08  7.12853603e-03 
 2.45569627e+08  9.07843523e-03 
 2.51292270e+08  1.17784818e-02 
 2.57148271e+08  8.37392560e-03 
 2.63140737e+08  7.16596221e-03 
 2.69272848e+08  6.73412476e-03 
 2.75547860e+08  6.58763446e-03 
 2.81969102e+08  6.87472499e-03 
 2.88539981e+08  1.21440262e-02 
 2.95263985e+08  8.32240794e-03 
 3.02144683e+08  7.11957895e-03 
 3.09185725e+08  6.87517552e-03 
 3.16390848e+08  6.83739190e-03 
 3.23763876e+08  6.90012184e-03 
 3.31308722e+08  7.05823831e-03 
 3.39029389e+08  7.36816719e-03 
 3.46929975e+08  7.99434725e-03 
 3.55014673e+08  9.32252033e-03 
 3.63287773e+08  9.04620053e-03 
 3.71753666e+08  7.69516675e-03 
 3.80416844e+08  7.54914093e-03 
 3.89281904e+08  8.37260616e-03 
 3.98353552e+08  8.09506013e-03 
 4.07636602e+08  8.03723334e-03 
 4.17135980e+08  8.88480044e-03 
 4.26856726e+08  9.97736499e-03 
 4.36804001e+08  9.06170227e-03 
 4.46983082e+08  8.98145450e-03 
 4.57399372e+08  1.04646576e-02 
 4.68058398e+08  1.66963267e-02 
 4.78965818e+08  1.48075997e-02 
 4.90127419e+08  8.80333605e-03 
 5.01549125e+08  7.58891429e-03 
 5.13236997e+08  6.74199925e-03 
 5.25197238e+08  6.74651760e-03 
 5.37436195e+08  6.22749588e-03 
 5.49960363e+08  6.70125022e-03 
 5.62776388e+08  7.33568914e-03 
 5.75891073e+08  7.42852789e-03 
 5.89311376e+08  7.80672100e-03 
 6.03044419e+08  7.97549612e-03 
 6.17097492e+08  8.01159526e-03 
 6.31478050e+08  8.27817677e-03 
 6.46193727e+08  8.58888316e-03 
 6.61252331e+08  8.72011340e-03 
 6.76661854e+08  9.42359984e-03 
 6.92430473e+08  9.28451234e-03 
 7.08566557e+08  9.71395475e-03 
 7.25078669e+08  1.01179343e-02 
 7.41975572e+08  1.06191234e-02 
 7.59266232e+08  1.12596344e-02 
 7.76959826e+08  1.21052146e-02 
 7.95065744e+08  1.32296892e-02 
 8.13593593e+08  1.45875878e-02 
 8.32553207e+08  1.55797261e-02 
 8.51954648e+08  1.50429877e-02 
 8.71808210e+08  1.33111694e-02 
 8.92124431e+08  1.18124905e-02 
 9.12914092e+08  1.09455291e-02 
 9.34188226e+08  1.05306520e-02 
 9.55958123e+08  1.03757354e-02 
 9.78235335e+08  1.03683361e-02 
 1.00103169e+09  1.04541249e-02 
 1.02435927e+09  1.06179635e-02 
 1.04823047e+09  1.08890791e-02 
 1.07265796e+09  1.13240224e-02 
 1.09765469e+09  1.14042158e-02 
 1.12323393e+09  1.18332365e-02 
 1.14940927e+09  1.23177420e-02 
 1.17619457e+09  1.23879831e-02 
 1.20360408e+09  1.23886944e-02 
 1.23165232e+09  1.24849512e-02 
 1.26035418e+09  1.26520193e-02 
 1.28972490e+09  1.28559454e-02 
 1.31978006e+09  1.30789547e-02 
 1.35053561e+09  1.33149609e-02 
 1.38200788e+09  1.35617828e-02 
 1.41421356e+09  1.38173781e-02 
 1.44716975e+09  1.40792148e-02 
 1.48089393e+09  1.43442706e-02 
 1.51540401e+09  1.46092448e-02 
 1.55071830e+09  1.48712949e-02 
 1.58685553e+09  1.51292239e-02 
 1.62383489e+09  1.53843111e-02 
 1.66167599e+09  1.56399105e-02 
 1.70039893e+09  1.59000028e-02 
 1.74002425e+09  1.61678139e-02 
 1.78057299e+09  1.64452685e-02 
 1.82206665e+09  1.67331654e-02 
 1.86452726e+09  1.70316076e-02 
 1.90797735e+09  1.73403724e-02 
 1.95243999e+09  1.76591282e-02 
 1.99793876e+09  1.79875211e-02 
 2.04449781e+09  1.83251753e-02 
 2.09214185e+09  1.86716498e-02 
 2.14089617e+09  1.90264062e-02 
 2.19078664e+09  1.93888752e-02 
 2.24183974e+09  1.97587290e-02 
 2.29408255e+09  2.01363216e-02 
 2.34754280e+09  2.05229188e-02 
 2.40224887e+09  2.09202873e-02 
 2.45822978e+09  2.13298785e-02 
 2.51551525e+09  2.17523748e-02 
 2.57413567e+09  2.21878545e-02 
 2.63412215e+09  2.26361800e-02 
 2.69550653e+09  2.30972602e-02 
 2.75832139e+09  2.35711480e-02 
 2.82260005e+09  2.40580496e-02 
 2.88837664e+09  2.45583100e-02 
 2.95568605e+09  2.50724036e-02 
 3.02456401e+09  2.56009450e-02 
 3.09504707e+09  2.61447295e-02 
 3.16717263e+09  2.67048296e-02 
 3.24097898e+09  2.72828057e-02 
 3.31650528e+09  2.78811950e-02 
 3.39379160e+09  2.85048087e-02 
 3.47287898e+09  2.91649512e-02 
 3.55380937e+09  2.98988432e-02 
 3.63662572e+09  3.09617788e-02 
 3.72137199e+09  2.96954589e-02 
 3.80809314e+09  3.12802014e-02 
 3.89683521e+09  3.21275834e-02 
 3.98764528e+09  3.29100893e-02 
 4.08057155e+09  3.36875612e-02 
 4.17566333e+09  3.44762106e-02 
 4.27297108e+09  3.52832412e-02 
 4.37254645e+09  3.61136925e-02 
 4.47444228e+09  3.69739148e-02 
 4.57871264e+09  3.78825251e-02 
 4.68541287e+09  3.93034593e-02 
 4.79459960e+09  3.95491273e-02 
 4.90633076e+09  4.05701503e-02 
 5.02066566e+09  4.15958833e-02 
 5.13766496e+09  4.26618450e-02 
 5.25739076e+09  4.37876376e-02 
 5.37990660e+09  4.50125215e-02 
 5.50527749e+09  4.65265119e-02 
 5.63356997e+09  4.51351312e-02 
 5.76485211e+09  4.86074438e-02 
 5.89919360e+09  4.94677529e-02 
 6.03666571e+09  5.12002317e-02 
 6.17734142e+09  5.30178905e-02 
 6.32129537e+09  5.51194274e-02 
 6.46860395e+09  5.78049761e-02 
 6.61934535e+09  6.22545100e-02 
 6.77359956e+09  6.96328635e-02 
 6.93144843e+09  4.62131351e-02 
 7.09297575e+09  5.62018847e-02 
 7.25826722e+09  6.96500053e-02 
 7.42741057e+09  8.80050360e-02 
 7.60049556e+09  4.50761862e-02 
 7.77761404e+09  6.38034909e-02 
 7.95886001e+09  4.40704114e-02 
 8.14432966e+09  5.50564849e-02 
 8.33412140e+09  6.32613664e-02 
 8.52833597e+09  5.90839982e-02 
 8.72707642e+09  6.23565238e-02 
 8.93044823e+09  6.51563320e-02 
 9.13855932e+09  6.76541654e-02 
 9.35152014e+09  6.82206604e-02 
 9.56944371e+09  7.21968704e-02 
 9.79244566e+09  7.44481104e-02 
 1.00206443e+10  7.66756457e-02 
 1.02541609e+10  7.89230423e-02 
 1.04931192e+10  8.12104642e-02 
 1.07376460e+10  8.35530279e-02 
 1.09878712e+10  8.59647193e-02 
 1.12439276e+10  8.84603118e-02 
 1.15059509e+10  9.10570383e-02 
 1.17740804e+10  9.37767100e-02 
 1.20484582e+10  9.66490291e-02 
 1.23292299e+10  9.97174810e-02 
 1.26165447e+10  1.03050986e-01 
 1.29105549e+10  1.06769759e-01 
 1.32114166e+10  1.11111775e-01 
 1.35192894e+10  1.16642846e-01 
 1.38343368e+10  1.25156457e-01 
 1.41567259e+10  1.40311384e-01 
 1.44866277e+10  9.61756488e-02 
 1.48242175e+10  1.24633198e-01 
 1.51696743e+10  8.58134454e-02 
 1.55231815e+10  1.05021609e-01 
 1.58849266e+10  1.17647119e-01 
 1.62551017e+10  1.24528051e-01 
 1.66339032e+10  1.28182263e-01 
 1.70215321e+10  1.28425911e-01 
 1.74181941e+10  1.27840894e-01 
 1.78240998e+10  1.29595081e-01 
 1.82394645e+10  1.33401317e-01 
 1.86645086e+10  1.38088843e-01 
 1.90994578e+10  1.43076021e-01 
 1.95445429e+10  1.48176778e-01 
 2.00000000e+10  1.53351968e-01 
