 1.00000000e+08  1.57164821e-02 
 1.02330354e+08  1.55653142e-02 
 1.04715014e+08  1.53981624e-02 
 1.07155245e+08  1.52147968e-02 
 1.09652342e+08  1.50151763e-02 
 1.12207630e+08  1.47994671e-02 
 1.14822466e+08  1.45680556e-02 
 1.17498236e+08  1.43215560e-02 
 1.20236362e+08  1.40608100e-02 
 1.23038295e+08  1.37868802e-02 
 1.25905523e+08  1.35010357e-02 
 1.28839568e+08  1.32047310e-02 
 1.31841987e+08  1.28995794e-02 
 1.34914372e+08  1.25873215e-02 
 1.38058355e+08  1.22697912e-02 
 1.41275604e+08  1.19488800e-02 
 1.44567827e+08  1.16265022e-02 
 1.47936769e+08  1.13045617e-02 
 1.51384220e+08  1.09849223e-02 
 1.54912009e+08  1.06693813e-02 
 1.58522008e+08  1.03596493e-02 
 1.62216133e+08  1.00573333e-02 
 1.65996343e+08  9.76392643e-03 
 1.69864646e+08  9.48080195e-03 
 1.73823095e+08  9.20921249e-03 
 1.77873789e+08  8.95029450e-03 
 1.82018879e+08  8.70507855e-03 
 1.86260564e+08  8.47450696e-03 
 1.90601095e+08  8.25946239e-03 
 1.95042776e+08  8.06081430e-03 
 1.99587964e+08  7.87949758e-03 
 2.04239071e+08  7.71665337e-03 
 2.08998565e+08  7.57389852e-03 
 2.13868972e+08  7.45388235e-03 
 2.18852877e+08  7.36154566e-03 
 2.23952925e+08  7.30730217e-03 
 2.29171822e+08  7.31630562e-03 
 2.34512337e+08  7.46104424e-03 
 2.39977306e+08  8.00832790e-03 
 2.45569627e+08  1.02095630e-02 
 2.51292270e+08  1.27864283e-02 
 2.57148271e+08  9.00521088e-03 
 2.63140737e+08  7.82790482e-03 
 2.69272848e+08  7.51389882e-03 
 2.75547860e+08  7.57721375e-03 
 2.81969102e+08  8.43092230e-03 
 2.88539981e+08  1.64474103e-02 
 2.95263985e+08  9.61137883e-03 
 3.02144683e+08  7.91952995e-03 
 3.09185725e+08  7.62553644e-03 
 3.16390848e+08  7.58706324e-03 
 3.23763876e+08  7.64199268e-03 
 3.31308722e+08  7.75572750e-03 
 3.39029389e+08  7.93291435e-03 
 3.46929975e+08  8.22915547e-03 
 3.55014673e+08  8.24392787e-03 
 3.63287773e+08  7.54336572e-03 
 3.71753666e+08  7.75243980e-03 
 3.80416844e+08  8.06570571e-03 
 3.89281904e+08  8.58939762e-03 
 3.98353552e+08  8.66224085e-03 
 4.07636602e+08  8.75856659e-03 
 4.17135980e+08  9.05016431e-03 
 4.26856726e+08  9.34038429e-03 
 4.36804001e+08  9.20538410e-03 
 4.46983082e+08  9.46414465e-03 
 4.57399372e+08  9.99159450e-03 
 4.68058398e+08  1.02387945e-02 
 4.78965818e+08  1.08113505e-02 
 4.90127419e+08  1.14727752e-02 
 5.01549125e+08  1.22514791e-02 
 5.13236997e+08  1.34671876e-02 
 5.25197238e+08  1.58920524e-02 
 5.37436195e+08  1.63903380e-02 
 5.49960363e+08  1.96444011e-02 
 5.62776388e+08  2.80660013e-02 
 5.75891073e+08  1.46495087e-02 
 5.89311376e+08  1.37304330e-02 
 6.03044419e+08  8.40656490e-03 
 6.17097492e+08  7.76158378e-03 
 6.31478050e+08  9.45209084e-03 
 6.46193727e+08  1.05104401e-02 
 6.61252331e+08  1.14171444e-02 
 6.76661854e+08  1.24730848e-02 
 6.92430473e+08  1.31548337e-02 
 7.08566557e+08  1.40181177e-02 
 7.25078669e+08  1.52574446e-02 
 7.41975572e+08  1.67742017e-02 
 7.59266232e+08  1.87255388e-02 
 7.76959826e+08  2.13230503e-02 
 7.95065744e+08  2.48012481e-02 
 8.13593593e+08  2.90766393e-02 
 8.32553207e+08  3.25450806e-02 
 8.51954648e+08  3.18017559e-02 
 8.71808210e+08  2.71131206e-02 
 8.92124431e+08  2.22760846e-02 
 9.12914092e+08  1.88650527e-02 
 9.34188226e+08  1.67612517e-02 
 9.55958123e+08  1.55759574e-02 
 9.78235335e+08  1.50247869e-02 
 1.00103169e+09  1.49667778e-02 
 1.02435927e+09  1.54084839e-02 
 1.04823047e+09  1.65335234e-02 
 1.07265796e+09  1.86788982e-02 
 1.09765469e+09  2.30474117e-02 
 1.12323393e+09  2.99304484e-02 
 1.14940927e+09  3.50688618e-02 
 1.17619457e+09  3.47390881e-02 
 1.20360408e+09  3.33459508e-02 
 1.23165232e+09  3.30531445e-02 
 1.26035418e+09  3.29519789e-02 
 1.28972490e+09  3.18026537e-02 
 1.31978006e+09  2.94094242e-02 
 1.35053561e+09  2.64931368e-02 
 1.38200788e+09  2.37359986e-02 
 1.41421356e+09  2.14198196e-02 
 1.44716975e+09  1.95681147e-02 
 1.48089393e+09  1.81105511e-02 
 1.51540401e+09  1.69604379e-02 
 1.55071830e+09  1.60405376e-02 
 1.58685553e+09  1.52894102e-02 
 1.62383489e+09  1.46617255e-02 
 1.66167599e+09  1.41261175e-02 
 1.70039893e+09  1.36615152e-02 
 1.74002425e+09  1.32532812e-02 
 1.78057299e+09  1.28904015e-02 
 1.82206665e+09  1.25639633e-02 
 1.86452726e+09  1.22664327e-02 
 1.90797735e+09  1.19912088e-02 
 1.95243999e+09  1.17321592e-02 
 1.99793876e+09  1.14830249e-02 
 2.04449781e+09  1.12366696e-02 
 2.09214185e+09  1.09842972e-02 
 2.14089617e+09  1.07152412e-02 
 2.19078664e+09  1.04190779e-02 
 2.24183974e+09  1.00932048e-02 
 2.29408255e+09  9.75729905e-03 
 2.34754280e+09  9.46487977e-03 
 2.40224887e+09  9.28788256e-03 
 2.45822978e+09  9.27011115e-03 
 2.51551525e+09  9.39757867e-03 
 2.57413567e+09  9.61963748e-03 
 2.63412215e+09  9.88616713e-03 
 2.69550653e+09  1.01644758e-02 
 2.75832139e+09  1.04380456e-02 
 2.82260005e+09  1.07003130e-02 
 2.88837664e+09  1.09497256e-02 
 2.95568605e+09  1.11869158e-02 
 3.02456401e+09  1.14133097e-02 
 3.09504707e+09  1.16305080e-02 
 3.16717263e+09  1.18400387e-02 
 3.24097898e+09  1.20432796e-02 
 3.31650528e+09  1.22414549e-02 
 3.39379160e+09  1.24356747e-02 
 3.47287898e+09  1.26270339e-02 
 3.55380937e+09  1.28169971e-02 
 3.63662572e+09  1.30111982e-02 
 3.72137199e+09  1.31651777e-02 
 3.80809314e+09  1.33628817e-02 
 3.89683521e+09  1.35499965e-02 
 3.98764528e+09  1.37362506e-02 
 4.08057155e+09  1.39230475e-02 
 4.17566333e+09  1.41110830e-02 
 4.27297108e+09  1.43008943e-02 
 4.37254645e+09  1.44929827e-02 
 4.47444228e+09  1.46879059e-02 
 4.57871264e+09  1.48866592e-02 
 4.68541287e+09  1.51086863e-02 
 4.79459960e+09  1.52868549e-02 
 4.90633076e+09  1.54978754e-02 
 5.02066566e+09  1.57126656e-02 
 5.13766496e+09  1.59327800e-02 
 5.25739076e+09  1.61593324e-02 
 5.37990660e+09  1.63943048e-02 
 5.50527749e+09  1.66462375e-02 
 5.63356997e+09  1.68015728e-02 
 5.76485211e+09  1.71294023e-02 
 5.89919360e+09  1.73680365e-02 
 6.03666571e+09  1.76527214e-02 
 6.17734142e+09  1.79489309e-02 
 6.32129537e+09  1.82667386e-02 
 6.46860395e+09  1.86225880e-02 
 6.61934535e+09  1.90832353e-02 
 6.77359956e+09  1.97637299e-02 
 6.93144843e+09  1.89965204e-02 
 7.09297575e+09  1.97501801e-02 
 7.25826722e+09  2.06950176e-02 
 7.42741057e+09  2.18370152e-02 
 7.60049556e+09  2.09962534e-02 
 7.77761404e+09  1.95109880e-02 
 7.95886001e+09  2.01448794e-02 
 8.14432966e+09  2.11852593e-02 
 8.33412140e+09  2.27073254e-02 
 8.52833597e+09  2.39758138e-02 
 8.72707642e+09  1.80078890e-02 
 8.93044823e+09  2.11716736e-02 
 9.13855932e+09  2.20908573e-02 
 9.35152014e+09  2.27114625e-02 
 9.56944371e+09  2.32865108e-02 
 9.79244566e+09  2.38138832e-02 
 1.00206443e+10  2.43282351e-02 
 1.02541609e+10  2.48406467e-02 
 1.04931192e+10  2.53570332e-02 
 1.07376460e+10  2.58811372e-02 
 1.09878712e+10  2.64156457e-02 
 1.12439276e+10  2.69627321e-02 
 1.15059509e+10  2.75243784e-02 
 1.17740804e+10  2.81026237e-02 
 1.20484582e+10  2.86998349e-02 
 1.23292299e+10  2.93191043e-02 
 1.26165447e+10  2.99649899e-02 
 1.29105549e+10  3.06451453e-02 
 1.32114166e+10  3.13745913e-02 
 1.35192894e+10  3.21897215e-02 
 1.38343368e+10  3.32123918e-02 
 1.41567259e+10  3.48023462e-02 
 1.44866277e+10  3.25295798e-02 
 1.48242175e+10  3.43994479e-02 
 1.51696743e+10  3.36802860e-02 
 1.55231815e+10  3.53044692e-02 
 1.58849266e+10  3.64534039e-02 
 1.62551017e+10  3.74303762e-02 
 1.66339032e+10  3.82590405e-02 
 1.70215321e+10  3.88641848e-02 
 1.74181941e+10  3.93899131e-02 
 1.78240998e+10  4.00749127e-02 
 1.82394645e+10  4.09273742e-02 
 1.86645086e+10  4.18735216e-02 
 1.90994578e+10  4.28705050e-02 
 1.95445429e+10  4.39022290e-02 
 2.00000000e+10  4.49643315e-02 
