 1.00000000e+08  2.53360247e-02 
 1.02329299e+08  2.54696354e-02 
 1.04712855e+08  2.56091768e-02 
 1.07151931e+08  2.57549522e-02 
 1.09647820e+08  2.59072820e-02 
 1.12201845e+08  2.60665042e-02 
 1.14815362e+08  2.62329757e-02 
 1.17489755e+08  2.64070738e-02 
 1.20226443e+08  2.65891977e-02 
 1.23026877e+08  2.67797694e-02 
 1.25892541e+08  2.69792358e-02 
 1.28824955e+08  2.71880705e-02 
 1.31825674e+08  2.74067749e-02 
 1.34896288e+08  2.76358812e-02 
 1.38038426e+08  2.78759535e-02 
 1.41253754e+08  2.81275906e-02 
 1.44543977e+08  2.83914283e-02 
 1.47910839e+08  2.86681415e-02 
 1.51356125e+08  2.89584469e-02 
 1.54881662e+08  2.92631060e-02 
 1.58489319e+08  2.95829270e-02 
 1.62181010e+08  2.99187683e-02 
 1.65958691e+08  3.02715406e-02 
 1.69824365e+08  3.06422095e-02 
 1.73780083e+08  3.10317979e-02 
 1.77827941e+08  3.14413876e-02 
 1.81970086e+08  3.18721205e-02 
 1.86208714e+08  3.23251991e-02 
 1.90546072e+08  3.28018853e-02 
 1.94984460e+08  3.33034980e-02 
 1.99526231e+08  3.38314081e-02 
 2.04173794e+08  3.43870303e-02 
 2.08929613e+08  3.49718108e-02 
 2.13796209e+08  3.55872105e-02 
 2.18776162e+08  3.62346797e-02 
 2.23872114e+08  3.69156247e-02 
 2.29086765e+08  3.76313629e-02 
 2.34422882e+08  3.83830626e-02 
 2.39883292e+08  3.91716639e-02 
 2.45470892e+08  3.99977771e-02 
 2.51188643e+08  4.08615518e-02 
 2.57039578e+08  4.17625112e-02 
 2.63026799e+08  4.26993459e-02 
 2.69153480e+08  4.36696602e-02 
 2.75422870e+08  4.46696680e-02 
 2.81838293e+08  4.56938364e-02 
 2.88403150e+08  4.67344828e-02 
 2.95120923e+08  4.77813430e-02 
 3.01995172e+08  4.88211409e-02 
 3.09029543e+08  4.98372125e-02 
 3.16227766e+08  5.08092654e-02 
 3.23593657e+08  5.17133754e-02 
 3.31131121e+08  5.25223488e-02 
 3.38844156e+08  5.32065707e-02 
 3.46736850e+08  5.37354321e-02 
 3.54813389e+08  5.40793376e-02 
 3.63078055e+08  5.42121719e-02 
 3.71535229e+08  5.41139414e-02 
 3.80189396e+08  5.37731756e-02 
 3.89045145e+08  5.31886239e-02 
 3.98107171e+08  5.23698641e-02 
 4.07380278e+08  5.13366499e-02 
 4.16869383e+08  5.01171027e-02 
 4.26579519e+08  4.87451005e-02 
 4.36515832e+08  4.72573539e-02 
 4.46683592e+08  4.56906431e-02 
 4.57088190e+08  4.40795690e-02 
 4.67735141e+08  4.24549914e-02 
 4.78630092e+08  4.08431633e-02 
 4.89778819e+08  3.92654605e-02 
 5.01187234e+08  3.77385492e-02 
 5.12861384e+08  3.62748333e-02 
 5.24807460e+08  3.48830429e-02 
 5.37031796e+08  3.35688650e-02 
 5.49540874e+08  3.23355484e-02 
 5.62341325e+08  3.11844464e-02 
 5.75439937e+08  3.01154814e-02 
 5.88843655e+08  2.91275287e-02 
 6.02559586e+08  2.82187246e-02 
 6.16595002e+08  2.73867093e-02 
 6.30957344e+08  2.66288142e-02 
 6.45654229e+08  2.59422055e-02 
 6.60693448e+08  2.53239919e-02 
 6.76082975e+08  2.47713071e-02 
 6.91830971e+08  2.42813710e-02 
 7.07945784e+08  2.38515377e-02 
 7.24435960e+08  2.34793329e-02 
 7.41310241e+08  2.31624849e-02 
 7.58577575e+08  2.28989507e-02 
 7.76247117e+08  2.26869401e-02 
 7.94328235e+08  2.25249365e-02 
 8.12830516e+08  2.24117164e-02 
 8.31763771e+08  2.23463632e-02 
 8.51138038e+08  2.23282736e-02 
 8.70963590e+08  2.23571487e-02 
 8.91250938e+08  2.24329589e-02 
 9.12010839e+08  2.25558627e-02 
 9.33254301e+08  2.27260513e-02 
 9.54992586e+08  2.29434725e-02 
 9.77237221e+08  2.32073706e-02 
 1.00000000e+09  2.35155558e-02 
 1.02329299e+09  2.38633099e-02 
 1.04712855e+09  2.42418656e-02 
 1.07151931e+09  2.46365303e-02 
 1.09647820e+09  2.50248411e-02 
 1.12201845e+09  2.53756924e-02 
 1.14815362e+09  2.56510084e-02 
 1.17489755e+09  2.58116234e-02 
 1.20226443e+09  2.58275537e-02 
 1.23026877e+09  2.56895436e-02 
 1.25892541e+09  2.54158223e-02 
 1.28824955e+09  2.50492410e-02 
 1.31825674e+09  2.46458539e-02 
 1.34896288e+09  2.42613942e-02 
 1.38038426e+09  2.39420715e-02 
 1.41253754e+09  2.37219283e-02 
 1.44543977e+09  2.36251887e-02 
 1.47910839e+09  2.36708192e-02 
 1.51356125e+09  2.38770779e-02 
 1.54881662e+09  2.42645453e-02 
 1.58489319e+09  2.48560819e-02 
 1.62181010e+09  2.56711269e-02 
 1.65958691e+09  2.67107437e-02 
 1.69824365e+09  2.79330852e-02 
 1.73780083e+09  2.92342851e-02 
 1.77827941e+09  3.04701685e-02 
 1.81970086e+09  3.15279787e-02 
 1.86208714e+09  3.23737460e-02 
 1.90546072e+09  3.30147867e-02 
 1.94984460e+09  3.34460856e-02 
 1.99526231e+09  3.36543245e-02 
 2.04173794e+09  3.36533221e-02 
 2.08929613e+09  3.35007209e-02 
 2.13796209e+09  3.32843035e-02 
 2.18776162e+09  3.30897198e-02 
 2.23872114e+09  3.29680016e-02 
 2.29086765e+09  3.29263008e-02 
 2.34422882e+09  3.29470584e-02 
 2.39883292e+09  3.30119780e-02 
 2.45470892e+09  3.31120493e-02 
 2.51188643e+09  3.32463951e-02 
 2.57039578e+09  3.34185846e-02 
 2.63026799e+09  3.36343841e-02 
 2.69153480e+09  3.39013506e-02 
 2.75422870e+09  3.42299386e-02 
 2.81838293e+09  3.46363807e-02 
 2.88403150e+09  3.51491548e-02 
 2.95120923e+09  3.58253072e-02 
 3.01995172e+09  3.68004505e-02 
 3.09029543e+09  3.84830352e-02 
 3.16227766e+09  4.07644307e-02 
 3.23593657e+09  2.93559710e-02 
 3.31131121e+09  2.69448487e-02 
 3.38844156e+09  3.38338957e-02 
 3.46736850e+09  3.57667736e-02 
 3.54813389e+09  3.72724011e-02 
 3.63078055e+09  3.89542595e-02 
 3.71535229e+09  4.23126928e-02 
 3.80189396e+09  3.51717631e-02 
 3.89045145e+09  4.04330345e-02 
 3.98107171e+09  4.35460655e-02 
 4.07380278e+09  4.90377325e-02 
 4.16869383e+09  3.02114678e-02 
 4.26579519e+09  4.28247199e-02 
 4.36515832e+09  4.99216555e-02 
 4.46683592e+09  5.60332039e-02 
 4.57088190e+09  4.42136906e-02 
 4.67735141e+09  3.04285458e-02 
 4.78630092e+09  3.97559790e-02 
 4.89778819e+09  5.10027442e-02 
 5.01187234e+09  4.01766360e-02 
 5.12861384e+09  4.44734627e-02 
 5.24807460e+09  5.21447201e-02 
 5.37031796e+09  6.05183427e-02 
 5.49540874e+09  5.03805719e-02 
 5.62341325e+09  6.09991782e-02 
 5.75439937e+09  5.41894392e-02 
 5.88843655e+09  5.30315654e-02 
 6.02559586e+09  4.41817662e-02 
 6.16595002e+09  3.92621728e-02 
 6.30957344e+09  3.95111843e-02 
 6.45654229e+09  4.49597174e-02 
 6.60693448e+09  6.21383397e-02 
 6.76082975e+09  6.73927005e-02 
 6.91830971e+09  9.50842574e-02 
 7.07945784e+09  6.97501838e-02 
 7.24435960e+09  3.69971832e-02 
 7.41310241e+09  1.77090299e-01 
 7.58577575e+09  2.57805986e-02 
 7.76247117e+09  4.35798242e-02 
 7.94328235e+09  2.37676361e-02 
 8.12830516e+09  3.29190496e-02 
 8.31763771e+09  3.92362639e-02 
 8.51138038e+09  4.01029559e-02 
 8.70963590e+09  4.57427489e-02 
 8.91250938e+09  1.92566221e-02 
 9.12010839e+09  3.79260762e-02 
 9.33254301e+09  4.46296168e-02 
 9.54992586e+09  5.16959948e-02 
 9.77237221e+09  4.77693470e-02 
 1.00000000e+10  5.27075049e-02 
 1.02329299e+10  5.60915037e-02 
 1.04712855e+10  5.92936910e-02 
 1.07151931e+10  6.25583399e-02 
 1.09647820e+10  6.60031355e-02 
 1.12201845e+10  6.97330251e-02 
 1.14815362e+10  7.38749767e-02 
 1.17489755e+10  7.86119162e-02 
 1.20226443e+10  8.42430920e-02 
 1.23026877e+10  9.13225271e-02 
 1.25892541e+10  1.01041205e-01 
 1.28824955e+10  1.16537948e-01 
 1.31825674e+10  1.48400662e-01 
 1.34896288e+10  1.56419213e-01 
 1.38038426e+10  4.33041983e-02 
 1.41253754e+10  7.87093595e-02 
 1.44543977e+10  9.36548566e-02 
 1.47910839e+10  8.59045364e-02 
 1.51356125e+10  1.54383843e-01 
 1.54881662e+10  8.92024822e-02 
 1.58489319e+10  1.08712445e-01 
 1.62181010e+10  1.23605666e-01 
 1.65958691e+10  1.38935347e-01 
 1.69824365e+10  1.56273033e-01 
 1.73780083e+10  1.76920684e-01 
 1.77827941e+10  2.02434004e-01 
 1.81970086e+10  2.34810779e-01 
 1.86208714e+10  2.76180437e-01 
 1.90546072e+10  3.26381283e-01 
 1.94984460e+10  3.74164736e-01 
 1.99526231e+10  3.87228246e-01 
