 1.00000000e+08  2.05836537e-02 
 1.02329299e+08  2.08038426e-02 
 1.04712855e+08  2.10337061e-02 
 1.07151931e+08  2.12736440e-02 
 1.09647820e+08  2.15240582e-02 
 1.12201845e+08  2.17853480e-02 
 1.14815362e+08  2.20579041e-02 
 1.17489755e+08  2.23420999e-02 
 1.20226443e+08  2.26382815e-02 
 1.23026877e+08  2.29467543e-02 
 1.25892541e+08  2.32677662e-02 
 1.28824955e+08  2.36014866e-02 
 1.31825674e+08  2.39479798e-02 
 1.34896288e+08  2.43071730e-02 
 1.38038426e+08  2.46788156e-02 
 1.41253754e+08  2.50624309e-02 
 1.44543977e+08  2.54572562e-02 
 1.47910839e+08  2.58621725e-02 
 1.51356125e+08  2.62756209e-02 
 1.54881662e+08  2.66955052e-02 
 1.58489319e+08  2.71190817e-02 
 1.62181010e+08  2.75428378e-02 
 1.65958691e+08  2.79623627e-02 
 1.69824365e+08  2.83722193e-02 
 1.73780083e+08  2.87658273e-02 
 1.77827941e+08  2.91353765e-02 
 1.81970086e+08  2.94717937e-02 
 1.86208714e+08  2.97647921e-02 
 1.90546072e+08  3.00030365e-02 
 1.94984460e+08  3.01744571e-02 
 1.99526231e+08  3.02667337e-02 
 2.04173794e+08  3.02679546e-02 
 2.08929613e+08  3.01674244e-02 
 2.13796209e+08  2.99565543e-02 
 2.18776162e+08  2.96297334e-02 
 2.23872114e+08  2.91850538e-02 
 2.29086765e+08  2.86247605e-02 
 2.34422882e+08  2.79553312e-02 
 2.39883292e+08  2.71871525e-02 
 2.45470892e+08  2.63338296e-02 
 2.51188643e+08  2.54112376e-02 
 2.57039578e+08  2.44364575e-02 
 2.63026799e+08  2.34267438e-02 
 2.69153480e+08  2.23986429e-02 
 2.75422870e+08  2.13673333e-02 
 2.81838293e+08  2.03462105e-02 
 2.88403150e+08  1.93466991e-02 
 2.95120923e+08  1.83782504e-02 
 3.01995172e+08  1.74484733e-02 
 3.09029543e+08  1.65633493e-02 
 3.16227766e+08  1.57274872e-02 
 3.23593657e+08  1.49443873e-02 
 3.31131121e+08  1.42166919e-02 
 3.38844156e+08  1.35464086e-02 
 3.46736850e+08  1.29351012e-02 
 3.54813389e+08  1.23840446e-02 
 3.63078055e+08  1.18943475e-02 
 3.71535229e+08  1.14670471e-02 
 3.80189396e+08  1.11031870e-02 
 3.89045145e+08  1.08038912e-02 
 3.98107171e+08  1.05704555e-02 
 4.07380278e+08  1.04044887e-02 
 4.16869383e+08  1.03081488e-02 
 4.26579519e+08  1.02845495e-02 
 4.36515832e+08  1.03384686e-02 
 4.46683592e+08  1.04776139e-02 
 4.57088190e+08  1.07150020e-02 
 4.67735141e+08  1.10738099e-02 
 4.78630092e+08  1.15984966e-02 
 4.89778819e+08  1.23848277e-02 
 5.01187234e+08  1.36808633e-02 
 5.12861384e+08  1.61826028e-02 
 5.24807460e+08  1.65974800e-02 
 5.37031796e+08  2.32603338e-02 
 5.49540874e+08  2.80988872e-02 
 5.62341325e+08  1.36243155e-02 
 5.75439937e+08  1.23871898e-02 
 5.88843655e+08  1.36048755e-02 
 6.02559586e+08  1.60601324e-02 
 6.16595002e+08  2.15598228e-02 
 6.30957344e+08  2.04600546e-02 
 6.45654229e+08  2.60049626e-02 
 6.60693448e+08  1.80178821e-02 
 6.76082975e+08  2.47719539e-02 
 6.91830971e+08  2.26901080e-02 
 7.07945784e+08  2.02043193e-02 
 7.24435960e+08  1.52711452e-02 
 7.41310241e+08  1.39788766e-02 
 7.58577575e+08  8.43592302e-03 
 7.76247117e+08  1.18137520e-02 
 7.94328235e+08  1.60347851e-02 
 8.12830516e+08  1.87029754e-02 
 8.31763771e+08  2.44978001e-02 
 8.51138038e+08  2.93264040e-02 
 8.70963590e+08  2.97865953e-02 
 8.91250938e+08  1.95518729e-02 
 9.12010839e+08  2.89086508e-02 
 9.33254301e+08  2.58351163e-02 
 9.54992586e+08  2.29975570e-02 
 9.77237221e+08  2.06551772e-02 
 1.00000000e+09  1.85543800e-02 
 1.02329299e+09  1.65637964e-02 
 1.04712855e+09  1.68071587e-02 
 1.07151931e+09  1.73659185e-02 
 1.09647820e+09  2.11923376e-02 
 1.12201845e+09  2.37444551e-02 
 1.14815362e+09  2.78841440e-02 
 1.17489755e+09  3.04851586e-02 
 1.20226443e+09  3.16710605e-02 
 1.23026877e+09  3.11524187e-02 
 1.25892541e+09  2.84874908e-02 
 1.28824955e+09  2.34596411e-02 
 1.31825674e+09  1.87319174e-02 
 1.34896288e+09  2.65056770e-02 
 1.38038426e+09  3.29808464e-02 
 1.41253754e+09  3.15940684e-02 
 1.44543977e+09  2.90329357e-02 
 1.47910839e+09  2.68499730e-02 
 1.51356125e+09  2.50706434e-02 
 1.54881662e+09  2.35457636e-02 
 1.58489319e+09  2.28309811e-02 
 1.62181010e+09  2.61628822e-02 
 1.65958691e+09  2.69002703e-02 
 1.69824365e+09  2.45964928e-02 
 1.73780083e+09  2.23039583e-02 
 1.77827941e+09  1.99068255e-02 
 1.81970086e+09  1.96059250e-02 
 1.86208714e+09  1.85103948e-02 
 1.90546072e+09  1.66275130e-02 
 1.94984460e+09  1.51126749e-02 
 1.99526231e+09  1.38630037e-02 
 2.04173794e+09  1.28399486e-02 
 2.08929613e+09  1.20308647e-02 
 2.13796209e+09  1.14284399e-02 
 2.18776162e+09  1.10236033e-02 
 2.23872114e+09  1.08005738e-02 
 2.29086765e+09  1.07332644e-02 
 2.34422882e+09  1.07855835e-02 
 2.39883292e+09  1.09175086e-02 
 2.45470892e+09  1.10944620e-02 
 2.51188643e+09  1.12941556e-02 
 2.57039578e+09  1.15073011e-02 
 2.63026799e+09  1.17336677e-02 
 2.69153480e+09  1.19773048e-02 
 2.75422870e+09  1.22434447e-02 
 2.81838293e+09  1.25375766e-02 
 2.88403150e+09  1.28664435e-02 
 2.95120923e+09  1.32416738e-02 
 3.01995172e+09  1.36916115e-02 
 3.09029543e+09  1.43191541e-02 
 3.16227766e+09  1.53220060e-02 
 3.23593657e+09  1.42750362e-02 
 3.31131121e+09  1.60358563e-02 
 3.38844156e+09  1.42401106e-02 
 3.46736850e+09  1.50010995e-02 
 3.54813389e+09  1.56504153e-02 
 3.63078055e+09  1.62974815e-02 
 3.71535229e+09  1.69470979e-02 
 3.80189396e+09  1.76941764e-02 
 3.89045145e+09  1.77386721e-02 
 3.98107171e+09  1.90521001e-02 
 4.07380278e+09  2.05868599e-02 
 4.16869383e+09  1.64189262e-02 
 4.26579519e+09  1.98834281e-02 
 4.36515832e+09  2.14480283e-02 
 4.46683592e+09  2.29257330e-02 
 4.57088190e+09  2.54884436e-02 
 4.67735141e+09  3.09388778e-02 
 4.78630092e+09  1.80146106e-02 
 4.89778819e+09  2.44211278e-02 
 5.01187234e+09  2.44555347e-02 
 5.12861384e+09  2.36339832e-02 
 5.24807460e+09  2.69178701e-02 
 5.37031796e+09  3.12220589e-02 
 5.49540874e+09  3.94388714e-02 
 5.62341325e+09  4.84383117e-02 
 5.75439937e+09  1.95510462e-02 
 5.88843655e+09  2.55028134e-02 
 6.02559586e+09  2.61693283e-02 
 6.16595002e+09  2.75990429e-02 
 6.30957344e+09  2.95865879e-02 
 6.45654229e+09  3.19565963e-02 
 6.60693448e+09  3.09880852e-02 
 6.76082975e+09  2.80732837e-02 
 6.91830971e+09  2.98147297e-02 
 7.07945784e+09  4.29280145e-02 
 7.24435960e+09  4.65905254e-02 
 7.41310241e+09  1.00981527e-01 
 7.58577575e+09  2.35713330e-02 
 7.76247117e+09  3.44422621e-02 
 7.94328235e+09  1.70060294e-02 
 8.12830516e+09  2.86222868e-02 
 8.31763771e+09  2.54268541e-02 
 8.51138038e+09  2.80049287e-02 
 8.70963590e+09  2.77825870e-02 
 8.91250938e+09  3.06883884e-02 
 9.12010839e+09  3.27774861e-02 
 9.33254301e+09  3.49028909e-02 
 9.54992586e+09  3.83755395e-02 
 9.77237221e+09  3.72503252e-02 
 1.00000000e+10  3.96856045e-02 
 1.02329299e+10  4.17483139e-02 
 1.04712855e+10  4.38326312e-02 
 1.07151931e+10  4.60245228e-02 
 1.09647820e+10  4.83755408e-02 
 1.12201845e+10  5.09326274e-02 
 1.14815362e+10  5.37390673e-02 
 1.17489755e+10  5.68163061e-02 
 1.20226443e+10  6.01004840e-02 
 1.23026877e+10  6.32622210e-02 
 1.25892541e+10  6.53145712e-02 
 1.28824955e+10  6.43591943e-02 
 1.31825674e+10  5.93247100e-02 
 1.34896288e+10  5.31019013e-02 
 1.38038426e+10  4.96807549e-02 
 1.41253754e+10  4.98184430e-02 
 1.44543977e+10  5.53607254e-02 
 1.47910839e+10  5.74751471e-02 
 1.51356125e+10  5.97927651e-02 
 1.54881662e+10  5.94059009e-02 
 1.58489319e+10  6.71727782e-02 
 1.62181010e+10  7.18510334e-02 
 1.65958691e+10  7.65444382e-02 
 1.69824365e+10  8.16397888e-02 
 1.73780083e+10  8.72833780e-02 
 1.77827941e+10  9.36204850e-02 
 1.81970086e+10  1.00836421e-01 
 1.86208714e+10  1.09180307e-01 
 1.90546072e+10  1.18995885e-01 
 1.94984460e+10  1.30769034e-01 
 1.99526231e+10  1.45203320e-01 
