 1.00000000e+08  1.80507306e-02 
 1.02330354e+08  1.81797468e-02 
 1.04715014e+08  1.83141040e-02 
 1.07155245e+08  1.84540429e-02 
 1.09652342e+08  1.85998177e-02 
 1.12207630e+08  1.87516962e-02 
 1.14822466e+08  1.89099623e-02 
 1.17498236e+08  1.90749161e-02 
 1.20236362e+08  1.92468765e-02 
 1.23038295e+08  1.94261825e-02 
 1.25905523e+08  1.96131953e-02 
 1.28839568e+08  1.98083009e-02 
 1.31841987e+08  2.00119126e-02 
 1.34914372e+08  2.02244743e-02 
 1.38058355e+08  2.04464645e-02 
 1.41275604e+08  2.06784006e-02 
 1.44567827e+08  2.09208439e-02 
 1.47936769e+08  2.11744063e-02 
 1.51384220e+08  2.14397574e-02 
 1.54912009e+08  2.17176341e-02 
 1.58522008e+08  2.20088509e-02 
 1.62216133e+08  2.23143140e-02 
 1.65996343e+08  2.26350377e-02 
 1.69864646e+08  2.29721650e-02 
 1.73823095e+08  2.33269941e-02 
 1.77873789e+08  2.37010112e-02 
 1.82018879e+08  2.40959331e-02 
 1.86260564e+08  2.45137626e-02 
 1.90601095e+08  2.49568605e-02 
 1.95042776e+08  2.54280424e-02 
 1.99587964e+08  2.59307083e-02 
 2.04239071e+08  2.64690200e-02 
 2.08998565e+08  2.70481463e-02 
 2.13868972e+08  2.76746083e-02 
 2.18852877e+08  2.83567677e-02 
 2.23952925e+08  2.91055269e-02 
 2.29171822e+08  2.99353249e-02 
 2.34512337e+08  3.08655111e-02 
 2.39977306e+08  3.19220304e-02 
 2.45569627e+08  3.31385792e-02 
 2.51292270e+08  3.45529029e-02 
 2.57148271e+08  3.61781038e-02 
 2.63140737e+08  3.78533854e-02 
 2.69272848e+08  3.85285658e-02 
 2.75547860e+08  3.38713056e-02 
 2.81969102e+08  1.91619727e-02 
 2.88539981e+08  9.43388972e-03 
 2.95263985e+08  1.41767953e-02 
 3.02144683e+08  1.92314649e-02 
 3.09185725e+08  2.28393237e-02 
 3.16390848e+08  2.55426241e-02 
 3.23763876e+08  2.77158406e-02 
 3.31308722e+08  2.95702892e-02 
 3.39029389e+08  3.12279081e-02 
 3.46929975e+08  3.27624553e-02 
 3.55014673e+08  3.42205511e-02 
 3.63287773e+08  3.56326478e-02 
 3.71753666e+08  3.70189505e-02 
 3.80416844e+08  3.83926953e-02 
 3.89281904e+08  3.97619684e-02 
 3.98353552e+08  4.11306705e-02 
 4.07636602e+08  4.24989496e-02 
 4.17135980e+08  4.38632853e-02 
 4.26856726e+08  4.52163405e-02 
 4.36804001e+08  4.65466702e-02 
 4.46983082e+08  4.78383755e-02 
 4.57399372e+08  4.90708101e-02 
 4.68058398e+08  5.02184742e-02 
 4.78965818e+08  5.12512617e-02 
 4.90127419e+08  5.21352450e-02 
 5.01549125e+08  5.28341609e-02 
 5.13236997e+08  5.33116867e-02 
 5.25197238e+08  5.35344398e-02 
 5.37436195e+08  5.34754238e-02 
 5.49960363e+08  5.31174190e-02 
 5.62776388e+08  5.24556759e-02 
 5.75891073e+08  5.14992990e-02 
 5.89311376e+08  5.02709487e-02 
 6.03044419e+08  4.88048706e-02 
 6.17097492e+08  4.71436640e-02 
 6.31478050e+08  4.53344511e-02 
 6.46193727e+08  4.34251509e-02 
 6.61252331e+08  4.14614027e-02 
 6.76661854e+08  3.94844244e-02 
 6.92430473e+08  3.75298448e-02 
 7.08566557e+08  3.56273653e-02 
 7.25078669e+08  3.38010265e-02 
 7.41975572e+08  3.20698418e-02 
 7.59266232e+08  3.04485974e-02 
 7.76959826e+08  2.89486678e-02 
 7.95065744e+08  2.75787494e-02 
 8.13593593e+08  2.63454540e-02 
 8.32553207e+08  2.52537397e-02 
 8.51954648e+08  2.43071764e-02 
 8.71808210e+08  2.35080665e-02 
 8.92124431e+08  2.28574542e-02 
 9.12914092e+08  2.23550712e-02 
 9.34188226e+08  2.19992743e-02 
 9.55958123e+08  2.17870264e-02 
 9.78235335e+08  2.17139619e-02 
 1.00103169e+09  2.17745542e-02 
 1.02435927e+09  2.19623775e-02 
 1.04823047e+09  2.22704359e-02 
 1.07265796e+09  2.26915174e-02 
 1.09765469e+09  2.32185350e-02 
 1.12323393e+09  2.38448225e-02 
 1.14940927e+09  2.45643691e-02 
 1.17619457e+09  2.53719873e-02 
 1.20360408e+09  2.62634205e-02 
 1.23165232e+09  2.72354022e-02 
 1.26035418e+09  2.82856790e-02 
 1.28972490e+09  2.94130106e-02 
 1.31978006e+09  3.06171583e-02 
 1.35053561e+09  3.18988699e-02 
 1.38200788e+09  3.32598670e-02 
 1.41421356e+09  3.47028388e-02 
 1.44716975e+09  3.62314452e-02 
 1.48089393e+09  3.78503282e-02 
 1.51540401e+09  3.95651318e-02 
 1.55071830e+09  4.13825263e-02 
 1.58685553e+09  4.33102313e-02 
 1.62383489e+09  4.53570276e-02 
 1.66167599e+09  4.75327414e-02 
 1.70039893e+09  4.98481761e-02 
 1.74002425e+09  5.23149506e-02 
 1.78057299e+09  5.49451827e-02 
 1.82206665e+09  5.77509200e-02 
 1.86452726e+09  6.07431705e-02 
 1.90797735e+09  6.39303115e-02 
 1.95243999e+09  6.73155498e-02 
 1.99793876e+09  7.08929767e-02 
 2.04449781e+09  7.46416197e-02 
 2.09214185e+09  7.85168202e-02 
 2.14089617e+09  8.24384311e-02 
 2.19078664e+09  8.62761044e-02 
 2.24183974e+09  8.98338916e-02 
 2.29408255e+09  9.28400524e-02 
 2.34754280e+09  9.49528792e-02 
 2.40224887e+09  9.57960994e-02 
 2.45822978e+09  9.50308674e-02 
 2.51551525e+09  9.24499274e-02 
 2.57413567e+09  8.80524898e-02 
 2.63412215e+09  8.20534483e-02 
 2.69550653e+09  7.48150528e-02 
 2.75832139e+09  6.67370518e-02 
 2.82260005e+09  5.81579940e-02 
 2.88837664e+09  4.92983690e-02 
 2.95568605e+09  4.02480515e-02 
 3.02456401e+09  3.10051146e-02 
 3.09504707e+09  2.17151928e-02 
 3.16717263e+09  1.44586382e-02 
 3.24097898e+09  1.92459976e-02 
 3.31650528e+09  4.03190570e-02 
 3.39379160e+09  7.75811319e-02 
 3.47287898e+09  1.13719817e-01 
 3.55380937e+09  1.04460229e-01 
 3.63662572e+09  7.57479504e-02 
 3.72137199e+09  5.96131720e-02 
 3.80809314e+09  4.80177929e-02 
 3.89683521e+09  3.95513782e-02 
 3.98764528e+09  3.31277580e-02 
 4.08057155e+09  2.81040951e-02 
 4.17566333e+09  2.39968612e-02 
 4.27297108e+09  2.13286003e-02 
 4.37254645e+09  1.96129235e-02 
 4.47444228e+09  1.90267906e-02 
 4.57871264e+09  1.97277868e-02 
 4.68541287e+09  2.21886004e-02 
 4.79459960e+09  1.64588115e-02 
 4.90633076e+09  3.38715498e-02 
 5.02066566e+09  8.32597574e-02 
 5.13766496e+09  4.67306111e-02 
 5.25739076e+09  1.86022271e-02 
 5.37990660e+09  2.47713554e-02 
 5.50527749e+09  2.98253793e-02 
 5.63356997e+09  2.95770505e-02 
 5.76485211e+09  3.60424175e-02 
 5.89919360e+09  4.29550468e-02 
 6.03666571e+09  6.38136252e-02 
 6.17734142e+09  4.03240235e-02 
 6.32129537e+09  5.15270987e-02 
 6.46860395e+09  6.33116015e-02 
 6.61934535e+09  5.71301428e-02 
 6.77359956e+09  7.93533126e-02 
 6.93144843e+09  1.00316173e-01 
 7.09297575e+09  1.71142380e-01 
 7.25826722e+09  1.37466246e-01 
 7.42741057e+09  7.65331942e-02 
 7.60049556e+09  1.53126564e-01 
 7.77761404e+09  7.57633621e-02 
 7.95886001e+09  3.19860455e-02 
 8.14432966e+09  5.60800427e-02 
 8.33412140e+09  6.08727710e-02 
 8.52833597e+09  4.43727202e-02 
 8.72707642e+09  1.25454199e-02 
 8.93044823e+09  1.45615163e-02 
 9.13855932e+09  3.68595546e-02 
 9.35152014e+09  4.02253731e-02 
 9.56944371e+09  4.74932201e-02 
 9.79244566e+09  5.79797807e-02 
 1.00206443e+10  6.62817297e-02 
 1.02541609e+10  7.46892135e-02 
 1.04931192e+10  8.35450721e-02 
 1.07376460e+10  9.32807112e-02 
 1.09878712e+10  1.04354154e-01 
 1.12439276e+10  1.17355605e-01 
 1.15059509e+10  1.33040076e-01 
 1.17740804e+10  1.52077303e-01 
 1.20484582e+10  1.73293916e-01 
 1.23292299e+10  1.86404407e-01 
 1.26165447e+10  1.65872518e-01 
 1.29105549e+10  1.16255878e-01 
 1.32114166e+10  8.14328055e-02 
 1.35192894e+10  7.77154905e-02 
 1.38343368e+10  9.37705995e-02 
 1.41567259e+10  1.19670310e-01 
 1.44866277e+10  1.68856611e-01 
 1.48242175e+10  1.85816491e-01 
 1.51696743e+10  1.96757157e-01 
 1.55231815e+10  2.81564756e-01 
 1.58849266e+10  3.49958544e-01 
 1.62551017e+10  3.02803783e-01 
 1.66339032e+10  2.96662287e-01 
 1.70215321e+10  3.53292580e-01 
 1.74181941e+10  4.38181797e-01 
 1.78240998e+10  5.06733245e-01 
 1.82394645e+10  4.99545274e-01 
 1.86645086e+10  4.26829228e-01 
 1.90994578e+10  3.45516525e-01 
 1.95445429e+10  2.79911302e-01 
 2.00000000e+10  2.30567882e-01 
