 1.00000000e+08  1.81843572e-02 
 1.02329299e+08  1.83332792e-02 
 1.04712855e+08  1.84887086e-02 
 1.07151931e+08  1.86509572e-02 
 1.09647820e+08  1.88203549e-02 
 1.12201845e+08  1.89972508e-02 
 1.14815362e+08  1.91820149e-02 
 1.17489755e+08  1.93750389e-02 
 1.20226443e+08  1.95767382e-02 
 1.23026877e+08  1.97875536e-02 
 1.25892541e+08  2.00079528e-02 
 1.28824955e+08  2.02384323e-02 
 1.31825674e+08  2.04795197e-02 
 1.34896288e+08  2.07317755e-02 
 1.38038426e+08  2.09957951e-02 
 1.41253754e+08  2.12722119e-02 
 1.44543977e+08  2.15616987e-02 
 1.47910839e+08  2.18649707e-02 
 1.51356125e+08  2.21827882e-02 
 1.54881662e+08  2.25159581e-02 
 1.58489319e+08  2.28653370e-02 
 1.62181010e+08  2.32318332e-02 
 1.65958691e+08  2.36164077e-02 
 1.69824365e+08  2.40200763e-02 
 1.73780083e+08  2.44439092e-02 
 1.77827941e+08  2.48890304e-02 
 1.81970086e+08  2.53566154e-02 
 1.86208714e+08  2.58478865e-02 
 1.90546072e+08  2.63641051e-02 
 1.94984460e+08  2.69065603e-02 
 1.99526231e+08  2.74765521e-02 
 2.04173794e+08  2.80753677e-02 
 2.08929613e+08  2.87042485e-02 
 2.13796209e+08  2.93643460e-02 
 2.18776162e+08  3.00566614e-02 
 2.23872114e+08  3.07819667e-02 
 2.29086765e+08  3.15407009e-02 
 2.34422882e+08  3.23328350e-02 
 2.39883292e+08  3.31576999e-02 
 2.45470892e+08  3.40137689e-02 
 2.51188643e+08  3.48983868e-02 
 2.57039578e+08  3.58074418e-02 
 2.63026799e+08  3.67349755e-02 
 2.69153480e+08  3.76727396e-02 
 2.75422870e+08  3.86097151e-02 
 2.81838293e+08  3.95316341e-02 
 2.88403150e+08  4.04205680e-02 
 2.95120923e+08  4.12546826e-02 
 3.01995172e+08  4.20082915e-02 
 3.09029543e+08  4.26523667e-02 
 3.16227766e+08  4.31556555e-02 
 3.23593657e+08  4.34864963e-02 
 3.31131121e+08  4.36152985e-02 
 3.38844156e+08  4.35174636e-02 
 3.46736850e+08  4.31763190e-02 
 3.54813389e+08  4.25854950e-02 
 3.63078055e+08  4.17501872e-02 
 3.71535229e+08  4.06869488e-02 
 3.80189396e+08  3.94220046e-02 
 3.89045145e+08  3.79884374e-02 
 3.98107171e+08  3.64228385e-02 
 4.07380278e+08  3.47620448e-02 
 4.16869383e+08  3.30404416e-02 
 4.26579519e+08  3.12880750e-02 
 4.36515832e+08  2.95295898e-02 
 4.46683592e+08  2.77838481e-02 
 4.57088190e+08  2.60640114e-02 
 4.67735141e+08  2.43778505e-02 
 4.78630092e+08  2.27280682e-02 
 4.89778819e+08  2.11124324e-02 
 5.01187234e+08  1.95234978e-02 
 5.12861384e+08  1.79476097e-02 
 5.24807460e+08  1.63626557e-02 
 5.37031796e+08  1.47335664e-02 
 5.49540874e+08  1.30037216e-02 
 5.62341325e+08  1.10802065e-02 
 5.75439937e+08  8.82697712e-03 
 5.88843655e+08  6.33946644e-03 
 6.02559586e+08  7.32913159e-03 
 6.16595002e+08  1.77729889e-02 
 6.30957344e+08  2.27656154e-02 
 6.45654229e+08  1.95716725e-02 
 6.60693448e+08  1.65477598e-02 
 6.76082975e+08  1.43154300e-02 
 6.91830971e+08  1.25556749e-02 
 7.07945784e+08  1.10674783e-02 
 7.24435960e+08  9.82709180e-03 
 7.41310241e+08  9.32273426e-03 
 7.58577575e+08  1.18849697e-02 
 7.76247117e+08  2.05682327e-02 
 7.94328235e+08  2.39181482e-02 
 8.12830516e+08  2.05229566e-02 
 8.31763771e+08  1.79179737e-02 
 8.51138038e+08  1.63513862e-02 
 8.70963590e+08  1.53973368e-02 
 8.91250938e+08  1.48141931e-02 
 9.12010839e+08  1.44748903e-02 
 9.33254301e+08  1.43079782e-02 
 9.54992586e+08  1.42695567e-02 
 9.77237221e+08  1.43298516e-02 
 1.00000000e+09  1.44662455e-02 
 1.02329299e+09  1.46592338e-02 
 1.04712855e+09  1.48898063e-02 
 1.07151931e+09  1.51377190e-02 
 1.09647820e+09  1.53807077e-02 
 1.12201845e+09  1.55951198e-02 
 1.14815362e+09  1.57585827e-02 
 1.17489755e+09  1.58548348e-02 
 1.20226443e+09  1.58794780e-02 
 1.23026877e+09  1.58437985e-02 
 1.25892541e+09  1.57736627e-02 
 1.28824955e+09  1.57029701e-02 
 1.31825674e+09  1.56646332e-02 
 1.34896288e+09  1.56833760e-02 
 1.38038426e+09  1.57728060e-02 
 1.41253754e+09  1.59363722e-02 
 1.44543977e+09  1.61703037e-02 
 1.47910839e+09  1.64667755e-02 
 1.51356125e+09  1.68164399e-02 
 1.54881662e+09  1.72102332e-02 
 1.58489319e+09  1.76406705e-02 
 1.62181010e+09  1.81026859e-02 
 1.65958691e+09  1.85937773e-02 
 1.69824365e+09  1.91133099e-02 
 1.73780083e+09  1.96613933e-02 
 1.77827941e+09  2.02380592e-02 
 1.81970086e+09  2.08430715e-02 
 1.86208714e+09  2.14761582e-02 
 1.90546072e+09  2.21373200e-02 
 1.94984460e+09  2.28270233e-02 
 1.99526231e+09  2.35462316e-02 
 2.04173794e+09  2.42962640e-02 
 2.08929613e+09  2.50784581e-02 
 2.13796209e+09  2.58936237e-02 
 2.18776162e+09  2.67414098e-02 
 2.23872114e+09  2.76199869e-02 
 2.29086765e+09  2.85266529e-02 
 2.34422882e+09  2.94596460e-02 
 2.39883292e+09  3.04204590e-02 
 2.45470892e+09  3.14152779e-02 
 2.51188643e+09  3.24548838e-02 
 2.57039578e+09  3.35538577e-02 
 2.63026799e+09  3.47306074e-02 
 2.69153480e+09  3.60094517e-02 
 2.75422870e+09  3.74260628e-02 
 2.81838293e+09  3.90394278e-02 
 2.88403150e+09  4.09596574e-02 
 2.95120923e+09  4.34181155e-02 
 3.01995172e+09  4.68829277e-02 
 3.09029543e+09  4.74891565e-02 
 3.16227766e+09  2.62139377e-02 
 3.23593657e+09  3.73563519e-02 
 3.31131121e+09  4.51843834e-02 
 3.38844156e+09  3.48102467e-02 
 3.46736850e+09  4.36808082e-02 
 3.54813389e+09  4.73173243e-02 
 3.63078055e+09  5.03329414e-02 
 3.71535229e+09  5.28902322e-02 
 3.80189396e+09  5.64320099e-02 
 3.89045145e+09  5.97252962e-02 
 3.98107171e+09  6.33656116e-02 
 4.07380278e+09  6.74701254e-02 
 4.16869383e+09  7.22550631e-02 
 4.26579519e+09  7.47403660e-02 
 4.36515832e+09  8.27775014e-02 
 4.46683592e+09  8.91675607e-02 
 4.57088190e+09  9.40815852e-02 
 4.67735141e+09  9.14025931e-02 
 4.78630092e+09  6.74821960e-02 
 4.89778819e+09  3.74639568e-02 
 5.01187234e+09  8.56905203e-02 
 5.12861384e+09  1.14101297e-01 
 5.24807460e+09  1.01932151e-01 
 5.37031796e+09  5.76240854e-02 
 5.49540874e+09  3.66151668e-02 
 5.62341325e+09  2.96104103e-02 
 5.75439937e+09  3.34405530e-02 
 5.88843655e+09  4.54091552e-02 
 6.02559586e+09  7.67681879e-02 
 6.16595002e+09  4.90841046e-02 
 6.30957344e+09  4.61904520e-02 
 6.45654229e+09  7.41841816e-02 
 6.60693448e+09  1.48626252e-01 
 6.76082975e+09  1.34452727e-01 
 6.91830971e+09  6.11420229e-02 
 7.07945784e+09  5.45244877e-02 
 7.24435960e+09  2.07543113e-02 
 7.41310241e+09  1.34913320e-02 
 7.58577575e+09  2.85987107e-02 
 7.76247117e+09  7.19776774e-02 
 7.94328235e+09  1.81036530e-02 
 8.12830516e+09  3.68691934e-02 
 8.31763771e+09  4.84849994e-02 
 8.51138038e+09  3.47174501e-02 
 8.70963590e+09  3.49816315e-02 
 8.91250938e+09  4.52643175e-02 
 9.12010839e+09  4.96783519e-02 
 9.33254301e+09  8.32282020e-02 
 9.54992586e+09  5.32958869e-02 
 9.77237221e+09  6.75325637e-02 
 1.00000000e+10  6.09471501e-02 
 1.02329299e+10  6.56405735e-02 
 1.04712855e+10  6.96541361e-02 
 1.07151931e+10  7.35898665e-02 
 1.09647820e+10  7.76056405e-02 
 1.12201845e+10  8.18107782e-02 
 1.14815362e+10  8.63214011e-02 
 1.17489755e+10  9.12894466e-02 
 1.20226443e+10  9.69350622e-02 
 1.23026877e+10  1.03586177e-01 
 1.25892541e+10  1.11663059e-01 
 1.28824955e+10  1.21017908e-01 
 1.31825674e+10  1.25192550e-01 
 1.34896288e+10  9.65607959e-02 
 1.38038426e+10  6.35847416e-02 
 1.41253754e+10  6.97277324e-02 
 1.44543977e+10  8.82450020e-02 
 1.47910839e+10  8.56380943e-02 
 1.51356125e+10  8.62653737e-02 
 1.54881662e+10  9.41779453e-02 
 1.58489319e+10  1.05747065e-01 
 1.62181010e+10  1.12450848e-01 
 1.65958691e+10  1.13061446e-01 
 1.69824365e+10  1.12873922e-01 
 1.73780083e+10  1.15503713e-01 
 1.77827941e+10  1.19649541e-01 
 1.81970086e+10  1.24320866e-01 
 1.86208714e+10  1.29217665e-01 
 1.90546072e+10  1.34258796e-01 
 1.94984460e+10  1.39419825e-01 
 1.99526231e+10  1.44703216e-01 
