 1.00000000e+08  1.81019322e-02 
 1.02330354e+08  1.82480335e-02 
 1.04715014e+08  1.84006536e-02 
 1.07155245e+08  1.85601051e-02 
 1.09652342e+08  1.87267176e-02 
 1.12207630e+08  1.89008397e-02 
 1.14822466e+08  1.90828399e-02 
 1.17498236e+08  1.92731079e-02 
 1.20236362e+08  1.94720562e-02 
 1.23038295e+08  1.96801217e-02 
 1.25905523e+08  1.98977671e-02 
 1.28839568e+08  2.01254829e-02 
 1.31841987e+08  2.03637894e-02 
 1.34914372e+08  2.06132384e-02 
 1.38058355e+08  2.08744152e-02 
 1.41275604e+08  2.11479412e-02 
 1.44567827e+08  2.14344759e-02 
 1.47936769e+08  2.17347189e-02 
 1.51384220e+08  2.20494127e-02 
 1.54912009e+08  2.23793445e-02 
 1.58522008e+08  2.27253485e-02 
 1.62216133e+08  2.30883074e-02 
 1.65996343e+08  2.34691545e-02 
 1.69864646e+08  2.38688737e-02 
 1.73823095e+08  2.42885002e-02 
 1.77873789e+08  2.47291190e-02 
 1.82018879e+08  2.51918620e-02 
 1.86260564e+08  2.56779030e-02 
 1.90601095e+08  2.61884497e-02 
 1.95042776e+08  2.67247317e-02 
 1.99587964e+08  2.72879826e-02 
 2.04239071e+08  2.78794160e-02 
 2.08998565e+08  2.85001918e-02 
 2.13868972e+08  2.91513708e-02 
 2.18852877e+08  2.98338539e-02 
 2.23952925e+08  3.05483021e-02 
 2.29171822e+08  3.12950315e-02 
 2.34512337e+08  3.20738781e-02 
 2.39977306e+08  3.28840245e-02 
 2.45569627e+08  3.37237823e-02 
 2.51292270e+08  3.45903218e-02 
 2.57148271e+08  3.54793446e-02 
 2.63140737e+08  3.63846972e-02 
 2.69272848e+08  3.72979313e-02 
 2.75547860e+08  3.82078310e-02 
 2.81969102e+08  3.90999451e-02 
 2.88539981e+08  3.99561908e-02 
 2.95263985e+08  4.07546279e-02 
 3.02144683e+08  4.14695364e-02 
 3.09185725e+08  4.20719536e-02 
 3.16390848e+08  4.25308157e-02 
 3.23763876e+08  4.28147914e-02 
 3.31308722e+08  4.28947645e-02 
 3.39029389e+08  4.27467343e-02 
 3.46929975e+08  4.23547007e-02 
 3.55014673e+08  4.17129669e-02 
 3.63287773e+08  4.08273110e-02 
 3.71753666e+08  3.97146871e-02 
 3.80416844e+08  3.84014655e-02 
 3.89281904e+08  3.69205771e-02 
 3.98353552e+08  3.53081543e-02 
 4.07636602e+08  3.36002862e-02 
 4.17135980e+08  3.18303529e-02 
 4.26856726e+08  3.00271709e-02 
 4.36804001e+08  2.82139512e-02 
 4.46983082e+08  2.64079230e-02 
 4.57399372e+08  2.46204024e-02 
 4.68058398e+08  2.28570818e-02 
 4.78965818e+08  2.11183493e-02 
 4.90127419e+08  1.93995024e-02 
 5.01549125e+08  1.76908137e-02 
 5.13236997e+08  1.59776445e-02 
 5.25197238e+08  1.42416127e-02 
 5.37436195e+08  1.24669430e-02 
 5.49960363e+08  1.06693727e-02 
 5.62776388e+08  9.02491621e-03 
 5.75891073e+08  8.39031760e-03 
 5.89311376e+08  1.12585811e-02 
 6.03044419e+08  2.11196117e-02 
 6.17097492e+08  3.82865376e-02 
 6.31478050e+08  3.93838168e-02 
 6.46193727e+08  3.03494249e-02 
 6.61252331e+08  2.41486910e-02 
 6.76661854e+08  2.01337900e-02 
 6.92430473e+08  1.72379670e-02 
 7.08566557e+08  1.48728305e-02 
 7.25078669e+08  1.26347971e-02 
 7.41975572e+08  1.00855846e-02 
 7.59266232e+08  7.00944311e-03 
 7.76959826e+08  9.99280876e-03 
 7.95065744e+08  1.61882383e-02 
 8.13593593e+08  1.63315716e-02 
 8.32553207e+08  1.54663994e-02 
 8.51954648e+08  1.47573367e-02 
 8.71808210e+08  1.42656939e-02 
 8.92124431e+08  1.39499071e-02 
 9.12914092e+08  1.37725160e-02 
 9.34188226e+08  1.37065079e-02 
 9.55958123e+08  1.37319624e-02 
 9.78235335e+08  1.38329336e-02 
 1.00103169e+09  1.39952013e-02 
 1.02435927e+09  1.42045690e-02 
 1.04823047e+09  1.44454881e-02 
 1.07265796e+09  1.47000286e-02 
 1.09765469e+09  1.49475071e-02 
 1.12323393e+09  1.51653751e-02 
 1.14940927e+09  1.53320469e-02 
 1.17619457e+09  1.54318074e-02 
 1.20360408e+09  1.54605562e-02 
 1.23165232e+09  1.54295582e-02 
 1.26035418e+09  1.53642952e-02 
 1.28972490e+09  1.52980010e-02 
 1.31978006e+09  1.52628683e-02 
 1.35053561e+09  1.52831083e-02 
 1.38200788e+09  1.53721943e-02 
 1.41421356e+09  1.55338691e-02 
 1.44716975e+09  1.57650532e-02 
 1.48089393e+09  1.60589501e-02 
 1.51540401e+09  1.64074741e-02 
 1.55071830e+09  1.68028326e-02 
 1.58685553e+09  1.72384135e-02 
 1.62383489e+09  1.77091445e-02 
 1.66167599e+09  1.82114225e-02 
 1.70039893e+09  1.87427566e-02 
 1.74002425e+09  1.93013706e-02 
 1.78057299e+09  1.98859770e-02 
 1.82206665e+09  2.04957472e-02 
 1.86452726e+09  2.11303698e-02 
 1.90797735e+09  2.17901048e-02 
 1.95243999e+09  2.24757945e-02 
 1.99793876e+09  2.31888169e-02 
 2.04449781e+09  2.39309465e-02 
 2.09214185e+09  2.47040607e-02 
 2.14089617e+09  2.55096429e-02 
 2.19078664e+09  2.63481594e-02 
 2.24183974e+09  2.72186502e-02 
 2.29408255e+09  2.81190931e-02 
 2.34754280e+09  2.90478406e-02 
 2.40224887e+09  3.00055985e-02 
 2.45822978e+09  3.09968052e-02 
 2.51551525e+09  3.20297953e-02 
 2.57413567e+09  3.31163105e-02 
 2.63412215e+09  3.42715288e-02 
 2.69550653e+09  3.55156266e-02 
 2.75832139e+09  3.68779422e-02 
 2.82260005e+09  3.84061460e-02 
 2.88837664e+09  4.01870132e-02 
 2.95568605e+09  4.23937682e-02 
 3.02456401e+09  4.52848077e-02 
 3.09504707e+09  4.31859518e-02 
 3.16717263e+09  2.92351215e-02 
 3.24097898e+09  3.88803049e-02 
 3.31650528e+09  4.56831588e-02 
 3.39379160e+09  3.85469765e-02 
 3.47287898e+09  4.52175411e-02 
 3.55380937e+09  4.85330049e-02 
 3.63662572e+09  5.15448975e-02 
 3.72137199e+09  5.19750796e-02 
 3.80809314e+09  5.70850777e-02 
 3.89683521e+09  6.05113775e-02 
 3.98764528e+09  6.42424405e-02 
 4.08057155e+09  6.84394306e-02 
 4.17566333e+09  7.32756535e-02 
 4.27297108e+09  7.80373871e-02 
 4.37254645e+09  8.47083149e-02 
 4.47444228e+09  9.13082503e-02 
 4.57871264e+09  9.63073712e-02 
 4.68541287e+09  9.28102072e-02 
 4.79459960e+09  6.59796033e-02 
 4.90633076e+09  5.39252776e-02 
 5.02066566e+09  9.05237517e-02 
 5.13766496e+09  1.13377630e-01 
 5.25739076e+09  1.03400252e-01 
 5.37990660e+09  5.86795099e-02 
 5.50527749e+09  3.72816009e-02 
 5.63356997e+09  2.76803936e-02 
 5.76485211e+09  2.82881018e-02 
 5.89919360e+09  3.88384000e-02 
 6.03666571e+09  7.35621514e-02 
 6.17734142e+09  4.45727787e-02 
 6.32129537e+09  3.08502634e-02 
 6.46860395e+09  4.53862116e-02 
 6.61934535e+09  7.65061279e-02 
 6.77359956e+09  6.26072425e-02 
 6.93144843e+09  5.18206895e-02 
 7.09297575e+09  4.73684344e-02 
 7.25826722e+09  9.22836792e-02 
 7.42741057e+09  7.07395018e-02 
 7.60049556e+09  2.43113549e-01 
 7.77761404e+09  1.57224043e-02 
 7.95886001e+09  2.89674807e-02 
 8.14432966e+09  8.58477069e-02 
 8.33412140e+09  3.11123184e-02 
 8.52833597e+09  6.09013241e-02 
 8.72707642e+09  4.73561045e-02 
 8.93044823e+09  4.17120475e-02 
 9.13855932e+09  5.09861600e-02 
 9.35152014e+09  4.90562697e-02 
 9.56944371e+09  4.50374124e-02 
 9.79244566e+09  5.52512026e-02 
 1.00206443e+10  6.18947869e-02 
 1.02541609e+10  6.67014879e-02 
 1.04931192e+10  7.09891224e-02 
 1.07376460e+10  7.52082130e-02 
 1.09878712e+10  7.95247770e-02 
 1.12439276e+10  8.40661072e-02 
 1.15059509e+10  8.89724569e-02 
 1.17740804e+10  9.44305750e-02 
 1.20484582e+10  1.00714866e-01 
 1.23292299e+10  1.08240900e-01 
 1.26165447e+10  1.17555202e-01 
 1.29105549e+10  1.28494094e-01 
 1.32114166e+10  1.32712237e-01 
 1.35192894e+10  9.79382398e-02 
 1.38343368e+10  6.20720593e-02 
 1.41567259e+10  6.97968115e-02 
 1.44866277e+10  9.52653377e-02 
 1.48242175e+10  9.32193218e-02 
 1.51696743e+10  1.01422892e-01 
 1.55231815e+10  8.10348624e-02 
 1.58849266e+10  9.79220962e-02 
 1.62551017e+10  1.06657255e-01 
 1.66339032e+10  1.09190694e-01 
 1.70215321e+10  1.10627473e-01 
 1.74181941e+10  1.13988572e-01 
 1.78240998e+10  1.18401484e-01 
 1.82394645e+10  1.23191122e-01 
 1.86645086e+10  1.28173656e-01 
 1.90994578e+10  1.33288813e-01 
 1.95445429e+10  1.38513614e-01 
 2.00000000e+10  1.43851097e-01 
