 1.00000000e+08  1.86941867e-02 
 1.02329299e+08  1.88417496e-02 
 1.04712855e+08  1.89961701e-02 
 1.07151931e+08  1.91577753e-02 
 1.09647820e+08  1.93269098e-02 
 1.12201845e+08  1.95039363e-02 
 1.14815362e+08  1.96892373e-02 
 1.17489755e+08  1.98832162e-02 
 1.20226443e+08  2.00862985e-02 
 1.23026877e+08  2.02989338e-02 
 1.25892541e+08  2.05215970e-02 
 1.28824955e+08  2.07547903e-02 
 1.31825674e+08  2.09990448e-02 
 1.34896288e+08  2.12549229e-02 
 1.38038426e+08  2.15230197e-02 
 1.41253754e+08  2.18039657e-02 
 1.44543977e+08  2.20984289e-02 
 1.47910839e+08  2.24071170e-02 
 1.51356125e+08  2.27307796e-02 
 1.54881662e+08  2.30702106e-02 
 1.58489319e+08  2.34262502e-02 
 1.62181010e+08  2.37997867e-02 
 1.65958691e+08  2.41917581e-02 
 1.69824365e+08  2.46031528e-02 
 1.73780083e+08  2.50350096e-02 
 1.77827941e+08  2.54884167e-02 
 1.81970086e+08  2.59645088e-02 
 1.86208714e+08  2.64644616e-02 
 1.90546072e+08  2.69894841e-02 
 1.94984460e+08  2.75408060e-02 
 1.99526231e+08  2.81196602e-02 
 2.04173794e+08  2.87272579e-02 
 2.08929613e+08  2.93647545e-02 
 2.13796209e+08  3.00332038e-02 
 2.18776162e+08  3.07334957e-02 
 2.23872114e+08  3.14662754e-02 
 2.29086765e+08  3.22318369e-02 
 2.34422882e+08  3.30299850e-02 
 2.39883292e+08  3.38598602e-02 
 2.45470892e+08  3.47197169e-02 
 2.51188643e+08  3.56066493e-02 
 2.57039578e+08  3.65162592e-02 
 2.63026799e+08  3.74422627e-02 
 2.69153480e+08  3.83760443e-02 
 2.75422870e+08  3.93061764e-02 
 2.81838293e+08  4.02179437e-02 
 2.88403150e+08  4.10929397e-02 
 2.95120923e+08  4.19088360e-02 
 3.01995172e+08  4.26394595e-02 
 3.09029543e+08  4.32553348e-02 
 3.16227766e+08  4.37248420e-02 
 3.23593657e+08  4.40160792e-02 
 3.31131121e+08  4.40993877e-02 
 3.38844156e+08  4.39503083e-02 
 3.46736850e+08  4.35525300e-02 
 3.54813389e+08  4.29002524e-02 
 3.63078055e+08  4.19994026e-02 
 3.71535229e+08  4.08673524e-02 
 3.80189396e+08  3.95311419e-02 
 3.89045145e+08  3.80245733e-02 
 3.98107171e+08  3.63847818e-02 
 4.07380278e+08  3.46489138e-02 
 4.16869383e+08  3.28513947e-02 
 4.26579519e+08  3.10220280e-02 
 4.36515832e+08  2.91849353e-02 
 4.46683592e+08  2.73581905e-02 
 4.57088190e+08  2.55539328e-02 
 4.67735141e+08  2.37787380e-02 
 4.78630092e+08  2.20340765e-02 
 4.89778819e+08  2.03167596e-02 
 5.01187234e+08  1.86194159e-02 
 5.12861384e+08  1.69313686e-02 
 5.24807460e+08  1.52412869e-02 
 5.37031796e+08  1.35464101e-02 
 5.49540874e+08  1.18859524e-02 
 5.62341325e+08  1.04654315e-02 
 5.75439937e+08  1.00800295e-02 
 5.88843655e+08  1.29064898e-02 
 6.02559586e+08  2.25193174e-02 
 6.16595002e+08  3.98433076e-02 
 6.30957344e+08  4.12215363e-02 
 6.45654229e+08  3.15385019e-02 
 6.60693448e+08  2.48676666e-02 
 6.76082975e+08  2.05391331e-02 
 6.91830971e+08  1.73995191e-02 
 7.07945784e+08  1.48701139e-02 
 7.24435960e+08  1.27689585e-02 
 7.41310241e+08  1.17559440e-02 
 7.58577575e+08  1.54235715e-02 
 7.76247117e+08  2.81191130e-02 
 7.94328235e+08  3.32328987e-02 
 8.12830516e+08  2.85580338e-02 
 8.31763771e+08  2.48815287e-02 
 8.51138038e+08  2.26462338e-02 
 8.70963590e+08  2.12753489e-02 
 8.91250938e+08  2.04362650e-02 
 9.12010839e+08  1.99552489e-02 
 9.33254301e+08  1.97371346e-02 
 9.54992586e+08  1.97262527e-02 
 9.77237221e+08  1.98873340e-02 
 1.00000000e+09  2.01951746e-02 
 1.02329299e+09  2.06280807e-02 
 1.04712855e+09  2.11628651e-02 
 1.07151931e+09  2.17705421e-02 
 1.09647820e+09  2.24128420e-02 
 1.12201845e+09  2.30406433e-02 
 1.14815362e+09  2.35962324e-02 
 1.17489755e+09  2.40211742e-02 
 1.20226443e+09  2.42694935e-02 
 1.23026877e+09  2.43220260e-02 
 1.25892541e+09  2.41950587e-02 
 1.28824955e+09  2.39383128e-02 
 1.31825674e+09  2.36234284e-02 
 1.34896288e+09  2.33290303e-02 
 1.38038426e+09  2.31281465e-02 
 1.41253754e+09  2.30797358e-02 
 1.44543977e+09  2.32224048e-02 
 1.47910839e+09  2.35674295e-02 
 1.51356125e+09  2.40902511e-02 
 1.54881662e+09  2.47242268e-02 
 1.58489319e+09  2.53653240e-02 
 1.62181010e+09  2.58956214e-02 
 1.65958691e+09  2.62210736e-02 
 1.69824365e+09  2.63026081e-02 
 1.73780083e+09  2.61602587e-02 
 1.77827941e+09  2.58516434e-02 
 1.81970086e+09  2.54437116e-02 
 1.86208714e+09  2.49936111e-02 
 1.90546072e+09  2.45419200e-02 
 1.94984460e+09  2.41139640e-02 
 1.99526231e+09  2.37243616e-02 
 2.04173794e+09  2.33819409e-02 
 2.08929613e+09  2.30937773e-02 
 2.13796209e+09  2.28676466e-02 
 2.18776162e+09  2.27121758e-02 
 2.23872114e+09  2.26344058e-02 
 2.29086765e+09  2.26360268e-02 
 2.34422882e+09  2.27111593e-02 
 2.39883292e+09  2.28478008e-02 
 2.45470892e+09  2.30319848e-02 
 2.51188643e+09  2.32517637e-02 
 2.57039578e+09  2.34991758e-02 
 2.63026799e+09  2.37703654e-02 
 2.69153480e+09  2.40649048e-02 
 2.75422870e+09  2.43851760e-02 
 2.81838293e+09  2.47361974e-02 
 2.88403150e+09  2.51255934e-02 
 2.95120923e+09  2.55588337e-02 
 3.01995172e+09  2.59637183e-02 
 3.09029543e+09  2.45401540e-02 
 3.16227766e+09  2.29389945e-02 
 3.23593657e+09  2.55143098e-02 
 3.31131121e+09  2.70268364e-02 
 3.38844156e+09  2.53274609e-02 
 3.46736850e+09  2.72206332e-02 
 3.54813389e+09  2.80975948e-02 
 3.63078055e+09  2.89060732e-02 
 3.71535229e+09  2.86143509e-02 
 3.80189396e+09  3.04845783e-02 
 3.89045145e+09  3.14522744e-02 
 3.98107171e+09  3.25167156e-02 
 4.07380278e+09  3.37224052e-02 
 4.16869383e+09  3.51179425e-02 
 4.26579519e+09  3.64451663e-02 
 4.36515832e+09  3.84886132e-02 
 4.46683592e+09  4.04841324e-02 
 4.57088190e+09  4.20965072e-02 
 4.67735141e+09  4.13286266e-02 
 4.78630092e+09  3.34914564e-02 
 4.89778819e+09  2.01247133e-02 
 5.01187234e+09  1.79483916e-02 
 5.12861384e+09  3.09662622e-02 
 5.24807460e+09  3.14295875e-02 
 5.37031796e+09  2.13906900e-02 
 5.49540874e+09  2.13897197e-02 
 5.62341325e+09  2.35435121e-02 
 5.75439937e+09  2.57463762e-02 
 5.88843655e+09  2.79654111e-02 
 6.02559586e+09  3.22399949e-02 
 6.16595002e+09  2.66834202e-02 
 6.30957344e+09  2.98429430e-02 
 6.45654229e+09  3.22648895e-02 
 6.60693448e+09  3.46369734e-02 
 6.76082975e+09  3.61234692e-02 
 6.91830971e+09  3.98120071e-02 
 7.07945784e+09  4.08810356e-02 
 7.24435960e+09  5.12112136e-02 
 7.41310241e+09  5.35311196e-02 
 7.58577575e+09  4.64111385e-02 
 7.76247117e+09  2.04593408e-02 
 7.94328235e+09  3.61905124e-02 
 8.12830516e+09  4.91042401e-02 
 8.31763771e+09  8.44085158e-02 
 8.51138038e+09  6.58447688e-02 
 8.70963590e+09  1.46891104e-02 
 8.91250938e+09  2.49413787e-02 
 9.12010839e+09  3.13283121e-02 
 9.33254301e+09  3.32741733e-02 
 9.54992586e+09  3.63258910e-02 
 9.77237221e+09  3.92520230e-02 
 1.00000000e+10  4.17758711e-02 
 1.02329299e+10  4.41918562e-02 
 1.04712855e+10  4.65400875e-02 
 1.07151931e+10  4.89024434e-02 
 1.09647820e+10  5.13405233e-02 
 1.12201845e+10  5.39143159e-02 
 1.14815362e+10  5.66935396e-02 
 1.17489755e+10  5.97701750e-02 
 1.20226443e+10  6.32762096e-02 
 1.23026877e+10  6.74067553e-02 
 1.25892541e+10  7.24130242e-02 
 1.28824955e+10  7.82266180e-02 
 1.31825674e+10  8.11608831e-02 
 1.34896288e+10  6.58341082e-02 
 1.38038426e+10  4.99145743e-02 
 1.41253754e+10  5.44354647e-02 
 1.44543977e+10  6.69324769e-02 
 1.47910839e+10  5.63170832e-02 
 1.51356125e+10  6.82133711e-02 
 1.54881662e+10  7.58981409e-02 
 1.58489319e+10  8.31056334e-02 
 1.62181010e+10  8.88543410e-02 
 1.65958691e+10  9.08609078e-02 
 1.69824365e+10  9.27079574e-02 
 1.73780083e+10  9.71807862e-02 
 1.77827941e+10  1.03492367e-01 
 1.81970086e+10  1.11083327e-01 
 1.86208714e+10  1.19974959e-01 
 1.90546072e+10  1.30429335e-01 
 1.94984460e+10  1.42878752e-01 
 1.99526231e+10  1.57982343e-01 
