 1.00000000e+08  1.54865381e-02 
 1.02330354e+08  1.53471911e-02 
 1.04715014e+08  1.51922963e-02 
 1.07155245e+08  1.50216050e-02 
 1.09652342e+08  1.48350483e-02 
 1.12207630e+08  1.46327551e-02 
 1.14822466e+08  1.44150649e-02 
 1.17498236e+08  1.41825360e-02 
 1.20236362e+08  1.39359454e-02 
 1.23038295e+08  1.36762840e-02 
 1.25905523e+08  1.34047423e-02 
 1.28839568e+08  1.31226914e-02 
 1.31841987e+08  1.28316573e-02 
 1.34914372e+08  1.25332909e-02 
 1.38058355e+08  1.22293347e-02 
 1.41275604e+08  1.19215883e-02 
 1.44567827e+08  1.16118735e-02 
 1.47936769e+08  1.13020016e-02 
 1.51384220e+08  1.09937427e-02 
 1.54912009e+08  1.06887986e-02 
 1.58522008e+08  1.03887812e-02 
 1.62216133e+08  1.00951933e-02 
 1.65996343e+08  9.80941584e-03 
 1.69864646e+08  9.53269779e-03 
 1.73823095e+08  9.26615059e-03 
 1.77873789e+08  9.01074526e-03 
 1.82018879e+08  8.76731209e-03 
 1.86260564e+08  8.53654198e-03 
 1.90601095e+08  8.31898890e-03 
 1.95042776e+08  8.11507262e-03 
 1.99587964e+08  7.92508114e-03 
 2.04239071e+08  7.74917184e-03 
 2.08998565e+08  7.58737029e-03 
 2.13868972e+08  7.43956483e-03 
 2.18852877e+08  7.30549442e-03 
 2.23952925e+08  7.18472481e-03 
 2.29171822e+08  7.07660620e-03 
 2.34512337e+08  6.98020449e-03 
 2.39977306e+08  6.89422094e-03 
 2.45569627e+08  6.81710881e-03 
 2.51292270e+08  6.74919691e-03 
 2.57148271e+08  6.71614570e-03 
 2.63140737e+08  7.15186167e-03 
 2.69272848e+08  8.51414143e-03 
 2.75547860e+08  7.60378970e-03 
 2.81969102e+08  7.41051705e-03 
 2.88539981e+08  7.54202717e-03 
 2.95263985e+08  8.39994596e-03 
 3.02144683e+08  1.03600696e-02 
 3.09185725e+08  8.03603517e-03 
 3.16390848e+08  7.47799503e-03 
 3.23763876e+08  7.37410484e-03 
 3.31308722e+08  7.65310495e-03 
 3.39029389e+08  7.70467001e-03 
 3.46929975e+08  7.66720983e-03 
 3.55014673e+08  7.77542565e-03 
 3.63287773e+08  7.95707556e-03 
 3.71753666e+08  8.28262997e-03 
 3.80416844e+08  9.14545024e-03 
 3.89281904e+08  8.64019763e-03 
 3.98353552e+08  8.96729006e-03 
 4.07636602e+08  8.12041486e-03 
 4.17135980e+08  7.80325767e-03 
 4.26856726e+08  8.14069513e-03 
 4.36804001e+08  8.42943684e-03 
 4.46983082e+08  8.79066020e-03 
 4.57399372e+08  9.07726657e-03 
 4.68058398e+08  9.41309463e-03 
 4.78965818e+08  9.77310303e-03 
 4.90127419e+08  1.04195703e-02 
 5.01549125e+08  1.11965496e-02 
 5.13236997e+08  1.13537155e-02 
 5.25197238e+08  1.28625278e-02 
 5.37436195e+08  1.46283086e-02 
 5.49960363e+08  1.20260095e-02 
 5.62776388e+08  1.16653727e-02 
 5.75891073e+08  1.41275635e-02 
 5.89311376e+08  1.08454953e-02 
 6.03044419e+08  1.14549862e-02 
 6.17097492e+08  1.05883202e-02 
 6.31478050e+08  1.10350842e-02 
 6.46193727e+08  1.17181724e-02 
 6.61252331e+08  1.23549183e-02 
 6.76661854e+08  1.33720941e-02 
 6.92430473e+08  1.38888339e-02 
 7.08566557e+08  1.48567276e-02 
 7.25078669e+08  1.61070952e-02 
 7.41975572e+08  1.76341731e-02 
 7.59266232e+08  1.95620162e-02 
 7.76959826e+08  2.20369974e-02 
 7.95065744e+08  2.51740450e-02 
 8.13593593e+08  2.87848325e-02 
 8.32553207e+08  3.16776368e-02 
 8.51954648e+08  3.15627210e-02 
 8.71808210e+08  2.80266294e-02 
 8.92124431e+08  2.35405079e-02 
 9.12914092e+08  1.98960888e-02 
 9.34188226e+08  1.74099374e-02 
 9.55958123e+08  1.58798051e-02 
 9.78235335e+08  1.50735966e-02 
 1.00103169e+09  1.48610484e-02 
 1.02435927e+09  1.52660969e-02 
 1.04823047e+09  1.65454818e-02 
 1.07265796e+09  1.93134133e-02 
 1.09765469e+09  2.43716556e-02 
 1.12323393e+09  3.05672965e-02 
 1.14940927e+09  3.16223750e-02 
 1.17619457e+09  2.77230685e-02 
 1.20360408e+09  2.46581360e-02 
 1.23165232e+09  2.35502737e-02 
 1.26035418e+09  2.38015337e-02 
 1.28972490e+09  2.45277705e-02 
 1.31978006e+09  2.47957849e-02 
 1.35053561e+09  2.40610912e-02 
 1.38200788e+09  2.24875569e-02 
 1.41421356e+09  2.05883267e-02 
 1.44716975e+09  1.87382487e-02 
 1.48089393e+09  1.70862378e-02 
 1.51540401e+09  1.56647176e-02 
 1.55071830e+09  1.44641191e-02 
 1.58685553e+09  1.34589125e-02 
 1.62383489e+09  1.26189043e-02 
 1.66167599e+09  1.19154746e-02 
 1.70039893e+09  1.13238769e-02 
 1.74002425e+09  1.08232638e-02 
 1.78057299e+09  1.03960123e-02 
 1.82206665e+09  1.00270771e-02 
 1.86452726e+09  9.70356100e-03 
 1.90797735e+09  9.41456470e-03 
 1.95243999e+09  9.15143653e-03 
 1.99793876e+09  8.90861539e-03 
 2.04449781e+09  8.68520940e-03 
 2.09214185e+09  8.48698718e-03 
 2.14089617e+09  8.32726034e-03 
 2.19078664e+09  8.22379393e-03 
 2.24183974e+09  8.19028516e-03 
 2.29408255e+09  8.22717425e-03 
 2.34754280e+09  8.32041810e-03 
 2.40224887e+09  8.44938271e-03 
 2.45822978e+09  8.59579428e-03 
 2.51551525e+09  8.74766696e-03 
 2.57413567e+09  8.89882598e-03 
 2.63412215e+09  9.04692410e-03 
 2.69550653e+09  9.19167713e-03 
 2.75832139e+09  9.33373718e-03 
 2.82260005e+09  9.47408473e-03 
 2.88837664e+09  9.61373835e-03 
 2.95568605e+09  9.75363422e-03 
 3.02456401e+09  9.89458859e-03 
 3.09504707e+09  1.00372974e-02 
 3.16717263e+09  1.01823505e-02 
 3.24097898e+09  1.03302498e-02 
 3.31650528e+09  1.04814272e-02 
 3.39379160e+09  1.06362600e-02 
 3.47287898e+09  1.07950839e-02 
 3.55380937e+09  1.09582045e-02 
 3.63662572e+09  1.11259055e-02 
 3.72137199e+09  1.12984572e-02 
 3.80809314e+09  1.14761233e-02 
 3.89683521e+09  1.16591702e-02 
 3.98764528e+09  1.18478808e-02 
 4.08057155e+09  1.20425947e-02 
 4.17566333e+09  1.22439136e-02 
 4.27297108e+09  1.24571296e-02 
 4.37254645e+09  1.26596069e-02 
 4.47444228e+09  1.28822419e-02 
 4.57871264e+09  1.31110525e-02 
 4.68541287e+09  1.33478119e-02 
 4.79459960e+09  1.35942855e-02 
 4.90633076e+09  1.38651268e-02 
 5.02066566e+09  1.40865912e-02 
 5.13766496e+09  1.43666946e-02 
 5.25739076e+09  1.46511705e-02 
 5.37990660e+09  1.49472487e-02 
 5.50527749e+09  1.52592134e-02 
 5.63356997e+09  1.55984731e-02 
 5.76485211e+09  1.60776396e-02 
 5.89919360e+09  1.60818970e-02 
 6.03666571e+09  1.65480547e-02 
 6.17734142e+09  1.68321989e-02 
 6.32129537e+09  1.73228092e-02 
 6.46860395e+09  1.77831689e-02 
 6.61934535e+09  1.82984120e-02 
 6.77359956e+09  1.89378744e-02 
 6.93144843e+09  2.02069265e-02 
 7.09297575e+09  3.31011044e-02 
 7.25826722e+09  1.98013578e-02 
 7.42741057e+09  2.09237292e-02 
 7.60049556e+09  2.19664612e-02 
 7.77761404e+09  2.68308143e-02 
 7.95886001e+09  1.64550249e-02 
 8.14432966e+09  2.06014285e-02 
 8.33412140e+09  2.16025820e-02 
 8.52833597e+09  3.30224798e-02 
 8.72707642e+09  1.14376141e-02 
 8.93044823e+09  1.82364883e-02 
 9.13855932e+09  2.01245815e-02 
 9.35152014e+09  2.13118377e-02 
 9.56944371e+09  2.21767811e-02 
 9.79244566e+09  2.29732566e-02 
 1.00206443e+10  2.37128930e-02 
 1.02541609e+10  2.44250289e-02 
 1.04931192e+10  2.51254027e-02 
 1.07376460e+10  2.58237807e-02 
 1.09878712e+10  2.65268783e-02 
 1.12439276e+10  2.72397884e-02 
 1.15059509e+10  2.79668015e-02 
 1.17740804e+10  2.87119816e-02 
 1.20484582e+10  2.94797090e-02 
 1.23292299e+10  3.02754012e-02 
 1.26165447e+10  3.11067835e-02 
 1.29105549e+10  3.19866525e-02 
 1.32114166e+10  3.29401420e-02 
 1.35192894e+10  3.40289936e-02 
 1.38343368e+10  3.54713421e-02 
 1.41567259e+10  3.91128387e-02 
 1.44866277e+10  3.33702364e-02 
 1.48242175e+10  3.42714524e-02 
 1.51696743e+10  3.54502147e-02 
 1.55231815e+10  3.76697023e-02 
 1.58849266e+10  3.89989348e-02 
 1.62551017e+10  4.02334100e-02 
 1.66339032e+10  4.14576831e-02 
 1.70215321e+10  4.27016676e-02 
 1.74181941e+10  4.39814370e-02 
 1.78240998e+10  4.53083992e-02 
 1.82394645e+10  4.66924902e-02 
 1.86645086e+10  4.81436766e-02 
 1.90994578e+10  4.96728895e-02 
 1.95445429e+10  5.12927421e-02 
 2.00000000e+10  5.30180301e-02 
