 1.00000000e+08  2.89214903e-02 
 1.02330354e+08  2.88693658e-02 
 1.04715014e+08  2.87982307e-02 
 1.07155245e+08  2.87064407e-02 
 1.09652342e+08  2.85924596e-02 
 1.12207630e+08  2.84549199e-02 
 1.14822466e+08  2.82926876e-02 
 1.17498236e+08  2.81049289e-02 
 1.20236362e+08  2.78911749e-02 
 1.23038295e+08  2.76513809e-02 
 1.25905523e+08  2.73859731e-02 
 1.28839568e+08  2.70958815e-02 
 1.31841987e+08  2.67825524e-02 
 1.34914372e+08  2.64479387e-02 
 1.38058355e+08  2.60944667e-02 
 1.41275604e+08  2.57249806e-02 
 1.44567827e+08  2.53426664e-02 
 1.47936769e+08  2.49509600e-02 
 1.51384220e+08  2.45534455e-02 
 1.54912009e+08  2.41537499e-02 
 1.58522008e+08  2.37554396e-02 
 1.62216133e+08  2.33619258e-02 
 1.65996343e+08  2.29763827e-02 
 1.69864646e+08  2.26016819e-02 
 1.73823095e+08  2.22403443e-02 
 1.77873789e+08  2.18945103e-02 
 1.82018879e+08  2.15659275e-02 
 1.86260564e+08  2.12559535e-02 
 1.90601095e+08  2.09655719e-02 
 1.95042776e+08  2.06954189e-02 
 1.99587964e+08  2.04458174e-02 
 2.04239071e+08  2.02168179e-02 
 2.08998565e+08  2.00082417e-02 
 2.13868972e+08  1.98197294e-02 
 2.18852877e+08  1.96507914e-02 
 2.23952925e+08  1.95008665e-02 
 2.29171822e+08  1.93693921e-02 
 2.34512337e+08  1.92559037e-02 
 2.39977306e+08  1.91601924e-02 
 2.45569627e+08  1.90825965e-02 
 2.51292270e+08  1.90246089e-02 
 2.57148271e+08  1.89903022e-02 
 2.63140737e+08  1.89901514e-02 
 2.69272848e+08  1.90531319e-02 
 2.75547860e+08  1.92749858e-02 
 2.81969102e+08  2.00913508e-02 
 2.88539981e+08  2.47502506e-02 
 2.95263985e+08  2.82738263e-02 
 3.02144683e+08  2.13417956e-02 
 3.09185725e+08  1.99994135e-02 
 3.16390848e+08  1.96517969e-02 
 3.23763876e+08  1.97139696e-02 
 3.31308722e+08  2.06994802e-02 
 3.39029389e+08  2.99839904e-02 
 3.46929975e+08  2.32684812e-02 
 3.55014673e+08  2.05495257e-02 
 3.63287773e+08  1.99877798e-02 
 3.71753666e+08  1.98172891e-02 
 3.80416844e+08  1.98688783e-02 
 3.89281904e+08  1.98197117e-02 
 3.98353552e+08  1.98052261e-02 
 4.07636602e+08  1.98511909e-02 
 4.17135980e+08  1.99178278e-02 
 4.26856726e+08  2.00007420e-02 
 4.36804001e+08  2.01096555e-02 
 4.46983082e+08  2.05070058e-02 
 4.57399372e+08  2.02889819e-02 
 4.68058398e+08  2.03849807e-02 
 4.78965818e+08  2.11452820e-02 
 4.90127419e+08  2.27467310e-02 
 5.01549125e+08  2.08750311e-02 
 5.13236997e+08  2.12047632e-02 
 5.25197238e+08  2.20545453e-02 
 5.37436195e+08  2.35872981e-02 
 5.49960363e+08  2.30137943e-02 
 5.62776388e+08  2.16957687e-02 
 5.75891073e+08  2.06500337e-02 
 5.89311376e+08  1.81854771e-02 
 6.03044419e+08  1.97278651e-02 
 6.17097492e+08  2.22623694e-02 
 6.31478050e+08  2.36723472e-02 
 6.46193727e+08  1.95543307e-02 
 6.61252331e+08  1.93717087e-02 
 6.76661854e+08  1.96208036e-02 
 6.92430473e+08  2.14214600e-02 
 7.08566557e+08  2.15565871e-02 
 7.25078669e+08  2.14490913e-02 
 7.41975572e+08  2.16288890e-02 
 7.59266232e+08  2.19331856e-02 
 7.76959826e+08  2.22293724e-02 
 7.95065744e+08  2.25368558e-02 
 8.13593593e+08  2.26865602e-02 
 8.32553207e+08  2.33963465e-02 
 8.51954648e+08  2.39261540e-02 
 8.71808210e+08  2.32073117e-02 
 8.92124431e+08  2.52362707e-02 
 9.12914092e+08  2.38861417e-02 
 9.34188226e+08  2.66275132e-02 
 9.55958123e+08  2.66248914e-02 
 9.78235335e+08  2.70931560e-02 
 1.00103169e+09  2.31391224e-02 
 1.02435927e+09  2.44982255e-02 
 1.04823047e+09  2.60331654e-02 
 1.07265796e+09  2.88370344e-02 
 1.09765469e+09  3.04488535e-02 
 1.12323393e+09  2.25539244e-02 
 1.14940927e+09  2.38977163e-02 
 1.17619457e+09  2.30228890e-02 
 1.20360408e+09  2.34197119e-02 
 1.23165232e+09  2.49800009e-02 
 1.26035418e+09  2.37431651e-02 
 1.28972490e+09  2.67060827e-02 
 1.31978006e+09  2.40527202e-02 
 1.35053561e+09  2.56010718e-02 
 1.38200788e+09  2.64276529e-02 
 1.41421356e+09  2.63192800e-02 
 1.44716975e+09  2.91241273e-02 
 1.48089393e+09  3.17010589e-02 
 1.51540401e+09  3.27788146e-02 
 1.55071830e+09  2.53176952e-02 
 1.58685553e+09  2.65186420e-02 
 1.62383489e+09  3.11776280e-02 
 1.66167599e+09  2.95334750e-02 
 1.70039893e+09  2.74235894e-02 
 1.74002425e+09  2.55653397e-02 
 1.78057299e+09  2.69566800e-02 
 1.82206665e+09  2.74178341e-02 
 1.86452726e+09  3.08236500e-02 
 1.90797735e+09  3.40756306e-02 
 1.95243999e+09  2.57903528e-02 
 1.99793876e+09  2.61032060e-02 
 2.04449781e+09  2.71435706e-02 
 2.09214185e+09  2.79079259e-02 
 2.14089617e+09  2.90022070e-02 
 2.19078664e+09  3.01544253e-02 
 2.24183974e+09  3.14363691e-02 
 2.29408255e+09  3.29476821e-02 
 2.34754280e+09  3.44758565e-02 
 2.40224887e+09  3.20489779e-02 
 2.45822978e+09  2.97933431e-02 
 2.51551525e+09  3.10365034e-02 
 2.57413567e+09  3.25815945e-02 
 2.63412215e+09  3.37564006e-02 
 2.69550653e+09  3.47397095e-02 
 2.75832139e+09  3.56130810e-02 
 2.82260005e+09  3.64183682e-02 
 2.88837664e+09  3.71799883e-02 
 2.95568605e+09  3.79134932e-02 
 3.02456401e+09  3.86292466e-02 
 3.09504707e+09  3.93342051e-02 
 3.16717263e+09  4.00329010e-02 
 3.24097898e+09  4.07280548e-02 
 3.31650528e+09  4.14210006e-02 
 3.39379160e+09  4.21120026e-02 
 3.47287898e+09  4.28005031e-02 
 3.55380937e+09  4.34853222e-02 
 3.63662572e+09  4.41648225e-02 
 3.72137199e+09  4.48370471e-02 
 3.80809314e+09  4.54998362e-02 
 3.89683521e+09  4.61509273e-02 
 3.98764528e+09  4.67880406e-02 
 4.08057155e+09  4.74089518e-02 
 4.17566333e+09  4.80115540e-02 
 4.27297108e+09  4.85939082e-02 
 4.37254645e+09  4.91542843e-02 
 4.47444228e+09  4.96911913e-02 
 4.57871264e+09  5.02033991e-02 
 4.68541287e+09  5.06899507e-02 
 4.79459960e+09  5.11501663e-02 
 4.90633076e+09  5.15836404e-02 
 5.02066566e+09  5.19902322e-02 
 5.13766496e+09  5.23700513e-02 
 5.25739076e+09  5.27234386e-02 
 5.37990660e+09  5.30509449e-02 
 5.50527749e+09  5.33533078e-02 
 5.63356997e+09  5.36314277e-02 
 5.76485211e+09  5.38863445e-02 
 5.89919360e+09  5.41192156e-02 
 6.03666571e+09  5.43312950e-02 
 6.17734142e+09  5.45239145e-02 
 6.32129537e+09  5.46984624e-02 
 6.46860395e+09  5.48563471e-02 
 6.61934535e+09  5.49988754e-02 
 6.77359956e+09  5.51263990e-02 
 6.93144843e+09  5.51441336e-02 
 7.09297575e+09  5.54832801e-02 
 7.25826722e+09  5.54794267e-02 
 7.42741057e+09  5.55673894e-02 
 7.60049556e+09  5.56077347e-02 
 7.77761404e+09  5.58061100e-02 
 7.95886001e+09  5.59488144e-02 
 8.14432966e+09  5.61511180e-02 
 8.33412140e+09  5.64845158e-02 
 8.52833597e+09  5.71017419e-02 
 8.72707642e+09  4.46999523e-02 
 8.93044823e+09  5.33116209e-02 
 9.13855932e+09  5.43273819e-02 
 9.35152014e+09  5.46926556e-02 
 9.56944371e+09  5.48746392e-02 
 9.79244566e+09  5.49793918e-02 
 1.00206443e+10  5.50439670e-02 
 1.02541609e+10  5.50847226e-02 
 1.04931192e+10  5.51100568e-02 
 1.07376460e+10  5.51247673e-02 
 1.09878712e+10  5.51318238e-02 
 1.12439276e+10  5.51331815e-02 
 1.15059509e+10  5.51301910e-02 
 1.17740804e+10  5.51238186e-02 
 1.20484582e+10  5.51147713e-02 
 1.23292299e+10  5.51035661e-02 
 1.26165447e+10  5.50905604e-02 
 1.29105549e+10  5.50759392e-02 
 1.32114166e+10  5.50596037e-02 
 1.35192894e+10  5.50406972e-02 
 1.38343368e+10  5.50148974e-02 
 1.41567259e+10  5.49355408e-02 
 1.44866277e+10  5.47853856e-02 
 1.48242175e+10  5.49862970e-02 
 1.51696743e+10  5.49745330e-02 
 1.55231815e+10  5.49583280e-02 
 1.58849266e+10  5.49417882e-02 
 1.62551017e+10  5.49254055e-02 
 1.66339032e+10  5.49092871e-02 
 1.70215321e+10  5.48934715e-02 
 1.74181941e+10  5.48779798e-02 
 1.78240998e+10  5.48628271e-02 
 1.82394645e+10  5.48480251e-02 
 1.86645086e+10  5.48335822e-02 
 1.90994578e+10  5.48195047e-02 
 1.95445429e+10  5.48057963e-02 
 2.00000000e+10  5.47924587e-02 
