 1.00000000e+08  1.20904353e-02 
 1.02330354e+08  1.21956843e-02 
 1.04715014e+08  1.23054771e-02 
 1.07155245e+08  1.24199962e-02 
 1.09652342e+08  1.25394314e-02 
 1.12207630e+08  1.26639800e-02 
 1.14822466e+08  1.27938471e-02 
 1.17498236e+08  1.29292464e-02 
 1.20236362e+08  1.30704000e-02 
 1.23038295e+08  1.32175396e-02 
 1.25905523e+08  1.33709068e-02 
 1.28839568e+08  1.35307534e-02 
 1.31841987e+08  1.36973423e-02 
 1.34914372e+08  1.38709485e-02 
 1.38058355e+08  1.40518591e-02 
 1.41275604e+08  1.42403749e-02 
 1.44567827e+08  1.44368108e-02 
 1.47936769e+08  1.46414969e-02 
 1.51384220e+08  1.48547797e-02 
 1.54912009e+08  1.50770228e-02 
 1.58522008e+08  1.53086088e-02 
 1.62216133e+08  1.55499399e-02 
 1.65996343e+08  1.58014397e-02 
 1.69864646e+08  1.60635550e-02 
 1.73823095e+08  1.63367567e-02 
 1.77873789e+08  1.66215421e-02 
 1.82018879e+08  1.69184368e-02 
 1.86260564e+08  1.72279963e-02 
 1.90601095e+08  1.75508086e-02 
 1.95042776e+08  1.78874959e-02 
 1.99587964e+08  1.82387175e-02 
 2.04239071e+08  1.86051715e-02 
 2.08998565e+08  1.89875980e-02 
 2.13868972e+08  1.93867811e-02 
 2.18852877e+08  1.98035515e-02 
 2.23952925e+08  2.02387890e-02 
 2.29171822e+08  2.06934244e-02 
 2.34512337e+08  2.11684416e-02 
 2.39977306e+08  2.16648786e-02 
 2.45569627e+08  2.21838287e-02 
 2.51292270e+08  2.27264397e-02 
 2.57148271e+08  2.32939121e-02 
 2.63140737e+08  2.38874957e-02 
 2.69272848e+08  2.45084834e-02 
 2.75547860e+08  2.51582011e-02 
 2.81969102e+08  2.58379943e-02 
 2.88539981e+08  2.65492080e-02 
 2.95263985e+08  2.72931591e-02 
 3.02144683e+08  2.80710996e-02 
 3.09185725e+08  2.88841669e-02 
 3.16390848e+08  2.97333184e-02 
 3.23763876e+08  3.06192466e-02 
 3.31308722e+08  3.15422696e-02 
 3.39029389e+08  3.25021909e-02 
 3.46929975e+08  3.34981246e-02 
 3.55014673e+08  3.45282774e-02 
 3.63287773e+08  3.55896841e-02 
 3.71753666e+08  3.66778929e-02 
 3.80416844e+08  3.77866010e-02 
 3.89281904e+08  3.89072512e-02 
 3.98353552e+08  4.00286084e-02 
 4.07636602e+08  4.11363542e-02 
 4.17135980e+08  4.22127607e-02 
 4.26856726e+08  4.32365259e-02 
 4.36804001e+08  4.41828821e-02 
 4.46983082e+08  4.50240953e-02 
 4.57399372e+08  4.57304672e-02 
 4.68058398e+08  4.62718966e-02 
 4.78965818e+08  4.66199633e-02 
 4.90127419e+08  4.67503606e-02 
 5.01549125e+08  4.66453593e-02 
 5.13236997e+08  4.62958857e-02 
 5.25197238e+08  4.57027961e-02 
 5.37436195e+08  4.48770549e-02 
 5.49960363e+08  4.38387507e-02 
 5.62776388e+08  4.26151408e-02 
 5.75891073e+08  4.12381075e-02 
 5.89311376e+08  3.97414841e-02 
 6.03044419e+08  3.81586526e-02 
 6.17097492e+08  3.65206777e-02 
 6.31478050e+08  3.48550813e-02 
 6.46193727e+08  3.31852265e-02 
 6.61252331e+08  3.15302005e-02 
 6.76661854e+08  2.99050530e-02 
 6.92430473e+08  2.83212525e-02 
 7.08566557e+08  2.67872505e-02 
 7.25078669e+08  2.53090730e-02 
 7.41975572e+08  2.38908915e-02 
 7.59266232e+08  2.25355471e-02 
 7.76959826e+08  2.12450201e-02 
 7.95065744e+08  2.00208464e-02 
 8.13593593e+08  1.88644913e-02 
 8.32553207e+08  1.77776908e-02 
 8.51954648e+08  1.67627711e-02 
 8.71808210e+08  1.58229563e-02 
 8.92124431e+08  1.49626640e-02 
 9.12914092e+08  1.41877820e-02 
 9.34188226e+08  1.35059009e-02 
 9.55958123e+08  1.29264621e-02 
 9.78235335e+08  1.24607641e-02 
 1.00103169e+09  1.21217703e-02 
 1.02435927e+09  1.19237019e-02 
 1.04823047e+09  1.18814805e-02 
 1.07265796e+09  1.20101967e-02 
 1.09765469e+09  1.23248183e-02 
 1.12323393e+09  1.28401361e-02 
 1.14940927e+09  1.35701335e-02 
 1.17619457e+09  1.45236679e-02 
 1.20360408e+09  1.56867882e-02 
 1.23165232e+09  1.69635576e-02 
 1.26035418e+09  1.80093653e-02 
 1.28972490e+09  1.79308321e-02 
 1.31978006e+09  1.54723477e-02 
 1.35053561e+09  1.07554016e-02 
 1.38200788e+09  5.69268270e-03 
 1.41421356e+09  2.03230133e-03 
 1.44716975e+09  3.05735172e-03 
 1.48089393e+09  5.61776793e-03 
 1.51540401e+09  7.93484991e-03 
 1.55071830e+09  1.00238228e-02 
 1.58685553e+09  1.19663100e-02 
 1.62383489e+09  1.38276947e-02 
 1.66167599e+09  1.56570883e-02 
 1.70039893e+09  1.74926890e-02 
 1.74002425e+09  1.93661229e-02 
 1.78057299e+09  2.13055204e-02 
 1.82206665e+09  2.33377304e-02 
 1.86452726e+09  2.54900191e-02 
 1.90797735e+09  2.77914945e-02 
 1.95243999e+09  3.02744053e-02 
 1.99793876e+09  3.29753962e-02 
 2.04449781e+09  3.59367210e-02 
 2.09214185e+09  3.92072919e-02 
 2.14089617e+09  4.28432031e-02 
 2.19078664e+09  4.69068726e-02 
 2.24183974e+09  5.14629332e-02 
 2.29408255e+09  5.65669813e-02 
 2.34754280e+09  6.22395367e-02 
 2.40224887e+09  6.84116958e-02 
 2.45822978e+09  7.48240614e-02 
 2.51551525e+09  8.08729753e-02 
 2.57413567e+09  8.54714420e-02 
 2.63412215e+09  8.71551748e-02 
 2.69550653e+09  8.47057297e-02 
 2.75832139e+09  7.80048573e-02 
 2.82260005e+09  6.81605266e-02 
 2.88837664e+09  5.66770643e-02 
 2.95568605e+09  4.46197310e-02 
 3.02456401e+09  3.23634222e-02 
 3.09504707e+09  1.96829812e-02 
 3.16717263e+09  5.81674563e-03 
 3.24097898e+09  1.09098903e-02 
 3.31650528e+09  3.47339295e-02 
 3.39379160e+09  3.80080532e-02 
 3.47287898e+09  7.47583051e-02 
 3.55380937e+09  9.66417321e-02 
 3.63662572e+09  9.58874393e-02 
 3.72137199e+09  7.38604013e-02 
 3.80809314e+09  7.87298687e-02 
 3.89683521e+09  6.78218440e-02 
 3.98764528e+09  5.93806122e-02 
 4.08057155e+09  5.25968167e-02 
 4.17566333e+09  4.69577230e-02 
 4.27297108e+09  4.22972723e-02 
 4.37254645e+09  3.79143002e-02 
 4.47444228e+09  3.39294931e-02 
 4.57871264e+09  2.99864122e-02 
 4.68541287e+09  2.56391766e-02 
 4.79459960e+09  1.97735497e-02 
 4.90633076e+09  1.22504263e-02 
 5.02066566e+09  5.14760579e-02 
 5.13766496e+09  6.41442283e-02 
 5.25739076e+09  2.66896316e-02 
 5.37990660e+09  2.75183988e-02 
 5.50527749e+09  2.37805527e-02 
 5.63356997e+09  3.15741135e-02 
 5.76485211e+09  1.63684338e-02 
 5.89919360e+09  1.35973534e-02 
 6.03666571e+09  1.45447031e-02 
 6.17734142e+09  3.05907732e-02 
 6.32129537e+09  2.51116922e-02 
 6.46860395e+09  2.85281362e-02 
 6.61934535e+09  2.69442898e-02 
 6.77359956e+09  6.70246633e-03 
 6.93144843e+09  1.12269603e-02 
 7.09297575e+09  1.71335763e-02 
 7.25826722e+09  6.02287034e-02 
 7.42741057e+09  9.07467890e-03 
 7.60049556e+09  8.29116968e-03 
 7.77761404e+09  4.31075216e-02 
 7.95886001e+09  2.69497140e-03 
 8.14432966e+09  3.50941694e-03 
 8.33412140e+09  4.65735156e-03 
 8.52833597e+09  3.14942289e-03 
 8.72707642e+09  4.15033303e-04 
 8.93044823e+09  2.24198915e-03 
 9.13855932e+09  2.36198122e-03 
 9.35152014e+09  1.22642750e-02 
 9.56944371e+09  2.76882687e-03 
 9.79244566e+09  6.93985287e-03 
 1.00206443e+10  1.00632416e-02 
 1.02541609e+10  1.24547000e-02 
 1.04931192e+10  1.52497337e-02 
 1.07376460e+10  1.85882856e-02 
 1.09878712e+10  2.26915556e-02 
 1.12439276e+10  2.78962673e-02 
 1.15059509e+10  3.47302747e-02 
 1.17740804e+10  4.40116150e-02 
 1.20484582e+10  5.68123358e-02 
 1.23292299e+10  7.32505113e-02 
 1.26165447e+10  8.70748482e-02 
 1.29105549e+10  8.44339955e-02 
 1.32114166e+10  6.82476935e-02 
 1.35192894e+10  5.15958026e-02 
 1.38343368e+10  3.79222609e-02 
 1.41567259e+10  2.54839392e-02 
 1.44866277e+10  4.63763244e-03 
 1.48242175e+10  6.77390983e-03 
 1.51696743e+10  1.92973104e-02 
 1.55231815e+10  6.80002756e-03 
 1.58849266e+10  3.88123548e-02 
 1.62551017e+10  4.30032676e-02 
 1.66339032e+10  3.68552584e-02 
 1.70215321e+10  3.19532625e-02 
 1.74181941e+10  2.86897998e-02 
 1.78240998e+10  2.62755112e-02 
 1.82394645e+10  2.35090100e-02 
 1.86645086e+10  2.07597092e-02 
 1.90994578e+10  1.86766830e-02 
 1.95445429e+10  1.70837273e-02 
 2.00000000e+10  1.57593950e-02 
