 1.00000000e+08  1.94258455e-02 
 1.02330354e+08  1.94767700e-02 
 1.04715014e+08  1.95154891e-02 
 1.07155245e+08  1.95400837e-02 
 1.09652342e+08  1.95485283e-02 
 1.12207630e+08  1.95387211e-02 
 1.14822466e+08  1.95085239e-02 
 1.17498236e+08  1.94558135e-02 
 1.20236362e+08  1.93785434e-02 
 1.23038295e+08  1.92748155e-02 
 1.25905523e+08  1.91429593e-02 
 1.28839568e+08  1.89816147e-02 
 1.31841987e+08  1.87898151e-02 
 1.34914372e+08  1.85670633e-02 
 1.38058355e+08  1.83133958e-02 
 1.41275604e+08  1.80294284e-02 
 1.44567827e+08  1.77163788e-02 
 1.47936769e+08  1.73760624e-02 
 1.51384220e+08  1.70108602e-02 
 1.54912009e+08  1.66236597e-02 
 1.58522008e+08  1.62177740e-02 
 1.62216133e+08  1.57968428e-02 
 1.65996343e+08  1.53647239e-02 
 1.69864646e+08  1.49253822e-02 
 1.73823095e+08  1.44827831e-02 
 1.77873789e+08  1.40407959e-02 
 1.82018879e+08  1.36031119e-02 
 1.86260564e+08  1.31731791e-02 
 1.90601095e+08  1.27541536e-02 
 1.95042776e+08  1.23488686e-02 
 1.99587964e+08  1.19598168e-02 
 2.04239071e+08  1.15891457e-02 
 2.08998565e+08  1.12386617e-02 
 2.13868972e+08  1.09098409e-02 
 2.18852877e+08  1.06038449e-02 
 2.23952925e+08  1.03215380e-02 
 2.29171822e+08  1.00635063e-02 
 2.34512337e+08  9.83007540e-03 
 2.39977306e+08  9.62132817e-03 
 2.45569627e+08  9.43711971e-03 
 2.51292270e+08  9.27708943e-03 
 2.57148271e+08  9.14066756e-03 
 2.63140737e+08  9.02707227e-03 
 2.69272848e+08  8.93528898e-03 
 2.75547860e+08  8.86401589e-03 
 2.81969102e+08  8.81154012e-03 
 2.88539981e+08  8.77546362e-03 
 2.95263985e+08  8.75207153e-03 
 3.02144683e+08  8.73474417e-03 
 3.09185725e+08  8.70936634e-03 
 3.16390848e+08  8.63800965e-03 
 3.23763876e+08  8.38451262e-03 
 3.31308722e+08  8.18093357e-03 
 3.39029389e+08  9.97912936e-03 
 3.46929975e+08  1.00063328e-02 
 3.55014673e+08  1.01768773e-02 
 3.63287773e+08  1.07793717e-02 
 3.71753666e+08  1.07966864e-02 
 3.80416844e+08  1.04249423e-02 
 3.89281904e+08  1.09481887e-02 
 3.98353552e+08  1.11935429e-02 
 4.07636602e+08  1.25075216e-02 
 4.17135980e+08  1.08930702e-02 
 4.26856726e+08  1.08498508e-02 
 4.36804001e+08  1.12069507e-02 
 4.46983082e+08  1.19558633e-02 
 4.57399372e+08  1.18444010e-02 
 4.68058398e+08  1.23336345e-02 
 4.78965818e+08  1.29203611e-02 
 4.90127419e+08  1.33704112e-02 
 5.01549125e+08  1.44120177e-02 
 5.13236997e+08  1.45116416e-02 
 5.25197238e+08  1.55338736e-02 
 5.37436195e+08  1.81392697e-02 
 5.49960363e+08  1.76392871e-02 
 5.62776388e+08  2.02722750e-02 
 5.75891073e+08  1.91446656e-02 
 5.89311376e+08  1.14117869e-02 
 6.03044419e+08  9.13983807e-03 
 6.17097492e+08  1.14098002e-02 
 6.31478050e+08  1.31104670e-02 
 6.46193727e+08  1.45480349e-02 
 6.61252331e+08  1.69065640e-02 
 6.76661854e+08  1.68845188e-02 
 6.92430473e+08  1.84931276e-02 
 7.08566557e+08  2.07521020e-02 
 7.25078669e+08  2.35710823e-02 
 7.41975572e+08  2.72433702e-02 
 7.59266232e+08  3.17581213e-02 
 7.76959826e+08  3.56486535e-02 
 7.95065744e+08  3.52292588e-02 
 8.13593593e+08  3.00944317e-02 
 8.32553207e+08  2.45157653e-02 
 8.51954648e+08  2.05892402e-02 
 8.71808210e+08  1.82279771e-02 
 8.92124431e+08  1.69434180e-02 
 9.12914092e+08  1.63538736e-02 
 9.34188226e+08  1.62255884e-02 
 9.55958123e+08  1.64432598e-02 
 9.78235335e+08  1.70004610e-02 
 1.00103169e+09  1.80601771e-02 
 1.02435927e+09  1.99805135e-02 
 1.04823047e+09  1.97551842e-02 
 1.07265796e+09  2.04831321e-02 
 1.09765469e+09  2.00513117e-02 
 1.12323393e+09  2.12270328e-02 
 1.14940927e+09  2.37349903e-02 
 1.17619457e+09  2.61615753e-02 
 1.20360408e+09  2.83338671e-02 
 1.23165232e+09  3.00338402e-02 
 1.26035418e+09  3.10621283e-02 
 1.28972490e+09  3.13657436e-02 
 1.31978006e+09  3.10759865e-02 
 1.35053561e+09  3.04083427e-02 
 1.38200788e+09  2.95331479e-02 
 1.41421356e+09  2.85254603e-02 
 1.44716975e+09  2.73914702e-02 
 1.48089393e+09  2.61186437e-02 
 1.51540401e+09  2.47124845e-02 
 1.55071830e+09  2.32081629e-02 
 1.58685553e+09  2.16614830e-02 
 1.62383489e+09  2.01309374e-02 
 1.66167599e+09  1.86623354e-02 
 1.70039893e+09  1.72827034e-02 
 1.74002425e+09  1.60039356e-02 
 1.78057299e+09  1.48308769e-02 
 1.82206665e+09  1.37668747e-02 
 1.86452726e+09  1.28143946e-02 
 1.90797735e+09  1.19734593e-02 
 1.95243999e+09  1.12410350e-02 
 1.99793876e+09  1.06121258e-02 
 2.04449781e+09  1.00817846e-02 
 2.09214185e+09  9.64680296e-03 
 2.14089617e+09  9.30556873e-03 
 2.19078664e+09  9.05465578e-03 
 2.24183974e+09  8.88266476e-03 
 2.29408255e+09  8.76725595e-03 
 2.34754280e+09  8.68642645e-03 
 2.40224887e+09  8.64127338e-03 
 2.45822978e+09  8.65523279e-03 
 2.51551525e+09  8.74225956e-03 
 2.57413567e+09  8.89317327e-03 
 2.63412215e+09  9.08906323e-03 
 2.69550653e+09  9.31358333e-03 
 2.75832139e+09  9.55598135e-03 
 2.82260005e+09  9.80997732e-03 
 2.88837664e+09  1.00721325e-02 
 2.95568605e+09  1.03406939e-02 
 3.02456401e+09  1.06149387e-02 
 3.09504707e+09  1.08949174e-02 
 3.16717263e+09  1.11817255e-02 
 3.24097898e+09  1.14798959e-02 
 3.31650528e+09  1.18304596e-02 
 3.39379160e+09  1.19828272e-02 
 3.47287898e+09  1.23200764e-02 
 3.55380937e+09  1.26385715e-02 
 3.63662572e+09  1.29586921e-02 
 3.72137199e+09  1.32843426e-02 
 3.80809314e+09  1.36172013e-02 
 3.89683521e+09  1.39585284e-02 
 3.98764528e+09  1.43097112e-02 
 4.08057155e+09  1.46730949e-02 
 4.17566333e+09  1.50603674e-02 
 4.27297108e+09  1.54004440e-02 
 4.37254645e+09  1.58264427e-02 
 4.47444228e+09  1.62022421e-02 
 4.57871264e+09  1.66599351e-02 
 4.68541287e+09  1.71301413e-02 
 4.79459960e+09  1.76441696e-02 
 4.90633076e+09  1.83248242e-02 
 5.02066566e+09  1.86747491e-02 
 5.13766496e+09  2.06291891e-02 
 5.25739076e+09  1.89201571e-02 
 5.37990660e+09  2.01907037e-02 
 5.50527749e+09  2.15830600e-02 
 5.63356997e+09  2.03083518e-02 
 5.76485211e+09  2.23121483e-02 
 5.89919360e+09  2.56632583e-02 
 6.03666571e+09  2.00090553e-02 
 6.17734142e+09  2.27480872e-02 
 6.32129537e+09  2.45047208e-02 
 6.46860395e+09  2.64270562e-02 
 6.61934535e+09  2.93310603e-02 
 6.77359956e+09  3.46693481e-02 
 6.93144843e+09  2.86526000e-02 
 7.09297575e+09  2.13690286e-02 
 7.25826722e+09  3.39532537e-02 
 7.42741057e+09  4.25079801e-02 
 7.60049556e+09  2.04732368e-02 
 7.77761404e+09  2.70115333e-02 
 7.95886001e+09  1.76027267e-02 
 8.14432966e+09  2.11938519e-02 
 8.33412140e+09  2.42537993e-02 
 8.52833597e+09  2.58525823e-02 
 8.72707642e+09  2.43787493e-02 
 8.93044823e+09  2.63341173e-02 
 9.13855932e+09  2.76568230e-02 
 9.35152014e+09  2.92627832e-02 
 9.56944371e+09  3.07875782e-02 
 9.79244566e+09  3.04449383e-02 
 1.00206443e+10  3.18225499e-02 
 1.02541609e+10  3.30355643e-02 
 1.04931192e+10  3.42344777e-02 
 1.07376460e+10  3.54574735e-02 
 1.09878712e+10  3.67224394e-02 
 1.12439276e+10  3.80437023e-02 
 1.15059509e+10  3.94359742e-02 
 1.17740804e+10  4.09164531e-02 
 1.20484582e+10  4.25068393e-02 
 1.23292299e+10  4.42359370e-02 
 1.26165447e+10  4.61432464e-02 
 1.29105549e+10  4.82831854e-02 
 1.32114166e+10  5.07243917e-02 
 1.35192894e+10  5.35014792e-02 
 1.38343368e+10  5.61221516e-02 
 1.41567259e+10  5.13321987e-02 
 1.44866277e+10  4.19227827e-02 
 1.48242175e+10  5.27180314e-02 
 1.51696743e+10  4.68344314e-02 
 1.55231815e+10  5.26115821e-02 
 1.58849266e+10  5.54364759e-02 
 1.62551017e+10  5.78031241e-02 
 1.66339032e+10  6.05082878e-02 
 1.70215321e+10  6.35382071e-02 
 1.74181941e+10  6.68672760e-02 
 1.78240998e+10  7.04831133e-02 
 1.82394645e+10  7.43258330e-02 
 1.86645086e+10  7.81870459e-02 
 1.90994578e+10  8.18449606e-02 
 1.95445429e+10  8.58772598e-02 
 2.00000000e+10  9.12833396e-02 
