 1.00000000e+08  1.86727572e-02 
 1.02330354e+08  1.87213491e-02 
 1.04715014e+08  1.87588075e-02 
 1.07155245e+08  1.87833054e-02 
 1.09652342e+08  1.87929047e-02 
 1.12207630e+08  1.87855826e-02 
 1.14822466e+08  1.87592682e-02 
 1.17498236e+08  1.87118893e-02 
 1.20236362e+08  1.86414295e-02 
 1.23038295e+08  1.85459950e-02 
 1.25905523e+08  1.84238890e-02 
 1.28839568e+08  1.82736897e-02 
 1.31841987e+08  1.80943293e-02 
 1.34914372e+08  1.78851669e-02 
 1.38058355e+08  1.76460504e-02 
 1.41275604e+08  1.73773622e-02 
 1.44567827e+08  1.70800424e-02 
 1.47936769e+08  1.67555877e-02 
 1.51384220e+08  1.64060237e-02 
 1.54912009e+08  1.60338518e-02 
 1.58522008e+08  1.56419748e-02 
 1.62216133e+08  1.52336057e-02 
 1.65996343e+08  1.48121669e-02 
 1.69864646e+08  1.43811870e-02 
 1.73823095e+08  1.39442010e-02 
 1.77873789e+08  1.35046610e-02 
 1.82018879e+08  1.30658602e-02 
 1.86260564e+08  1.26308733e-02 
 1.90601095e+08  1.22025135e-02 
 1.95042776e+08  1.17833066e-02 
 1.99587964e+08  1.13754788e-02 
 2.04239071e+08  1.09809580e-02 
 2.08998565e+08  1.06013840e-02 
 2.13868972e+08  1.02381264e-02 
 2.18852877e+08  9.89230801e-03 
 2.23952925e+08  9.56483031e-03 
 2.29171822e+08  9.25640168e-03 
 2.34512337e+08  8.96756614e-03 
 2.39977306e+08  8.69873307e-03 
 2.45569627e+08  8.45020875e-03 
 2.51292270e+08  8.22223179e-03 
 2.57148271e+08  8.01501666e-03 
 2.63140737e+08  7.82881379e-03 
 2.69272848e+08  7.66400243e-03 
 2.75547860e+08  7.52125075e-03 
 2.81969102e+08  7.40182117e-03 
 2.88539981e+08  7.30821432e-03 
 2.95263985e+08  7.24569003e-03 
 3.02144683e+08  7.22639563e-03 
 3.09185725e+08  7.28283934e-03 
 3.16390848e+08  7.52499972e-03 
 3.23763876e+08  8.49476072e-03 
 3.31308722e+08  1.29105133e-02 
 3.39029389e+08  9.17012437e-03 
 3.46929975e+08  7.63954557e-03 
 3.55014673e+08  7.39996121e-03 
 3.63287773e+08  7.70896719e-03 
 3.71753666e+08  8.29729988e-03 
 3.80416844e+08  7.65763973e-03 
 3.89281904e+08  8.01173883e-03 
 3.98353552e+08  9.06515509e-03 
 4.07636602e+08  1.04156214e-02 
 4.17135980e+08  1.15954263e-02 
 4.26856726e+08  9.12531710e-03 
 4.36804001e+08  8.34058787e-03 
 4.46983082e+08  1.17351155e-02 
 4.57399372e+08  8.63447960e-03 
 4.68058398e+08  9.97848764e-03 
 4.78965818e+08  1.35298501e-02 
 4.90127419e+08  8.14915832e-03 
 5.01549125e+08  7.82747073e-03 
 5.13236997e+08  8.64412519e-03 
 5.25197238e+08  8.39489797e-03 
 5.37436195e+08  8.58463561e-03 
 5.49960363e+08  8.22592563e-03 
 5.62776388e+08  7.95978633e-03 
 5.75891073e+08  8.50015122e-03 
 5.89311376e+08  7.70257103e-03 
 6.03044419e+08  8.22382258e-03 
 6.17097492e+08  8.66724741e-03 
 6.31478050e+08  8.87304147e-03 
 6.46193727e+08  9.32292017e-03 
 6.61252331e+08  1.02414630e-02 
 6.76661854e+08  1.00687514e-02 
 6.92430473e+08  1.05663536e-02 
 7.08566557e+08  1.12964282e-02 
 7.25078669e+08  1.22953323e-02 
 7.41975572e+08  1.36418585e-02 
 7.59266232e+08  1.53571207e-02 
 7.76959826e+08  1.69008968e-02 
 7.95065744e+08  1.68280475e-02 
 8.13593593e+08  1.49860749e-02 
 8.32553207e+08  1.30596261e-02 
 8.51954648e+08  1.18001828e-02 
 8.71808210e+08  1.11045709e-02 
 8.92124431e+08  1.07579809e-02 
 9.12914092e+08  1.06148519e-02 
 9.34188226e+08  1.05930713e-02 
 9.55958123e+08  1.06504228e-02 
 9.78235335e+08  1.07720094e-02 
 1.00103169e+09  1.09766296e-02 
 1.02435927e+09  1.13619554e-02 
 1.04823047e+09  1.15087548e-02 
 1.07265796e+09  1.15981366e-02 
 1.09765469e+09  1.19028355e-02 
 1.12323393e+09  1.22859022e-02 
 1.14940927e+09  1.27426112e-02 
 1.17619457e+09  1.32217265e-02 
 1.20360408e+09  1.36873482e-02 
 1.23165232e+09  1.40952815e-02 
 1.26035418e+09  1.44062287e-02 
 1.28972490e+09  1.46085111e-02 
 1.31978006e+09  1.47264492e-02 
 1.35053561e+09  1.48028489e-02 
 1.38200788e+09  1.48751230e-02 
 1.41421356e+09  1.49649025e-02 
 1.44716975e+09  1.50801703e-02 
 1.48089393e+09  1.52209817e-02 
 1.51540401e+09  1.53838554e-02 
 1.55071830e+09  1.55641255e-02 
 1.58685553e+09  1.57570427e-02 
 1.62383489e+09  1.59585072e-02 
 1.66167599e+09  1.61659415e-02 
 1.70039893e+09  1.63791534e-02 
 1.74002425e+09  1.66003976e-02 
 1.78057299e+09  1.68331094e-02 
 1.82206665e+09  1.70800682e-02 
 1.86452726e+09  1.73423598e-02 
 1.90797735e+09  1.76195454e-02 
 1.95243999e+09  1.79103992e-02 
 1.99793876e+09  1.82135397e-02 
 2.04449781e+09  1.85277291e-02 
 2.09214185e+09  1.88518909e-02 
 2.14089617e+09  1.91849423e-02 
 2.19078664e+09  1.95255161e-02 
 2.24183974e+09  1.98717740e-02 
 2.29408255e+09  2.02219388e-02 
 2.34754280e+09  2.05763380e-02 
 2.40224887e+09  2.09393389e-02 
 2.45822978e+09  2.13168380e-02 
 2.51551525e+09  2.17114865e-02 
 2.57413567e+09  2.21224323e-02 
 2.63412215e+09  2.25479792e-02 
 2.69550653e+09  2.29870978e-02 
 2.75832139e+09  2.34396069e-02 
 2.82260005e+09  2.39059953e-02 
 2.88837664e+09  2.43873387e-02 
 2.95568605e+09  2.48854527e-02 
 3.02456401e+09  2.54034756e-02 
 3.09504707e+09  2.59475819e-02 
 3.16717263e+09  2.65328024e-02 
 3.24097898e+09  2.72112110e-02 
 3.31650528e+09  2.83823463e-02 
 3.39379160e+09  2.69073818e-02 
 3.47287898e+09  2.82074260e-02 
 3.55380937e+09  2.89630945e-02 
 3.63662572e+09  2.96537424e-02 
 3.72137199e+09  3.03371458e-02 
 3.80809314e+09  3.10304187e-02 
 3.89683521e+09  3.17418896e-02 
 3.98764528e+09  3.24783987e-02 
 4.08057155e+09  3.32515037e-02 
 4.17566333e+09  3.41283090e-02 
 4.27297108e+09  3.46516206e-02 
 4.37254645e+09  3.56762881e-02 
 4.47444228e+09  3.63087208e-02 
 4.57871264e+09  3.73869934e-02 
 4.68541287e+09  3.84418960e-02 
 4.79459960e+09  3.96235128e-02 
 4.90633076e+09  4.12992297e-02 
 5.02066566e+09  4.23091544e-02 
 5.13766496e+09  5.04729369e-02 
 5.25739076e+09  3.92664598e-02 
 5.37990660e+09  4.37078478e-02 
 5.50527749e+09  4.73911635e-02 
 5.63356997e+09  4.05301111e-02 
 5.76485211e+09  4.59888156e-02 
 5.89919360e+09  4.95250590e-02 
 6.03666571e+09  4.65728834e-02 
 6.17734142e+09  5.07544746e-02 
 6.32129537e+09  5.36945680e-02 
 6.46860395e+09  5.72553770e-02 
 6.61934535e+09  6.30302628e-02 
 6.77359956e+09  7.36605273e-02 
 6.93144843e+09  4.63056160e-02 
 7.09297575e+09  3.64264224e-02 
 7.25826722e+09  5.18323521e-02 
 7.42741057e+09  5.33865953e-02 
 7.60049556e+09  6.73512507e-02 
 7.77761404e+09  9.18095446e-02 
 7.95886001e+09  5.37422000e-02 
 8.14432966e+09  6.09467209e-02 
 8.33412140e+09  7.90812008e-02 
 8.52833597e+09  2.63839623e-02 
 8.72707642e+09  4.38704516e-02 
 8.93044823e+09  7.51806931e-02 
 9.13855932e+09  5.62082929e-02 
 9.35152014e+09  6.10186607e-02 
 9.56944371e+09  6.49159519e-02 
 9.79244566e+09  6.68227966e-02 
 1.00206443e+10  6.94722926e-02 
 1.02541609e+10  7.20486151e-02 
 1.04931192e+10  7.45691041e-02 
 1.07376460e+10  7.70990151e-02 
 1.09878712e+10  7.96736555e-02 
 1.12439276e+10  8.23215834e-02 
 1.15059509e+10  8.50699911e-02 
 1.17740804e+10  8.79476879e-02 
 1.20484582e+10  9.09872690e-02 
 1.23292299e+10  9.42263985e-02 
 1.26165447e+10  9.77062239e-02 
 1.29105549e+10  1.01458789e-01 
 1.32114166e+10  1.05449796e-01 
 1.35192894e+10  1.09310443e-01 
 1.38343368e+10  1.10712929e-01 
 1.41567259e+10  9.17685986e-02 
 1.44866277e+10  8.83707149e-02 
 1.48242175e+10  1.03848616e-01 
 1.51696743e+10  8.42171051e-02 
 1.55231815e+10  1.03040306e-01 
 1.58849266e+10  1.03975964e-01 
 1.62551017e+10  1.06397326e-01 
 1.66339032e+10  1.10022813e-01 
 1.70215321e+10  1.14158595e-01 
 1.74181941e+10  1.18486893e-01 
 1.78240998e+10  1.22817163e-01 
 1.82394645e+10  1.26859962e-01 
 1.86645086e+10  1.30014290e-01 
 1.90994578e+10  1.31789799e-01 
 1.95445429e+10  1.33501430e-01 
 2.00000000e+10  1.36885513e-01 
