 1.00000000e+08  1.91781293e-02 
 1.02330354e+08  1.92202159e-02 
 1.04715014e+08  1.92507714e-02 
 1.07155245e+08  1.92679340e-02 
 1.09652342e+08  1.92697320e-02 
 1.12207630e+08  1.92541110e-02 
 1.14822466e+08  1.92189718e-02 
 1.17498236e+08  1.91622195e-02 
 1.20236362e+08  1.90818220e-02 
 1.23038295e+08  1.89758790e-02 
 1.25905523e+08  1.88426981e-02 
 1.28839568e+08  1.86808751e-02 
 1.31841987e+08  1.84893743e-02 
 1.34914372e+08  1.82676027e-02 
 1.38058355e+08  1.80154733e-02 
 1.41275604e+08  1.77334501e-02 
 1.44567827e+08  1.74225717e-02 
 1.47936769e+08  1.70844485e-02 
 1.51384220e+08  1.67212338e-02 
 1.54912009e+08  1.63355682e-02 
 1.58522008e+08  1.59305029e-02 
 1.62216133e+08  1.55094058e-02 
 1.65996343e+08  1.50758580e-02 
 1.69864646e+08  1.46335482e-02 
 1.73823095e+08  1.41861709e-02 
 1.77873789e+08  1.37373354e-02 
 1.82018879e+08  1.32904885e-02 
 1.86260564e+08  1.28488538e-02 
 1.90601095e+08  1.24153887e-02 
 1.95042776e+08  1.19927572e-02 
 1.99587964e+08  1.15833187e-02 
 2.04239071e+08  1.11891277e-02 
 2.08998565e+08  1.08119445e-02 
 2.13868972e+08  1.04532525e-02 
 2.18852877e+08  1.01142804e-02 
 2.23952925e+08  9.79602710e-03 
 2.29171822e+08  9.49928899e-03 
 2.34512337e+08  9.22468762e-03 
 2.39977306e+08  8.97269912e-03 
 2.45569627e+08  8.74368593e-03 
 2.51292270e+08  8.53793402e-03 
 2.57148271e+08  8.35570034e-03 
 2.63140737e+08  8.19728051e-03 
 2.69272848e+08  8.06311487e-03 
 2.75547860e+08  7.95397156e-03 
 2.81969102e+08  7.87129124e-03 
 2.88539981e+08  7.81790174e-03 
 2.95263985e+08  7.79967153e-03 
 3.02144683e+08  7.82989847e-03 
 3.09185725e+08  7.94329438e-03 
 3.16390848e+08  8.25373341e-03 
 3.23763876e+08  9.30247762e-03 
 3.31308722e+08  1.36294550e-02 
 3.39029389e+08  9.60887216e-03 
 3.46929975e+08  8.22820019e-03 
 3.55014673e+08  8.09798114e-03 
 3.63287773e+08  8.49091637e-03 
 3.71753666e+08  8.98677316e-03 
 3.80416844e+08  8.42735571e-03 
 3.89281904e+08  8.78290474e-03 
 3.98353552e+08  9.63283962e-03 
 4.07636602e+08  1.07726314e-02 
 4.17135980e+08  1.19465449e-02 
 4.26856726e+08  9.76839705e-03 
 4.36804001e+08  9.41675932e-03 
 4.46983082e+08  1.13764664e-02 
 4.57399372e+08  1.05633192e-02 
 4.68058398e+08  1.33256195e-02 
 4.78965818e+08  1.96661216e-02 
 4.90127419e+08  1.11455290e-02 
 5.01549125e+08  1.09715708e-02 
 5.13236997e+08  8.65059740e-03 
 5.25197238e+08  9.72807057e-03 
 5.37436195e+08  1.22388214e-02 
 5.49960363e+08  1.15948689e-02 
 5.62776388e+08  1.18884424e-02 
 5.75891073e+08  1.19592641e-02 
 5.89311376e+08  1.17285814e-02 
 6.03044419e+08  6.52704043e-03 
 6.17097492e+08  8.04616723e-03 
 6.31478050e+08  8.94700301e-03 
 6.46193727e+08  9.41096047e-03 
 6.61252331e+08  1.00475937e-02 
 6.76661854e+08  1.05608639e-02 
 6.92430473e+08  1.12326486e-02 
 7.08566557e+08  1.20640343e-02 
 7.25078669e+08  1.31159577e-02 
 7.41975572e+08  1.45230746e-02 
 7.59266232e+08  1.63339385e-02 
 7.76959826e+08  1.80331007e-02 
 7.95065744e+08  1.81400958e-02 
 8.13593593e+08  1.64264487e-02 
 8.32553207e+08  1.45753593e-02 
 8.51954648e+08  1.33617808e-02 
 8.71808210e+08  1.26945653e-02 
 8.92124431e+08  1.23658636e-02 
 9.12914092e+08  1.22342026e-02 
 9.34188226e+08  1.22192676e-02 
 9.55958123e+08  1.22790720e-02 
 9.78235335e+08  1.23979165e-02 
 1.00103169e+09  1.25925814e-02 
 1.02435927e+09  1.29684216e-02 
 1.04823047e+09  1.32895095e-02 
 1.07265796e+09  1.37291566e-02 
 1.09765469e+09  1.38088100e-02 
 1.12323393e+09  1.29059421e-02 
 1.14940927e+09  1.33482078e-02 
 1.17619457e+09  1.38421726e-02 
 1.20360408e+09  1.43267557e-02 
 1.23165232e+09  1.47811903e-02 
 1.26035418e+09  1.51775521e-02 
 1.28972490e+09  1.54988468e-02 
 1.31978006e+09  1.57517533e-02 
 1.35053561e+09  1.59602879e-02 
 1.38200788e+09  1.61501658e-02 
 1.41421356e+09  1.63392828e-02 
 1.44716975e+09  1.65368294e-02 
 1.48089393e+09  1.67460401e-02 
 1.51540401e+09  1.69669015e-02 
 1.55071830e+09  1.71978363e-02 
 1.58685553e+09  1.74366229e-02 
 1.62383489e+09  1.76810699e-02 
 1.66167599e+09  1.79297973e-02 
 1.70039893e+09  1.81830269e-02 
 1.74002425e+09  1.84427768e-02 
 1.78057299e+09  1.87120064e-02 
 1.82206665e+09  1.89932362e-02 
 1.86452726e+09  1.92877010e-02 
 1.90797735e+09  1.95954184e-02 
 1.95243999e+09  1.99157272e-02 
 1.99793876e+09  2.02477769e-02 
 2.04449781e+09  2.05907756e-02 
 2.09214185e+09  2.09440205e-02 
 2.14089617e+09  2.13067788e-02 
 2.19078664e+09  2.16780757e-02 
 2.24183974e+09  2.20565461e-02 
 2.29408255e+09  2.24408486e-02 
 2.34754280e+09  2.28312789e-02 
 2.40224887e+09  2.32313314e-02 
 2.45822978e+09  2.36457596e-02 
 2.51551525e+09  2.40767911e-02 
 2.57413567e+09  2.45238760e-02 
 2.63412215e+09  2.49857706e-02 
 2.69550653e+09  2.54617420e-02 
 2.75832139e+09  2.59517217e-02 
 2.82260005e+09  2.64561717e-02 
 2.88837664e+09  2.69760228e-02 
 2.95568605e+09  2.75127990e-02 
 3.02456401e+09  2.80690892e-02 
 3.09504707e+09  2.86499289e-02 
 3.16717263e+09  2.92674955e-02 
 3.24097898e+09  2.99638489e-02 
 3.31650528e+09  3.10611729e-02 
 3.39379160e+09  3.00278111e-02 
 3.47287898e+09  3.12366494e-02 
 3.55380937e+09  3.20100445e-02 
 3.63662572e+09  3.27347121e-02 
 3.72137199e+09  3.34572354e-02 
 3.80809314e+09  3.41913759e-02 
 3.89683521e+09  3.49437723e-02 
 3.98764528e+09  3.57198066e-02 
 4.08057155e+09  3.65285533e-02 
 4.17566333e+09  3.74233507e-02 
 4.27297108e+09  3.80379739e-02 
 4.37254645e+09  3.90530235e-02 
 4.47444228e+09  3.97760838e-02 
 4.57871264e+09  4.08332866e-02 
 4.68541287e+09  4.18754812e-02 
 4.79459960e+09  4.30122597e-02 
 4.90633076e+09  4.45186650e-02 
 5.02066566e+09  4.54395908e-02 
 5.13766496e+09  5.09722709e-02 
 5.25739076e+09  4.40290100e-02 
 5.37990660e+09  4.76421629e-02 
 5.50527749e+09  5.07034149e-02 
 5.63356997e+09  4.54465195e-02 
 5.76485211e+09  4.99212871e-02 
 5.89919360e+09  5.26821150e-02 
 6.03666571e+09  5.13010462e-02 
 6.17734142e+09  5.44037091e-02 
 6.32129537e+09  5.66721504e-02 
 6.46860395e+09  5.92626254e-02 
 6.61934535e+09  6.30453350e-02 
 6.77359956e+09  6.85438967e-02 
 6.93144843e+09  5.08106977e-02 
 7.09297575e+09  5.70891857e-02 
 7.25826722e+09  5.94947329e-02 
 7.42741057e+09  5.74381195e-02 
 7.60049556e+09  6.42448354e-02 
 7.77761404e+09  6.45083112e-02 
 7.95886001e+09  6.86985175e-02 
 8.14432966e+09  7.24599051e-02 
 8.33412140e+09  8.73348491e-02 
 8.52833597e+09  3.52473685e-02 
 8.72707642e+09  5.09208454e-02 
 8.93044823e+09  6.47740739e-02 
 9.13855932e+09  6.98081290e-02 
 9.35152014e+09  7.32569727e-02 
 9.56944371e+09  7.67132788e-02 
 9.79244566e+09  7.85053581e-02 
 1.00206443e+10  8.10933387e-02 
 1.02541609e+10  8.36687798e-02 
 1.04931192e+10  8.62253182e-02 
 1.07376460e+10  8.88153950e-02 
 1.09878712e+10  9.14658938e-02 
 1.12439276e+10  9.41988964e-02 
 1.15059509e+10  9.70358166e-02 
 1.17740804e+10  9.99995264e-02 
 1.20484582e+10  1.03115714e-01 
 1.23292299e+10  1.06413155e-01 
 1.26165447e+10  1.09920610e-01 
 1.29105549e+10  1.13651769e-01 
 1.32114166e+10  1.17544039e-01 
 1.35192894e+10  1.21187109e-01 
 1.38343368e+10  1.22250299e-01 
 1.41567259e+10  1.04536452e-01 
 1.44866277e+10  1.05058546e-01 
 1.48242175e+10  1.18591191e-01 
 1.51696743e+10  1.02245508e-01 
 1.55231815e+10  1.19674978e-01 
 1.58849266e+10  1.21123073e-01 
 1.62551017e+10  1.24013279e-01 
 1.66339032e+10  1.27957897e-01 
 1.70215321e+10  1.32337444e-01 
 1.74181941e+10  1.36878121e-01 
 1.78240998e+10  1.41415774e-01 
 1.82394645e+10  1.45699121e-01 
 1.86645086e+10  1.49218488e-01 
 1.90994578e+10  1.51603857e-01 
 1.95445429e+10  1.54044916e-01 
 2.00000000e+10  1.57974982e-01 
