 1.00000000e+08  2.01620989e-02 
 1.02329299e+08  2.02843556e-02 
 1.04712855e+08  2.04008384e-02 
 1.07151931e+08  2.05098918e-02 
 1.09647820e+08  2.06096594e-02 
 1.12201845e+08  2.06980815e-02 
 1.14815362e+08  2.07728993e-02 
 1.17489755e+08  2.08316686e-02 
 1.20226443e+08  2.08717848e-02 
 1.23026877e+08  2.08905216e-02 
 1.25892541e+08  2.08850862e-02 
 1.28824955e+08  2.08526899e-02 
 1.31825674e+08  2.07906363e-02 
 1.34896288e+08  2.06964246e-02 
 1.38038426e+08  2.05678646e-02 
 1.41253754e+08  2.04031966e-02 
 1.44543977e+08  2.02012111e-02 
 1.47910839e+08  1.99613558e-02 
 1.51356125e+08  1.96838222e-02 
 1.54881662e+08  1.93696020e-02 
 1.58489319e+08  1.90205049e-02 
 1.62181010e+08  1.86391353e-02 
 1.65958691e+08  1.82288258e-02 
 1.69824365e+08  1.77935341e-02 
 1.73780083e+08  1.73377093e-02 
 1.77827941e+08  1.68661390e-02 
 1.81970086e+08  1.63837900e-02 
 1.86208714e+08  1.58956533e-02 
 1.90546072e+08  1.54066028e-02 
 1.94984460e+08  1.49212764e-02 
 1.99526231e+08  1.44439816e-02 
 2.04173794e+08  1.39786283e-02 
 2.08929613e+08  1.35286871e-02 
 2.13796209e+08  1.30971696e-02 
 2.18776162e+08  1.26866278e-02 
 2.23872114e+08  1.22991677e-02 
 2.29086765e+08  1.19364737e-02 
 2.34422882e+08  1.15998407e-02 
 2.39883292e+08  1.12902108e-02 
 2.45470892e+08  1.10082143e-02 
 2.51188643e+08  1.07542142e-02 
 2.57039578e+08  1.05283562e-02 
 2.63026799e+08  1.03306275e-02 
 2.69153480e+08  1.01609308e-02 
 2.75422870e+08  1.00191880e-02 
 2.81838293e+08  9.90550216e-03 
 2.88403150e+08  9.82043768e-03 
 2.95120923e+08  9.76556850e-03 
 3.01995172e+08  9.74468282e-03 
 3.09029543e+08  9.76682130e-03 
 3.16227766e+08  9.85536458e-03 
 3.23593657e+08  1.00824209e-02 
 3.31131121e+08  1.07543626e-02 
 3.38844156e+08  1.39988313e-02 
 3.46736850e+08  1.38538200e-02 
 3.54813389e+08  1.04805933e-02 
 3.63078055e+08  1.00323128e-02 
 3.71535229e+08  9.99175574e-03 
 3.80189396e+08  1.00588850e-02 
 3.89045145e+08  1.01754618e-02 
 3.98107171e+08  1.03354248e-02 
 4.07380278e+08  1.05299684e-02 
 4.16869383e+08  1.05424191e-02 
 4.26579519e+08  1.07703506e-02 
 4.36515832e+08  1.10027369e-02 
 4.46683592e+08  1.12607405e-02 
 4.57088190e+08  1.15629175e-02 
 4.67735141e+08  1.19672847e-02 
 4.78630092e+08  1.27297732e-02 
 4.89778819e+08  1.30121389e-02 
 5.01187234e+08  1.35640889e-02 
 5.12861384e+08  1.51552901e-02 
 5.24807460e+08  1.65966723e-02 
 5.37031796e+08  1.47001585e-02 
 5.49540874e+08  1.74228173e-02 
 5.62341325e+08  1.43476862e-02 
 5.75439937e+08  1.58947381e-02 
 5.88843655e+08  1.58686246e-02 
 6.02559586e+08  1.86130755e-02 
 6.16595002e+08  2.69539936e-02 
 6.30957344e+08  1.31069740e-02 
 6.45654229e+08  9.73727383e-03 
 6.60693448e+08  1.17458515e-02 
 6.76082975e+08  1.47598268e-02 
 6.91830971e+08  1.34432423e-02 
 7.07945784e+08  1.45110680e-02 
 7.24435960e+08  1.60712318e-02 
 7.41310241e+08  1.97261898e-02 
 7.58577575e+08  2.40876451e-02 
 7.76247117e+08  1.66215116e-02 
 7.94328235e+08  1.76832565e-02 
 8.12830516e+08  9.17865529e-03 
 8.31763771e+08  1.59380222e-02 
 8.51138038e+08  1.56347986e-02 
 8.70963590e+08  1.71606809e-02 
 8.91250938e+08  1.98452444e-02 
 9.12010839e+08  2.00741025e-02 
 9.33254301e+08  1.77463146e-02 
 9.54992586e+08  1.52767219e-02 
 9.77237221e+08  1.86595214e-02 
 1.00000000e+09  2.13255692e-02 
 1.02329299e+09  2.00688480e-02 
 1.04712855e+09  1.78791761e-02 
 1.07151931e+09  1.67591859e-02 
 1.09647820e+09  1.68898941e-02 
 1.12201845e+09  1.83264113e-02 
 1.14815362e+09  1.83092589e-02 
 1.17489755e+09  1.96896240e-02 
 1.20226443e+09  2.18332733e-02 
 1.23026877e+09  2.39092231e-02 
 1.25892541e+09  2.49121479e-02 
 1.28824955e+09  2.42199692e-02 
 1.31825674e+09  2.25956618e-02 
 1.34896288e+09  2.08182793e-02 
 1.38038426e+09  2.01365242e-02 
 1.41253754e+09  1.81243360e-02 
 1.44543977e+09  2.04458847e-02 
 1.47910839e+09  2.24521270e-02 
 1.51356125e+09  2.36480885e-02 
 1.54881662e+09  2.47809550e-02 
 1.58489319e+09  2.60279516e-02 
 1.62181010e+09  2.74637731e-02 
 1.65958691e+09  2.91632077e-02 
 1.69824365e+09  3.12287529e-02 
 1.73780083e+09  3.38620097e-02 
 1.77827941e+09  3.71965406e-02 
 1.81970086e+09  3.30165865e-02 
 1.86208714e+09  3.73324332e-02 
 1.90546072e+09  3.96559915e-02 
 1.94984460e+09  4.07861378e-02 
 1.99526231e+09  4.07346965e-02 
 2.04173794e+09  3.93916630e-02 
 2.08929613e+09  3.68236213e-02 
 2.13796209e+09  3.34738563e-02 
 2.18776162e+09  2.99587878e-02 
 2.23872114e+09  2.67375946e-02 
 2.29086765e+09  2.40145733e-02 
 2.34422882e+09  2.18180254e-02 
 2.39883292e+09  2.00966725e-02 
 2.45470892e+09  1.87777757e-02 
 2.51188643e+09  1.77926628e-02 
 2.57039578e+09  1.70844704e-02 
 2.63026799e+09  1.66078423e-02 
 2.69153480e+09  1.63258479e-02 
 2.75422870e+09  1.62069565e-02 
 2.81838293e+09  1.62233766e-02 
 2.88403150e+09  1.63508588e-02 
 2.95120923e+09  1.65693402e-02 
 3.01995172e+09  1.68637723e-02 
 3.09029543e+09  1.72250013e-02 
 3.16227766e+09  1.76516902e-02 
 3.23593657e+09  1.81584099e-02 
 3.31131121e+09  1.88269924e-02 
 3.38844156e+09  1.84390620e-02 
 3.46736850e+09  1.94442811e-02 
 3.54813389e+09  2.02413351e-02 
 3.63078055e+09  2.10631998e-02 
 3.71535229e+09  2.19705154e-02 
 3.80189396e+09  2.29944141e-02 
 3.89045145e+09  2.41596884e-02 
 3.98107171e+09  2.54836634e-02 
 4.07380278e+09  2.69879188e-02 
 4.16869383e+09  2.84050963e-02 
 4.26579519e+09  2.55930630e-02 
 4.36515832e+09  3.00998932e-02 
 4.46683592e+09  2.96850527e-02 
 4.57088190e+09  2.80309612e-02 
 4.67735141e+09  2.57036881e-02 
 4.78630092e+09  2.34525600e-02 
 4.89778819e+09  2.17431808e-02 
 5.01187234e+09  2.07107553e-02 
 5.12861384e+09  2.04970392e-02 
 5.24807460e+09  1.98707754e-02 
 5.37031796e+09  2.03535117e-02 
 5.49540874e+09  2.10879743e-02 
 5.62341325e+09  2.22652111e-02 
 5.75439937e+09  2.33383255e-02 
 5.88843655e+09  2.50913522e-02 
 6.02559586e+09  2.71475103e-02 
 6.16595002e+09  2.92199930e-02 
 6.30957344e+09  3.06023762e-02 
 6.45654229e+09  3.05486914e-02 
 6.60693448e+09  2.91244245e-02 
 6.76082975e+09  2.73473734e-02 
 6.91830971e+09  2.61337690e-02 
 7.07945784e+09  2.49755759e-02 
 7.24435960e+09  2.45272194e-02 
 7.41310241e+09  2.49095236e-02 
 7.58577575e+09  2.65259834e-02 
 7.76247117e+09  3.45658061e-02 
 7.94328235e+09  1.59029731e-02 
 8.12830516e+09  2.10604048e-02 
 8.31763771e+09  2.26068676e-02 
 8.51138038e+09  2.34094688e-02 
 8.70963590e+09  2.28724248e-02 
 8.91250938e+09  2.39349373e-02 
 9.12010839e+09  2.48859210e-02 
 9.33254301e+09  2.59257063e-02 
 9.54992586e+09  2.60647324e-02 
 9.77237221e+09  2.68477893e-02 
 1.00000000e+10  2.75681324e-02 
 1.02329299e+10  2.82874601e-02 
 1.04712855e+10  2.90186455e-02 
 1.07151931e+10  2.97679773e-02 
 1.09647820e+10  3.05398145e-02 
 1.12201845e+10  3.13380095e-02 
 1.14815362e+10  3.21665497e-02 
 1.17489755e+10  3.30300555e-02 
 1.20226443e+10  3.39343861e-02 
 1.23026877e+10  3.48876132e-02 
 1.25892541e+10  3.59018760e-02 
 1.28824955e+10  3.69974208e-02 
 1.31825674e+10  3.82128622e-02 
 1.34896288e+10  3.96374819e-02 
 1.38038426e+10  4.15559544e-02 
 1.41253754e+10  4.58386114e-02 
 1.44543977e+10  3.64823229e-02 
 1.47910839e+10  4.40324832e-02 
 1.51356125e+10  3.43466688e-02 
 1.54881662e+10  4.15202457e-02 
 1.58489319e+10  4.42491554e-02 
 1.62181010e+10  4.62779298e-02 
 1.65958691e+10  4.81654740e-02 
 1.69824365e+10  5.00509819e-02 
 1.73780083e+10  5.19800250e-02 
 1.77827941e+10  5.39303608e-02 
 1.81970086e+10  5.57584706e-02 
 1.86208714e+10  5.71702339e-02 
 1.90546072e+10  5.81323891e-02 
 1.94984460e+10  5.93674564e-02 
 1.99526231e+10  6.13854128e-02 
