 1.00000000e+08  1.83957875e-02 
 1.02329299e+08  1.85441328e-02 
 1.04712855e+08  1.86989741e-02 
 1.07151931e+08  1.88606243e-02 
 1.09647820e+08  1.90294137e-02 
 1.12201845e+08  1.92056909e-02 
 1.14815362e+08  1.93898245e-02 
 1.17489755e+08  1.95822039e-02 
 1.20226443e+08  1.97832415e-02 
 1.23026877e+08  1.99933736e-02 
 1.25892541e+08  2.02130625e-02 
 1.28824955e+08  2.04427983e-02 
 1.31825674e+08  2.06831009e-02 
 1.34896288e+08  2.09345220e-02 
 1.38038426e+08  2.11976475e-02 
 1.41253754e+08  2.14730999e-02 
 1.44543977e+08  2.17615406e-02 
 1.47910839e+08  2.20636727e-02 
 1.51356125e+08  2.23802440e-02 
 1.54881662e+08  2.27120492e-02 
 1.58489319e+08  2.30599330e-02 
 1.62181010e+08  2.34247930e-02 
 1.65958691e+08  2.38075816e-02 
 1.69824365e+08  2.42093085e-02 
 1.73780083e+08  2.46310422e-02 
 1.77827941e+08  2.50739106e-02 
 1.81970086e+08  2.55391004e-02 
 1.86208714e+08  2.60278551e-02 
 1.90546072e+08  2.65414695e-02 
 1.94984460e+08  2.70812824e-02 
 1.99526231e+08  2.76486632e-02 
 2.04173794e+08  2.82449934e-02 
 2.08929613e+08  2.88716393e-02 
 2.13796209e+08  2.95299141e-02 
 2.18776162e+08  3.02210256e-02 
 2.23872114e+08  3.09460049e-02 
 2.29086765e+08  3.17056110e-02 
 2.34422882e+08  3.25002041e-02 
 2.39883292e+08  3.33295792e-02 
 2.45470892e+08  3.41927508e-02 
 2.51188643e+08  3.50876772e-02 
 2.57039578e+08  3.60109144e-02 
 2.63026799e+08  3.69571903e-02 
 2.69153480e+08  3.79188971e-02 
 2.75422870e+08  3.88855073e-02 
 2.81838293e+08  3.98429428e-02 
 2.88403150e+08  4.07729534e-02 
 2.95120923e+08  4.16526051e-02 
 3.01995172e+08  4.24540304e-02 
 3.09029543e+08  4.31446463e-02 
 3.16227766e+08  4.36880735e-02 
 3.23593657e+08  4.40459627e-02 
 3.31131121e+08  4.41808129e-02 
 3.38844156e+08  4.40596268e-02 
 3.46736850e+08  4.36579333e-02 
 3.54813389e+08  4.29634110e-02 
 3.63078055e+08  4.19782354e-02 
 3.71535229e+08  4.07194608e-02 
 3.80189396e+08  3.92172302e-02 
 3.89045145e+08  3.75111986e-02 
 3.98107171e+08  3.56460078e-02 
 4.07380278e+08  3.36667794e-02 
 4.16869383e+08  3.16154055e-02 
 4.26579519e+08  2.95280483e-02 
 4.36515832e+08  2.74338991e-02 
 4.46683592e+08  2.53550077e-02 
 4.57088190e+08  2.33069076e-02 
 4.67735141e+08  2.12998153e-02 
 4.78630092e+08  1.93403295e-02 
 4.89778819e+08  1.74338266e-02 
 5.01187234e+08  1.55882089e-02 
 5.12861384e+08  1.38205723e-02 
 5.24807460e+08  1.21701508e-02 
 5.37031796e+08  1.07237915e-02 
 5.49540874e+08  9.66011260e-03 
 5.62341325e+08  9.29217504e-03 
 5.75439937e+08  1.00133740e-02 
 5.88843655e+08  1.21710645e-02 
 6.02559586e+08  1.60171563e-02 
 6.16595002e+08  2.07058256e-02 
 6.30957344e+08  2.71699880e-02 
 6.45654229e+08  3.45215660e-02 
 6.60693448e+08  4.07807521e-02 
 6.76082975e+08  4.34038627e-02 
 6.91830971e+08  4.20818072e-02 
 7.07945784e+08  3.87415717e-02 
 7.24435960e+08  3.50691289e-02 
 7.41310241e+08  3.17743407e-02 
 7.58577575e+08  2.90171047e-02 
 7.76247117e+08  2.67651148e-02 
 7.94328235e+08  2.49422787e-02 
 8.12830516e+08  2.34757706e-02 
 8.31763771e+08  2.23070962e-02 
 8.51138038e+08  2.13922077e-02 
 8.70963590e+08  2.06989641e-02 
 8.91250938e+08  2.02044187e-02 
 9.12010839e+08  1.98925387e-02 
 9.33254301e+08  1.97523840e-02 
 9.54992586e+08  1.97766158e-02 
 9.77237221e+08  1.99601613e-02 
 1.00000000e+09  2.02988462e-02 
 1.02329299e+09  2.07877807e-02 
 1.04712855e+09  2.14192719e-02 
 1.07151931e+09  2.21800490e-02 
 1.09647820e+09  2.30477240e-02 
 1.12201845e+09  2.39867778e-02 
 1.14815362e+09  2.49451078e-02 
 1.17489755e+09  2.58532332e-02 
 1.20226443e+09  2.66290631e-02 
 1.23026877e+09  2.71903424e-02 
 1.25892541e+09  2.74732646e-02 
 1.28824955e+09  2.74504463e-02 
 1.31825674e+09  2.71391191e-02 
 1.34896288e+09  2.65949185e-02 
 1.38038426e+09  2.58951499e-02 
 1.41253754e+09  2.51203669e-02 
 1.44543977e+09  2.43412264e-02 
 1.47910839e+09  2.36124513e-02 
 1.51356125e+09  2.29719666e-02 
 1.54881662e+09  2.24422589e-02 
 1.58489319e+09  2.20317409e-02 
 1.62181010e+09  2.17352184e-02 
 1.65958691e+09  2.15339584e-02 
 1.69824365e+09  2.13970659e-02 
 1.73780083e+09  2.12861862e-02 
 1.77827941e+09  2.11639989e-02 
 1.81970086e+09  2.10038482e-02 
 1.86208714e+09  2.07958356e-02 
 1.90546072e+09  2.05464600e-02 
 1.94984460e+09  2.02731381e-02 
 1.99526231e+09  1.99975531e-02 
 2.04173794e+09  1.97409877e-02 
 2.08929613e+09  1.95224299e-02 
 2.13796209e+09  1.93584512e-02 
 2.18776162e+09  1.92632108e-02 
 2.23872114e+09  1.92471717e-02 
 2.29086765e+09  1.93142589e-02 
 2.34422882e+09  1.94591931e-02 
 2.39883292e+09  1.96679990e-02 
 2.45470892e+09  1.99228705e-02 
 2.51188643e+09  2.02087224e-02 
 2.57039578e+09  2.05174935e-02 
 2.63026799e+09  2.08488964e-02 
 2.69153480e+09  2.12091741e-02 
 2.75422870e+09  2.16099780e-02 
 2.81838293e+09  2.20684796e-02 
 2.88403150e+09  2.26075764e-02 
 2.95120923e+09  2.32404598e-02 
 3.01995172e+09  2.37505380e-02 
 3.09029543e+09  2.03485557e-02 
 3.16227766e+09  1.35978136e-02 
 3.23593657e+09  1.87767168e-02 
 3.31131121e+09  2.10658341e-02 
 3.38844156e+09  2.24452361e-02 
 3.46736850e+09  2.34257538e-02 
 3.54813389e+09  2.42795751e-02 
 3.63078055e+09  2.50416037e-02 
 3.71535229e+09  2.17964513e-02 
 3.80189396e+09  2.54453618e-02 
 3.89045145e+09  2.52892216e-02 
 3.98107171e+09  2.47876637e-02 
 4.07380278e+09  2.43969289e-02 
 4.16869383e+09  2.45249315e-02 
 4.26579519e+09  2.48547363e-02 
 4.36515832e+09  2.62622791e-02 
 4.46683592e+09  2.77820067e-02 
 4.57088190e+09  2.96287173e-02 
 4.67735141e+09  3.18281563e-02 
 4.78630092e+09  3.41257184e-02 
 4.89778819e+09  2.76696878e-02 
 5.01187234e+09  2.80324553e-02 
 5.12861384e+09  4.09025756e-02 
 5.24807460e+09  1.67456419e-02 
 5.37031796e+09  2.16825595e-02 
 5.49540874e+09  2.16630598e-02 
 5.62341325e+09  2.68113429e-02 
 5.75439937e+09  2.09392873e-02 
 5.88843655e+09  2.47013456e-02 
 6.02559586e+09  2.90525466e-02 
 6.16595002e+09  2.44496113e-02 
 6.30957344e+09  2.80140423e-02 
 6.45654229e+09  3.07825771e-02 
 6.60693448e+09  3.45063712e-02 
 6.76082975e+09  3.33566821e-02 
 6.91830971e+09  3.56368604e-02 
 7.07945784e+09  3.85507763e-02 
 7.24435960e+09  4.66033260e-02 
 7.41310241e+09  4.65250486e-02 
 7.58577575e+09  5.03223275e-02 
 7.76247117e+09  9.58870070e-02 
 7.94328235e+09  2.11795405e-02 
 8.12830516e+09  3.04295272e-02 
 8.31763771e+09  5.41840716e-02 
 8.51138038e+09  9.98730182e-02 
 8.70963590e+09  1.04995688e-02 
 8.91250938e+09  2.78792888e-02 
 9.12010839e+09  2.67209148e-02 
 9.33254301e+09  2.80198627e-02 
 9.54992586e+09  3.42436824e-02 
 9.77237221e+09  3.64404149e-02 
 1.00000000e+10  3.90420001e-02 
 1.02329299e+10  4.15054717e-02 
 1.04712855e+10  4.38816124e-02 
 1.07151931e+10  4.62616703e-02 
 1.09647820e+10  4.87075202e-02 
 1.12201845e+10  5.12767632e-02 
 1.14815362e+10  5.40341246e-02 
 1.17489755e+10  5.70626625e-02 
 1.20226443e+10  6.04784540e-02 
 1.23026877e+10  6.44471623e-02 
 1.25892541e+10  6.91630897e-02 
 1.28824955e+10  7.44511416e-02 
 1.31825674e+10  7.65656764e-02 
 1.34896288e+10  6.16372950e-02 
 1.38038426e+10  4.88909767e-02 
 1.41253754e+10  5.42992387e-02 
 1.44543977e+10  6.43550120e-02 
 1.47910839e+10  6.51493685e-02 
 1.51356125e+10  6.98355651e-02 
 1.54881662e+10  7.84080822e-02 
 1.58489319e+10  8.61460434e-02 
 1.62181010e+10  9.18776381e-02 
 1.65958691e+10  9.31122268e-02 
 1.69824365e+10  9.46378887e-02 
 1.73780083e+10  9.96845810e-02 
 1.77827941e+10  1.07086971e-01 
 1.81970086e+10  1.16148952e-01 
 1.86208714e+10  1.26964494e-01 
 1.90546072e+10  1.39971024e-01 
 1.94984460e+10  1.55886923e-01 
 1.99526231e+10  1.75829412e-01 
