 1.00000000e+08  1.86517606e-02 
 1.02329299e+08  1.87969453e-02 
 1.04712855e+08  1.89488424e-02 
 1.07151931e+08  1.91077696e-02 
 1.09647820e+08  1.92740609e-02 
 1.12201845e+08  1.94480685e-02 
 1.14815362e+08  1.96301631e-02 
 1.17489755e+08  1.98207356e-02 
 1.20226443e+08  2.00201988e-02 
 1.23026877e+08  2.02289881e-02 
 1.25892541e+08  2.04475639e-02 
 1.28824955e+08  2.06764127e-02 
 1.31825674e+08  2.09160495e-02 
 1.34896288e+08  2.11670195e-02 
 1.38038426e+08  2.14299000e-02 
 1.41253754e+08  2.17053032e-02 
 1.44543977e+08  2.19938778e-02 
 1.47910839e+08  2.22963122e-02 
 1.51356125e+08  2.26133363e-02 
 1.54881662e+08  2.29457245e-02 
 1.58489319e+08  2.32942979e-02 
 1.62181010e+08  2.36599267e-02 
 1.65958691e+08  2.40435324e-02 
 1.69824365e+08  2.44460893e-02 
 1.73780083e+08  2.48686257e-02 
 1.77827941e+08  2.53122239e-02 
 1.81970086e+08  2.57780192e-02 
 1.86208714e+08  2.62671966e-02 
 1.90546072e+08  2.67809852e-02 
 1.94984460e+08  2.73206494e-02 
 1.99526231e+08  2.78874748e-02 
 2.04173794e+08  2.84827481e-02 
 2.08929613e+08  2.91077288e-02 
 2.13796209e+08  2.97636096e-02 
 2.18776162e+08  3.04514622e-02 
 2.23872114e+08  3.11721648e-02 
 2.29086765e+08  3.19263039e-02 
 2.34422882e+08  3.27140465e-02 
 2.39883292e+08  3.35349711e-02 
 2.45470892e+08  3.43878513e-02 
 2.51188643e+08  3.52703788e-02 
 2.57039578e+08  3.61788175e-02 
 2.63026799e+08  3.71075799e-02 
 2.69153480e+08  3.80487226e-02 
 2.75422870e+08  3.89913712e-02 
 2.81838293e+08  3.99211023e-02 
 2.88403150e+08  4.08193412e-02 
 2.95120923e+08  4.16628770e-02 
 3.01995172e+08  4.24236495e-02 
 3.09029543e+08  4.30690104e-02 
 3.16227766e+08  4.35626901e-02 
 3.23593657e+08  4.38666717e-02 
 3.31131121e+08  4.39440444e-02 
 3.38844156e+08  4.37626724e-02 
 3.46736850e+08  4.32991992e-02 
 3.54813389e+08  4.25426152e-02 
 3.63078055e+08  4.14965177e-02 
 3.71535229e+08  4.01793906e-02 
 3.80189396e+08  3.86227167e-02 
 3.89045145e+08  3.68673324e-02 
 3.98107171e+08  3.49588749e-02 
 4.07380278e+08  3.29432941e-02 
 4.16869383e+08  3.08632011e-02 
 4.26579519e+08  2.87554593e-02 
 4.36515832e+08  2.66500601e-02 
 4.46683592e+08  2.45700966e-02 
 4.57088190e+08  2.25325745e-02 
 4.67735141e+08  2.05498642e-02 
 4.78630092e+08  1.86317730e-02 
 4.89778819e+08  1.67885094e-02 
 5.01187234e+08  1.50352983e-02 
 5.12861384e+08  1.34002370e-02 
 5.24807460e+08  1.19382043e-02 
 5.37031796e+08  1.07540833e-02 
 5.49540874e+08  1.00318421e-02 
 5.62341325e+08  1.00388519e-02 
 5.75439937e+08  1.10556298e-02 
 5.88843655e+08  1.33436667e-02 
 6.02559586e+08  1.70998023e-02 
 6.16595002e+08  2.16384521e-02 
 6.30957344e+08  2.78240187e-02 
 6.45654229e+08  3.47785116e-02 
 6.60693448e+08  4.05595689e-02 
 6.76082975e+08  4.27391921e-02 
 6.91830971e+08  4.11210587e-02 
 7.07945784e+08  3.76419322e-02 
 7.24435960e+08  3.39384869e-02 
 7.41310241e+08  3.06757862e-02 
 7.58577575e+08  2.79868142e-02 
 7.76247117e+08  2.58245318e-02 
 7.94328235e+08  2.41044148e-02 
 8.12830516e+08  2.27481178e-02 
 8.31763771e+08  2.16928047e-02 
 8.51138038e+08  2.08903973e-02 
 8.70963590e+08  2.03046053e-02 
 8.91250938e+08  1.99080181e-02 
 9.12010839e+08  1.96797568e-02 
 9.33254301e+08  1.96036669e-02 
 9.54992586e+08  1.96668921e-02 
 9.77237221e+08  1.98586501e-02 
 1.00000000e+09  2.01690291e-02 
 1.02329299e+09  2.05876308e-02 
 1.04712855e+09  2.11018975e-02 
 1.07151931e+09  2.16950146e-02 
 1.09647820e+09  2.23434356e-02 
 1.12201845e+09  2.30144211e-02 
 1.14815362e+09  2.36645850e-02 
 1.17489755e+09  2.42411881e-02 
 1.20226443e+09  2.46882489e-02 
 1.23026877e+09  2.49583919e-02 
 1.25892541e+09  2.50280474e-02 
 1.28824955e+09  2.49096423e-02 
 1.31825674e+09  2.46537229e-02 
 1.34896288e+09  2.43388859e-02 
 1.38038426e+09  2.40544492e-02 
 1.41253754e+09  2.38837364e-02 
 1.44543977e+09  2.38930881e-02 
 1.47910839e+09  2.41270210e-02 
 1.51356125e+09  2.46070714e-02 
 1.54881662e+09  2.53314630e-02 
 1.58489319e+09  2.62738544e-02 
 1.62181010e+09  2.73812346e-02 
 1.65958691e+09  2.85732283e-02 
 1.69824365e+09  2.97469618e-02 
 1.73780083e+09  3.07913610e-02 
 1.77827941e+09  3.16102373e-02 
 1.81970086e+09  3.21460272e-02 
 1.86208714e+09  3.23922124e-02 
 1.90546072e+09  3.23880314e-02 
 1.94984460e+09  3.22000953e-02 
 1.99526231e+09  3.19016845e-02 
 2.04173794e+09  3.15580063e-02 
 2.08929613e+09  3.12195555e-02 
 2.13796209e+09  3.09215689e-02 
 2.18776162e+09  3.06866192e-02 
 2.23872114e+09  3.05281745e-02 
 2.29086765e+09  3.04539655e-02 
 2.34422882e+09  3.04686446e-02 
 2.39883292e+09  3.05755539e-02 
 2.45470892e+09  3.07776990e-02 
 2.51188643e+09  3.10782793e-02 
 2.57039578e+09  3.14811558e-02 
 2.63026799e+09  3.19913994e-02 
 2.69153480e+09  3.26157854e-02 
 2.75422870e+09  3.33627732e-02 
 2.81838293e+09  3.42403801e-02 
 2.88403150e+09  3.52446963e-02 
 2.95120923e+09  3.62968281e-02 
 3.01995172e+09  3.67802775e-02 
 3.09029543e+09  3.11650087e-02 
 3.16227766e+09  3.00725691e-02 
 3.23593657e+09  3.86678234e-02 
 3.31131121e+09  4.43469431e-02 
 3.38844156e+09  3.87060296e-02 
 3.46736850e+09  4.70501759e-02 
 3.54813389e+09  5.16958181e-02 
 3.63078055e+09  5.61927544e-02 
 3.71535229e+09  5.52585842e-02 
 3.80189396e+09  6.41930105e-02 
 3.89045145e+09  6.54023805e-02 
 3.98107171e+09  6.29962050e-02 
 4.07380278e+09  5.71314209e-02 
 4.16869383e+09  4.95361438e-02 
 4.26579519e+09  4.22432869e-02 
 4.36515832e+09  3.57982256e-02 
 4.46683592e+09  3.08176743e-02 
 4.57088190e+09  2.70798364e-02 
 4.67735141e+09  2.42638811e-02 
 4.78630092e+09  2.17158993e-02 
 4.89778819e+09  2.03039989e-02 
 5.01187234e+09  1.99277167e-02 
 5.12861384e+09  2.49648127e-02 
 5.24807460e+09  2.19191967e-02 
 5.37031796e+09  1.92474306e-02 
 5.49540874e+09  2.00612857e-02 
 5.62341325e+09  2.17308609e-02 
 5.75439937e+09  2.32153698e-02 
 5.88843655e+09  2.46526024e-02 
 6.02559586e+09  2.71081437e-02 
 6.16595002e+09  2.43657216e-02 
 6.30957344e+09  2.68153238e-02 
 6.45654229e+09  2.85745049e-02 
 6.60693448e+09  3.06628955e-02 
 6.76082975e+09  3.13054477e-02 
 6.91830971e+09  3.32633535e-02 
 7.07945784e+09  3.49705035e-02 
 7.24435960e+09  3.89505400e-02 
 7.41310241e+09  4.40471931e-02 
 7.58577575e+09  5.33527214e-02 
 7.76247117e+09  1.92894244e-02 
 7.94328235e+09  3.38482026e-02 
 8.12830516e+09  4.35235176e-02 
 8.31763771e+09  6.73794792e-02 
 8.51138038e+09  8.35148236e-02 
 8.70963590e+09  1.46738397e-02 
 8.91250938e+09  2.45907380e-02 
 9.12010839e+09  3.03578664e-02 
 9.33254301e+09  4.15555596e-02 
 9.54992586e+09  3.52597217e-02 
 9.77237221e+09  3.78583298e-02 
 1.00000000e+10  4.02403382e-02 
 1.02329299e+10  4.25161872e-02 
 1.04712855e+10  4.47491972e-02 
 1.07151931e+10  4.70116949e-02 
 1.09647820e+10  4.93584626e-02 
 1.12201845e+10  5.18440112e-02 
 1.14815362e+10  5.45328752e-02 
 1.17489755e+10  5.75112973e-02 
 1.20226443e+10  6.09040197e-02 
 1.23026877e+10  6.48962247e-02 
 1.25892541e+10  6.97259213e-02 
 1.28824955e+10  7.53155720e-02 
 1.31825674e+10  7.80503325e-02 
 1.34896288e+10  6.33261766e-02 
 1.38038426e+10  4.89278635e-02 
 1.41253754e+10  5.34859383e-02 
 1.44543977e+10  6.53361347e-02 
 1.47910839e+10  5.57647421e-02 
 1.51356125e+10  6.68476940e-02 
 1.54881662e+10  7.42053732e-02 
 1.58489319e+10  8.11861478e-02 
 1.62181010e+10  8.67991496e-02 
 1.65958691e+10  8.88707150e-02 
 1.69824365e+10  9.07700855e-02 
 1.73780083e+10  9.51768194e-02 
 1.77827941e+10  1.01356330e-01 
 1.81970086e+10  1.08775493e-01 
 1.86208714e+10  1.17455206e-01 
 1.90546072e+10  1.27647569e-01 
 1.94984460e+10  1.39768137e-01 
 1.99526231e+10  1.54450307e-01 
