 1.00000000e+08  1.80469201e-02 
 1.02329299e+08  1.81899866e-02 
 1.04712855e+08  1.83393921e-02 
 1.07151931e+08  1.84954373e-02 
 1.09647820e+08  1.86584400e-02 
 1.12201845e+08  1.88287357e-02 
 1.14815362e+08  1.90066790e-02 
 1.17489755e+08  1.91926449e-02 
 1.20226443e+08  1.93870306e-02 
 1.23026877e+08  1.95902561e-02 
 1.25892541e+08  1.98027670e-02 
 1.28824955e+08  2.00250353e-02 
 1.31825674e+08  2.02575619e-02 
 1.34896288e+08  2.05008781e-02 
 1.38038426e+08  2.07555481e-02 
 1.41253754e+08  2.10221712e-02 
 1.44543977e+08  2.13013838e-02 
 1.47910839e+08  2.15938621e-02 
 1.51356125e+08  2.19003245e-02 
 1.54881662e+08  2.22215342e-02 
 1.58489319e+08  2.25583012e-02 
 1.62181010e+08  2.29114853e-02 
 1.65958691e+08  2.32819976e-02 
 1.69824365e+08  2.36708024e-02 
 1.73780083e+08  2.40789181e-02 
 1.77827941e+08  2.45074176e-02 
 1.81970086e+08  2.49574269e-02 
 1.86208714e+08  2.54301223e-02 
 1.90546072e+08  2.59267246e-02 
 1.94984460e+08  2.64484908e-02 
 1.99526231e+08  2.69967002e-02 
 2.04173794e+08  2.75726350e-02 
 2.08929613e+08  2.81775528e-02 
 2.13796209e+08  2.88126477e-02 
 2.18776162e+08  2.94789979e-02 
 2.23872114e+08  3.01774947e-02 
 2.29086765e+08  3.09087477e-02 
 2.34422882e+08  3.16729591e-02 
 2.39883292e+08  3.24697605e-02 
 2.45470892e+08  3.32980006e-02 
 2.51188643e+08  3.41554763e-02 
 2.57039578e+08  3.50385954e-02 
 2.63026799e+08  3.59419626e-02 
 2.69153480e+08  3.68578881e-02 
 2.75422870e+08  3.77758260e-02 
 2.81838293e+08  3.86817692e-02 
 2.88403150e+08  3.95576603e-02 
 2.95120923e+08  4.03809149e-02 
 3.01995172e+08  4.11242070e-02 
 3.09029543e+08  4.17557160e-02 
 3.16227766e+08  4.22400594e-02 
 3.23593657e+08  4.25401075e-02 
 3.31131121e+08  4.26197540e-02 
 3.38844156e+08  4.24474830e-02 
 3.46736850e+08  4.20002674e-02 
 3.54813389e+08  4.12670491e-02 
 3.63078055e+08  4.02509521e-02 
 3.71535229e+08  3.89695705e-02 
 3.80189396e+08  3.74531474e-02 
 3.89045145e+08  3.57410377e-02 
 3.98107171e+08  3.38772778e-02 
 4.07380278e+08  3.19062079e-02 
 4.16869383e+08  2.98688945e-02 
 4.26579519e+08  2.78007486e-02 
 4.36515832e+08  2.57303755e-02 
 4.46683592e+08  2.36794683e-02 
 4.57088190e+08  2.16634784e-02 
 4.67735141e+08  1.96928476e-02 
 4.78630092e+08  1.77747457e-02 
 4.89778819e+08  1.59155243e-02 
 5.01187234e+08  1.41245770e-02 
 5.12861384e+08  1.24212277e-02 
 5.24807460e+08  1.08480738e-02 
 5.37031796e+08  9.49679463e-03 
 5.49540874e+08  8.54997346e-03 
 5.62341325e+08  8.30848831e-03 
 5.75439937e+08  9.10643651e-03 
 5.88843655e+08  1.11998189e-02 
 6.02559586e+08  1.46782933e-02 
 6.16595002e+08  1.88712427e-02 
 6.30957344e+08  2.45446924e-02 
 6.45654229e+08  3.08720769e-02 
 6.60693448e+08  3.60886357e-02 
 6.76082975e+08  3.80075027e-02 
 6.91830971e+08  3.64687938e-02 
 7.07945784e+08  3.32355551e-02 
 7.24435960e+08  2.97929017e-02 
 7.41310241e+08  2.67451926e-02 
 7.58577575e+08  2.42149917e-02 
 7.76247117e+08  2.21615948e-02 
 7.94328235e+08  2.05099365e-02 
 8.12830516e+08  1.91900781e-02 
 8.31763771e+08  1.81456225e-02 
 8.51138038e+08  1.73329820e-02 
 8.70963590e+08  1.67186281e-02 
 8.91250938e+08  1.62764035e-02 
 9.12010839e+08  1.59853686e-02 
 9.33254301e+08  1.58281799e-02 
 9.54992586e+08  1.57898639e-02 
 9.77237221e+08  1.58568367e-02 
 1.00000000e+09  1.60160164e-02 
 1.02329299e+09  1.62538991e-02 
 1.04712855e+09  1.65554957e-02 
 1.07151931e+09  1.69030917e-02 
 1.09647820e+09  1.72749275e-02 
 1.12201845e+09  1.76441502e-02 
 1.14815362e+09  1.79787713e-02 
 1.17489755e+09  1.82437460e-02 
 1.20226443e+09  1.84062496e-02 
 1.23026877e+09  1.84440931e-02 
 1.25892541e+09  1.83548225e-02 
 1.28824955e+09  1.81607980e-02 
 1.31825674e+09  1.79061642e-02 
 1.34896288e+09  1.76459895e-02 
 1.38038426e+09  1.74326746e-02 
 1.41253754e+09  1.73056998e-02 
 1.44543977e+09  1.72876716e-02 
 1.47910839e+09  1.73858037e-02 
 1.51356125e+09  1.75961245e-02 
 1.54881662e+09  1.79079469e-02 
 1.58489319e+09  1.83072794e-02 
 1.62181010e+09  1.87789261e-02 
 1.65958691e+09  1.93076766e-02 
 1.69824365e+09  1.98792432e-02 
 1.73780083e+09  2.04814655e-02 
 1.77827941e+09  2.11057811e-02 
 1.81970086e+09  2.17483101e-02 
 1.86208714e+09  2.24097597e-02 
 1.90546072e+09  2.30940387e-02 
 1.94984460e+09  2.38063323e-02 
 1.99526231e+09  2.45515559e-02 
 2.04173794e+09  2.53335788e-02 
 2.08929613e+09  2.61550530e-02 
 2.13796209e+09  2.70175016e-02 
 2.18776162e+09  2.79214642e-02 
 2.23872114e+09  2.88667604e-02 
 2.29086765e+09  2.98531220e-02 
 2.34422882e+09  3.08813431e-02 
 2.39883292e+09  3.19546278e-02 
 2.45470892e+09  3.30794414e-02 
 2.51188643e+09  3.42655055e-02 
 2.57039578e+09  3.55254030e-02 
 2.63026799e+09  3.68746456e-02 
 2.69153480e+09  3.83328044e-02 
 2.75422870e+09  3.99259665e-02 
 2.81838293e+09  4.16904212e-02 
 2.88403150e+09  4.36741926e-02 
 2.95120923e+09  4.59010413e-02 
 3.01995172e+09  4.78842620e-02 
 3.09029543e+09  4.14825014e-02 
 3.16227766e+09  2.93544612e-02 
 3.23593657e+09  4.24206645e-02 
 3.31131121e+09  5.13578003e-02 
 3.38844156e+09  4.01851301e-02 
 3.46736850e+09  5.08712012e-02 
 3.54813389e+09  5.52779464e-02 
 3.63078055e+09  5.86413681e-02 
 3.71535229e+09  5.42466707e-02 
 3.80189396e+09  6.18233011e-02 
 3.89045145e+09  6.06232859e-02 
 3.98107171e+09  5.71990305e-02 
 4.07380278e+09  5.32404015e-02 
 4.16869383e+09  5.10972594e-02 
 4.26579519e+09  5.18260569e-02 
 4.36515832e+09  5.53625092e-02 
 4.46683592e+09  6.08005690e-02 
 4.57088190e+09  6.77556534e-02 
 4.67735141e+09  7.58690129e-02 
 4.78630092e+09  8.32447208e-02 
 4.89778819e+09  5.53156272e-02 
 5.01187234e+09  9.55701352e-02 
 5.12861384e+09  1.28176704e-01 
 5.24807460e+09  1.06863482e-01 
 5.37031796e+09  8.80398201e-02 
 5.49540874e+09  5.02988986e-02 
 5.62341325e+09  3.39408688e-02 
 5.75439937e+09  2.81267202e-02 
 5.88843655e+09  3.88197370e-02 
 6.02559586e+09  8.00410223e-02 
 6.16595002e+09  7.00448438e-02 
 6.30957344e+09  2.62681608e-02 
 6.45654229e+09  4.20834977e-02 
 6.60693448e+09  7.77279546e-02 
 6.76082975e+09  4.84119630e-02 
 6.91830971e+09  4.99438623e-02 
 7.07945784e+09  9.31079273e-02 
 7.24435960e+09  7.80942259e-02 
 7.41310241e+09  7.63663823e-02 
 7.58577575e+09  9.43752865e-03 
 7.76247117e+09  7.72771372e-02 
 7.94328235e+09  2.29936240e-02 
 8.12830516e+09  4.61542486e-02 
 8.31763771e+09  2.85453587e-02 
 8.51138038e+09  3.63309805e-02 
 8.70963590e+09  4.08245872e-02 
 8.91250938e+09  4.39331094e-02 
 9.12010839e+09  5.22633369e-02 
 9.33254301e+09  8.32948061e-02 
 9.54992586e+09  6.36787756e-02 
 9.77237221e+09  7.49453879e-02 
 1.00000000e+10  6.14069081e-02 
 1.02329299e+10  6.62248758e-02 
 1.04712855e+10  7.04016592e-02 
 1.07151931e+10  7.45084026e-02 
 1.09647820e+10  7.87195681e-02 
 1.12201845e+10  8.31588445e-02 
 1.14815362e+10  8.79597513e-02 
 1.17489755e+10  9.32997444e-02 
 1.20226443e+10  9.94400661e-02 
 1.23026877e+10  1.06778628e-01 
 1.25892541e+10  1.15855345e-01 
 1.28824955e+10  1.26671952e-01 
 1.31825674e+10  1.32315654e-01 
 1.34896288e+10  1.01484997e-01 
 1.38038426e+10  6.26965698e-02 
 1.41253754e+10  6.81549343e-02 
 1.44543977e+10  9.07264249e-02 
 1.47910839e+10  8.70580993e-02 
 1.51356125e+10  9.88258041e-02 
 1.54881662e+10  7.78490093e-02 
 1.58489319e+10  9.63780326e-02 
 1.62181010e+10  1.05692400e-01 
 1.65958691e+10  1.08738594e-01 
 1.69824365e+10  1.10053798e-01 
 1.73780083e+10  1.13242555e-01 
 1.77827941e+10  1.17581779e-01 
 1.81970086e+10  1.22335868e-01 
 1.86208714e+10  1.27292299e-01 
 1.90546072e+10  1.32386028e-01 
 1.94984460e+10  1.37590521e-01 
 1.99526231e+10  1.42907397e-01 
