 1.00000000e+08  1.76451724e-02 
 1.02330354e+08  1.77650601e-02 
 1.04715014e+08  1.78898047e-02 
 1.07155245e+08  1.80196009e-02 
 1.09652342e+08  1.81546518e-02 
 1.12207630e+08  1.82951692e-02 
 1.14822466e+08  1.84413742e-02 
 1.17498236e+08  1.85934975e-02 
 1.20236362e+08  1.87517801e-02 
 1.23038295e+08  1.89164739e-02 
 1.25905523e+08  1.90878419e-02 
 1.28839568e+08  1.92661595e-02 
 1.31841987e+08  1.94517145e-02 
 1.34914372e+08  1.96448085e-02 
 1.38058355e+08  1.98457570e-02 
 1.41275604e+08  2.00548909e-02 
 1.44567827e+08  2.02725569e-02 
 1.47936769e+08  2.04991189e-02 
 1.51384220e+08  2.07349588e-02 
 1.54912009e+08  2.09804775e-02 
 1.58522008e+08  2.12360965e-02 
 1.62216133e+08  2.15022590e-02 
 1.65996343e+08  2.17794311e-02 
 1.69864646e+08  2.20681036e-02 
 1.73823095e+08  2.23687934e-02 
 1.77873789e+08  2.26820454e-02 
 1.82018879e+08  2.30084338e-02 
 1.86260564e+08  2.33485644e-02 
 1.90601095e+08  2.37030766e-02 
 1.95042776e+08  2.40726450e-02 
 1.99587964e+08  2.44579820e-02 
 2.04239071e+08  2.48598397e-02 
 2.08998565e+08  2.52790120e-02 
 2.13868972e+08  2.57163367e-02 
 2.18852877e+08  2.61726976e-02 
 2.23952925e+08  2.66490261e-02 
 2.29171822e+08  2.71463027e-02 
 2.34512337e+08  2.76655578e-02 
 2.39977306e+08  2.82078722e-02 
 2.45569627e+08  2.87743761e-02 
 2.51292270e+08  2.93662470e-02 
 2.57148271e+08  2.99847060e-02 
 2.63140737e+08  3.06310114e-02 
 2.69272848e+08  3.13064492e-02 
 2.75547860e+08  3.20123197e-02 
 2.81969102e+08  3.27499187e-02 
 2.88539981e+08  3.35205113e-02 
 2.95263985e+08  3.43252976e-02 
 3.02144683e+08  3.51653662e-02 
 3.09185725e+08  3.60416342e-02 
 3.16390848e+08  3.69547684e-02 
 3.23763876e+08  3.79050843e-02 
 3.31308722e+08  3.88924178e-02 
 3.39029389e+08  3.99159627e-02 
 3.46929975e+08  4.09740694e-02 
 3.55014673e+08  4.20639977e-02 
 3.63287773e+08  4.31816187e-02 
 3.71753666e+08  4.43210655e-02 
 3.80416844e+08  4.54743340e-02 
 3.89281904e+08  4.66308474e-02 
 3.98353552e+08  4.77770114e-02 
 4.07636602e+08  4.88958041e-02 
 4.17135980e+08  4.99664720e-02 
 4.26856726e+08  5.09644292e-02 
 4.36804001e+08  5.18614817e-02 
 4.46983082e+08  5.26265078e-02 
 4.57399372e+08  5.32267067e-02 
 4.68058398e+08  5.36294672e-02 
 4.78965818e+08  5.38047890e-02 
 4.90127419e+08  5.37280416e-02 
 5.01549125e+08  5.33826819e-02 
 5.13236997e+08  5.27624571e-02 
 5.25197238e+08  5.18726318e-02 
 5.37436195e+08  5.07299391e-02 
 5.49960363e+08  4.93612223e-02 
 5.62776388e+08  4.78010223e-02 
 5.75891073e+08  4.60885729e-02 
 5.89311376e+08  4.42647321e-02 
 6.03044419e+08  4.23692994e-02 
 6.17097492e+08  4.04389962e-02 
 6.31478050e+08  3.85062067e-02 
 6.46193727e+08  3.65984200e-02 
 6.61252331e+08  3.47382314e-02 
 6.76661854e+08  3.29437284e-02 
 6.92430473e+08  3.12291003e-02 
 7.08566557e+08  2.96053411e-02 
 7.25078669e+08  2.80809527e-02 
 7.41975572e+08  2.66625894e-02 
 7.59266232e+08  2.53556088e-02 
 7.76959826e+08  2.41645110e-02 
 7.95065744e+08  2.30932597e-02 
 8.13593593e+08  2.21454838e-02 
 8.32553207e+08  2.13245647e-02 
 8.51954648e+08  2.06336217e-02 
 8.71808210e+08  2.00754168e-02 
 8.92124431e+08  1.96522136e-02 
 9.12914092e+08  1.93656339e-02 
 9.34188226e+08  1.92165662e-02 
 9.55958123e+08  1.92051744e-02 
 9.78235335e+08  1.93310433e-02 
 1.00103169e+09  1.95934681e-02 
 1.02435927e+09  1.99918678e-02 
 1.04823047e+09  2.05262529e-02 
 1.07265796e+09  2.11976165e-02 
 1.09765469e+09  2.20079499e-02 
 1.12323393e+09  2.29591692e-02 
 1.14940927e+09  2.40490659e-02 
 1.17619457e+09  2.52591343e-02 
 1.20360408e+09  2.65200658e-02 
 1.23165232e+09  2.76179388e-02 
 1.26035418e+09  2.79717927e-02 
 1.28972490e+09  2.63516171e-02 
 1.31978006e+09  2.15837747e-02 
 1.35053561e+09  1.53395628e-02 
 1.38200788e+09  1.20201418e-02 
 1.41421356e+09  1.29806638e-02 
 1.44716975e+09  1.56299604e-02 
 1.48089393e+09  1.84045742e-02 
 1.51540401e+09  2.09736354e-02 
 1.55071830e+09  2.33389671e-02 
 1.58685553e+09  2.55593468e-02 
 1.62383489e+09  2.76919642e-02 
 1.66167599e+09  2.97834886e-02 
 1.70039893e+09  3.18713923e-02 
 1.74002425e+09  3.39867433e-02 
 1.78057299e+09  3.61566559e-02 
 1.82206665e+09  3.84061883e-02 
 1.86452726e+09  4.07597942e-02 
 1.90797735e+09  4.32424576e-02 
 1.95243999e+09  4.58805917e-02 
 1.99793876e+09  4.87027122e-02 
 2.04449781e+09  5.17397932e-02 
 2.09214185e+09  5.50250485e-02 
 2.14089617e+09  5.85925720e-02 
 2.19078664e+09  6.24736826e-02 
 2.24183974e+09  6.66887064e-02 
 2.29408255e+09  7.12298731e-02 
 2.34754280e+09  7.60275818e-02 
 2.40224887e+09  8.08879372e-02 
 2.45822978e+09  8.53891427e-02 
 2.51551525e+09  8.87470275e-02 
 2.57413567e+09  8.97459551e-02 
 2.63412215e+09  8.69797398e-02 
 2.69550653e+09  7.95944788e-02 
 2.75832139e+09  6.80698223e-02 
 2.82260005e+09  5.40763639e-02 
 2.88837664e+09  3.95035911e-02 
 2.95568605e+09  2.59501263e-02 
 3.02456401e+09  1.61805003e-02 
 3.09504707e+09  1.77125690e-02 
 3.16717263e+09  3.00746649e-02 
 3.24097898e+09  4.86128530e-02 
 3.31650528e+09  7.90568390e-02 
 3.39379160e+09  5.99797266e-02 
 3.47287898e+09  9.98604041e-02 
 3.55380937e+09  1.12647262e-01 
 3.63662572e+09  9.80386322e-02 
 3.72137199e+09  9.57989025e-02 
 3.80809314e+09  6.99495492e-02 
 3.89683521e+09  5.35915684e-02 
 3.98764528e+09  4.20189166e-02 
 4.08057155e+09  3.33767210e-02 
 4.17566333e+09  2.69168680e-02 
 4.27297108e+09  2.23789038e-02 
 4.37254645e+09  1.97588185e-02 
 4.47444228e+09  1.92460015e-02 
 4.57871264e+09  2.09148923e-02 
 4.68541287e+09  2.48965971e-02 
 4.79459960e+09  3.22405869e-02 
 4.90633076e+09  5.32750444e-02 
 5.02066566e+09  1.07180510e-01 
 5.13766496e+09  3.59383485e-02 
 5.25739076e+09  3.41368093e-02 
 5.37990660e+09  2.27855168e-02 
 5.50527749e+09  3.00435235e-02 
 5.63356997e+09  3.46236265e-02 
 5.76485211e+09  3.58314858e-02 
 5.89919360e+09  4.57787978e-02 
 6.03666571e+09  8.58248302e-02 
 6.17734142e+09  3.64913351e-02 
 6.32129537e+09  5.25888490e-02 
 6.46860395e+09  8.16353329e-02 
 6.61934535e+09  8.45808501e-02 
 6.77359956e+09  5.12514817e-02 
 6.93144843e+09  4.46913147e-02 
 7.09297575e+09  9.65665376e-02 
 7.25826722e+09  1.02963882e-01 
 7.42741057e+09  1.10187549e-01 
 7.60049556e+09  1.10246210e-02 
 7.77761404e+09  8.02857193e-02 
 7.95886001e+09  2.42154731e-02 
 8.14432966e+09  5.54266907e-02 
 8.33412140e+09  2.88875863e-02 
 8.52833597e+09  3.76291988e-02 
 8.72707642e+09  4.25107529e-02 
 8.93044823e+09  4.29513373e-02 
 9.13855932e+09  5.24892300e-02 
 9.35152014e+09  4.81417190e-02 
 9.56944371e+09  5.00038070e-02 
 9.79244566e+09  4.93933832e-02 
 1.00206443e+10  6.26531815e-02 
 1.02541609e+10  6.75905797e-02 
 1.04931192e+10  7.21623106e-02 
 1.07376460e+10  7.68606965e-02 
 1.09878712e+10  8.18929879e-02 
 1.12439276e+10  8.74455923e-02 
 1.15059509e+10  9.37166112e-02 
 1.17740804e+10  1.00840120e-01 
 1.20484582e+10  1.08432990e-01 
 1.23292299e+10  1.13739083e-01 
 1.26165447e+10  1.07945888e-01 
 1.29105549e+10  8.60529689e-02 
 1.32114166e+10  6.79265101e-02 
 1.35192894e+10  6.50465081e-02 
 1.38343368e+10  7.02118939e-02 
 1.41567259e+10  7.82290058e-02 
 1.44866277e+10  9.28156549e-02 
 1.48242175e+10  9.67358495e-02 
 1.51696743e+10  9.93349389e-02 
 1.55231815e+10  8.97614944e-02 
 1.58849266e+10  1.03196868e-01 
 1.62551017e+10  1.01919273e-01 
 1.66339032e+10  1.03989373e-01 
 1.70215321e+10  1.07961976e-01 
 1.74181941e+10  1.12363297e-01 
 1.78240998e+10  1.16822834e-01 
 1.82394645e+10  1.21288867e-01 
 1.86645086e+10  1.25820236e-01 
 1.90994578e+10  1.30439761e-01 
 1.95445429e+10  1.35138171e-01 
 2.00000000e+10  1.39914797e-01 
