 1.00000000e+08  1.45545813e-02 
 1.02330354e+08  1.43891532e-02 
 1.04715014e+08  1.42095939e-02 
 1.07155245e+08  1.40159810e-02 
 1.09652342e+08  1.38085650e-02 
 1.12207630e+08  1.35877772e-02 
 1.14822466e+08  1.33542319e-02 
 1.17498236e+08  1.31087237e-02 
 1.20236362e+08  1.28522191e-02 
 1.23038295e+08  1.25858425e-02 
 1.25905523e+08  1.23108581e-02 
 1.28839568e+08  1.20286467e-02 
 1.31841987e+08  1.17406803e-02 
 1.34914372e+08  1.14484944e-02 
 1.38058355e+08  1.11536597e-02 
 1.41275604e+08  1.08577549e-02 
 1.44567827e+08  1.05623403e-02 
 1.47936769e+08  1.02689344e-02 
 1.51384220e+08  9.97899391e-03 
 1.54912009e+08  9.69389678e-03 
 1.58522008e+08  9.41492942e-03 
 1.62216133e+08  9.14327754e-03 
 1.65996343e+08  8.88002056e-03 
 1.69864646e+08  8.62612935e-03 
 1.73823095e+08  8.38246699e-03 
 1.77873789e+08  8.14979223e-03 
 1.82018879e+08  7.92876555e-03 
 1.86260564e+08  7.71995786e-03 
 1.90601095e+08  7.52386217e-03 
 1.95042776e+08  7.34090931e-03 
 1.99587964e+08  7.17148958e-03 
 2.04239071e+08  7.01598393e-03 
 2.08998565e+08  6.87481179e-03 
 2.13868972e+08  6.74850876e-03 
 2.18852877e+08  6.63786150e-03 
 2.23952925e+08  6.54415876e-03 
 2.29171822e+08  6.46969579e-03 
 2.34512337e+08  6.41888387e-03 
 2.39977306e+08  6.40098037e-03 
 2.45569627e+08  6.43786085e-03 
 2.51292270e+08  6.59103392e-03 
 2.57148271e+08  7.08650601e-03 
 2.63140737e+08  9.12517259e-03 
 2.69272848e+08  1.16224174e-02 
 2.75547860e+08  7.56068446e-03 
 2.81969102e+08  7.41849300e-03 
 2.88539981e+08  1.39541716e-02 
 2.95263985e+08  8.11295372e-03 
 3.02144683e+08  1.03337445e-02 
 3.09185725e+08  7.53688905e-03 
 3.16390848e+08  6.89712094e-03 
 3.23763876e+08  6.72362773e-03 
 3.31308722e+08  6.68593260e-03 
 3.39029389e+08  6.71278682e-03 
 3.46929975e+08  6.78450509e-03 
 3.55014673e+08  6.90188559e-03 
 3.63287773e+08  7.13236160e-03 
 3.71753666e+08  7.46980214e-03 
 3.80416844e+08  8.44816773e-03 
 3.89281904e+08  9.48884537e-03 
 3.98353552e+08  7.53630630e-03 
 4.07636602e+08  7.60105028e-03 
 4.17135980e+08  8.16702167e-03 
 4.26856726e+08  8.90102568e-03 
 4.36804001e+08  8.05823709e-03 
 4.46983082e+08  8.34297984e-03 
 4.57399372e+08  9.14307998e-03 
 4.68058398e+08  1.11551332e-02 
 4.78965818e+08  1.59863217e-02 
 4.90127419e+08  1.12294022e-02 
 5.01549125e+08  1.34232100e-02 
 5.13236997e+08  8.62680816e-03 
 5.25197238e+08  6.13064687e-03 
 5.37436195e+08  6.37023199e-03 
 5.49960363e+08  6.88537342e-03 
 5.62776388e+08  7.72227165e-03 
 5.75891073e+08  8.76319385e-03 
 5.89311376e+08  7.86845849e-03 
 6.03044419e+08  7.65977132e-03 
 6.17097492e+08  7.78411445e-03 
 6.31478050e+08  8.07242738e-03 
 6.46193727e+08  8.31471310e-03 
 6.61252331e+08  8.65805775e-03 
 6.76661854e+08  9.61614216e-03 
 6.92430473e+08  8.95041564e-03 
 7.08566557e+08  9.20159428e-03 
 7.25078669e+08  9.50701951e-03 
 7.41975572e+08  9.83908247e-03 
 7.59266232e+08  1.02156569e-02 
 7.76959826e+08  1.06578882e-02 
 7.95065744e+08  1.11959863e-02 
 8.13593593e+08  1.18745145e-02 
 8.32553207e+08  1.27552663e-02 
 8.51954648e+08  1.38980847e-02 
 8.71808210e+08  1.52367011e-02 
 8.92124431e+08  1.61924693e-02 
 9.12914092e+08  1.56377258e-02 
 9.34188226e+08  1.37525806e-02 
 9.55958123e+08  1.20042408e-02 
 9.78235335e+08  1.09673350e-02 
 1.00103169e+09  1.05390963e-02 
 1.02435927e+09  1.06273052e-02 
 1.04823047e+09  1.13908292e-02 
 1.07265796e+09  1.11747778e-02 
 1.09765469e+09  1.12998850e-02 
 1.12323393e+09  1.09000579e-02 
 1.14940927e+09  1.13828085e-02 
 1.17619457e+09  1.19611068e-02 
 1.20360408e+09  1.23884332e-02 
 1.23165232e+09  1.25806145e-02 
 1.26035418e+09  1.26452394e-02 
 1.28972490e+09  1.27153403e-02 
 1.31978006e+09  1.28378171e-02 
 1.35053561e+09  1.30087027e-02 
 1.38200788e+09  1.32136291e-02 
 1.41421356e+09  1.34416599e-02 
 1.44716975e+09  1.36861233e-02 
 1.48089393e+09  1.39421741e-02 
 1.51540401e+09  1.42052161e-02 
 1.55071830e+09  1.44706653e-02 
 1.58685553e+09  1.47347521e-02 
 1.62383489e+09  1.49959305e-02 
 1.66167599e+09  1.52557164e-02 
 1.70039893e+09  1.55178653e-02 
 1.74002425e+09  1.57864330e-02 
 1.78057299e+09  1.60642974e-02 
 1.82206665e+09  1.63528524e-02 
 1.86452726e+09  1.66524339e-02 
 1.90797735e+09  1.69628595e-02 
 1.95243999e+09  1.72837988e-02 
 1.99793876e+09  1.76149574e-02 
 2.04449781e+09  1.79561388e-02 
 2.09214185e+09  1.83072420e-02 
 2.14089617e+09  1.86682309e-02 
 2.19078664e+09  1.90390961e-02 
 2.24183974e+09  1.94198302e-02 
 2.29408255e+09  1.98104324e-02 
 2.34754280e+09  2.02109400e-02 
 2.40224887e+09  2.06214583e-02 
 2.45822978e+09  2.10421682e-02 
 2.51551525e+09  2.14733145e-02 
 2.57413567e+09  2.19151870e-02 
 2.63412215e+09  2.23681063e-02 
 2.69550653e+09  2.28324142e-02 
 2.75832139e+09  2.33084689e-02 
 2.82260005e+09  2.37966424e-02 
 2.88837664e+09  2.42973202e-02 
 2.95568605e+09  2.48109018e-02 
 3.02456401e+09  2.53378017e-02 
 3.09504707e+09  2.58784514e-02 
 3.16717263e+09  2.64333017e-02 
 3.24097898e+09  2.70028254e-02 
 3.31650528e+09  2.75875212e-02 
 3.39379160e+09  2.81879186e-02 
 3.47287898e+09  2.88045837e-02 
 3.55380937e+09  2.94381284e-02 
 3.63662572e+09  3.00892216e-02 
 3.72137199e+09  3.07586072e-02 
 3.80809314e+09  3.14471312e-02 
 3.89683521e+09  3.21557858e-02 
 3.98764528e+09  3.28857875e-02 
 4.08057155e+09  3.36387271e-02 
 4.17566333e+09  3.44168924e-02 
 4.27297108e+09  3.52240734e-02 
 4.37254645e+09  3.60680552e-02 
 4.47444228e+09  3.69715242e-02 
 4.57871264e+09  3.80724291e-02 
 4.68541287e+09  3.76083324e-02 
 4.79459960e+09  3.93358317e-02 
 4.90633076e+09  4.04910724e-02 
 5.02066566e+09  4.21411075e-02 
 5.13766496e+09  4.18773338e-02 
 5.25739076e+09  4.31942388e-02 
 5.37990660e+09  4.43934277e-02 
 5.50527749e+09  4.56338250e-02 
 5.63356997e+09  4.70261162e-02 
 5.76485211e+09  4.79466481e-02 
 5.89919360e+09  4.85790000e-02 
 6.03666571e+09  5.04707007e-02 
 6.17734142e+09  5.21136816e-02 
 6.32129537e+09  5.40682792e-02 
 6.46860395e+09  5.64131770e-02 
 6.61934535e+09  6.01944362e-02 
 6.77359956e+09  6.47400247e-02 
 6.93144843e+09  4.72622724e-02 
 7.09297575e+09  4.87036699e-02 
 7.25826722e+09  5.67345688e-02 
 7.42741057e+09  6.15209143e-02 
 7.60049556e+09  6.86410886e-02 
 7.77761404e+09  6.90284204e-02 
 7.95886001e+09  6.30740431e-02 
 8.14432966e+09  7.66272798e-02 
 8.33412140e+09  7.39006482e-02 
 8.52833597e+09  4.07662246e-02 
 8.72707642e+09  4.53435496e-02 
 8.93044823e+09  1.62883864e-01 
 9.13855932e+09  6.09696033e-02 
 9.35152014e+09  6.57096818e-02 
 9.56944371e+09  6.90571938e-02 
 9.79244566e+09  7.18759349e-02 
 1.00206443e+10  7.44708705e-02 
 1.02541609e+10  7.69583283e-02 
 1.04931192e+10  7.93999276e-02 
 1.07376460e+10  8.18332051e-02 
 1.09878712e+10  8.42837964e-02 
 1.12439276e+10  8.67711860e-02 
 1.15059509e+10  8.93118590e-02 
 1.17740804e+10  9.19213638e-02 
 1.20484582e+10  9.46160325e-02 
 1.23292299e+10  9.74149050e-02 
 1.26165447e+10  1.00342548e-01 
 1.29105549e+10  1.03434127e-01 
 1.32114166e+10  1.06746173e-01 
 1.35192894e+10  1.10383546e-01 
 1.38343368e+10  1.14582747e-01 
 1.41567259e+10  1.20063474e-01 
 1.44866277e+10  1.30509874e-01 
 1.48242175e+10  9.03460772e-02 
 1.51696743e+10  1.16321888e-01 
 1.55231815e+10  1.23633263e-01 
 1.58849266e+10  1.28101702e-01 
 1.62551017e+10  1.30183109e-01 
 1.66339032e+10  1.29114633e-01 
 1.70215321e+10  1.26428321e-01 
 1.74181941e+10  1.25919842e-01 
 1.78240998e+10  1.28568172e-01 
 1.82394645e+10  1.32977541e-01 
 1.86645086e+10  1.38041241e-01 
 1.90994578e+10  1.43305822e-01 
 1.95445429e+10  1.48640759e-01 
 2.00000000e+10  1.54029652e-01 
