 1.00000000e+08  1.54903847e-02 
 1.02330354e+08  1.53541224e-02 
 1.04715014e+08  1.52026037e-02 
 1.07155245e+08  1.50355740e-02 
 1.09652342e+08  1.48529527e-02 
 1.12207630e+08  1.46548518e-02 
 1.14822466e+08  1.44415891e-02 
 1.17498236e+08  1.42136961e-02 
 1.20236362e+08  1.39719196e-02 
 1.23038295e+08  1.37172166e-02 
 1.25905523e+08  1.34507425e-02 
 1.28839568e+08  1.31738324e-02 
 1.31841987e+08  1.28879768e-02 
 1.34914372e+08  1.25947929e-02 
 1.38058355e+08  1.22959926e-02 
 1.41275604e+08  1.19933484e-02 
 1.44567827e+08  1.16886598e-02 
 1.47936769e+08  1.13837205e-02 
 1.51384220e+08  1.10802880e-02 
 1.54912009e+08  1.07800570e-02 
 1.58522008e+08  1.04846371e-02 
 1.62216133e+08  1.01955336e-02 
 1.65996343e+08  9.91413419e-03 
 1.69864646e+08  9.64169899e-03 
 1.73823095e+08  9.37935450e-03 
 1.77873789e+08  9.12809094e-03 
 1.82018879e+08  8.88876225e-03 
 1.86260564e+08  8.66208831e-03 
 1.90601095e+08  8.44865880e-03 
 1.95042776e+08  8.24893829e-03 
 1.99587964e+08  8.06327229e-03 
 2.04239071e+08  7.89189378e-03 
 2.08998565e+08  7.73493030e-03 
 2.13868972e+08  7.59241135e-03 
 2.18852877e+08  7.46427601e-03 
 2.23952925e+08  7.35038091e-03 
 2.29171822e+08  7.25050823e-03 
 2.34512337e+08  7.16437398e-03 
 2.39977306e+08  7.09163607e-03 
 2.45569627e+08  7.03190208e-03 
 2.51292270e+08  6.98473592e-03 
 2.57148271e+08  6.94966266e-03 
 2.63140737e+08  6.92617051e-03 
 2.69272848e+08  6.91371540e-03 
 2.75547860e+08  6.91179432e-03 
 2.81969102e+08  6.92077052e-03 
 2.88539981e+08  6.95303164e-03 
 2.95263985e+08  7.26920496e-03 
 3.02144683e+08  7.90429640e-03 
 3.09185725e+08  8.61342271e-03 
 3.16390848e+08  1.30592411e-02 
 3.23763876e+08  8.18780255e-03 
 3.31308722e+08  7.59353061e-03 
 3.39029389e+08  7.52753249e-03 
 3.46929975e+08  7.58463550e-03 
 3.55014673e+08  7.61738724e-03 
 3.63287773e+08  7.73273744e-03 
 3.71753666e+08  7.88145802e-03 
 3.80416844e+08  8.09777562e-03 
 3.89281904e+08  7.89165071e-03 
 3.98353552e+08  8.19108601e-03 
 4.07636602e+08  8.18676282e-03 
 4.17135980e+08  8.37115688e-03 
 4.26856726e+08  8.56667348e-03 
 4.36804001e+08  8.79327970e-03 
 4.46983082e+08  9.12277565e-03 
 4.57399372e+08  9.37471565e-03 
 4.68058398e+08  9.75111071e-03 
 4.78965818e+08  9.94783635e-03 
 4.90127419e+08  1.00527131e-02 
 5.01549125e+08  1.06441350e-02 
 5.13236997e+08  1.19078198e-02 
 5.25197238e+08  1.27771579e-02 
 5.37436195e+08  1.10446390e-02 
 5.49960363e+08  1.25987715e-02 
 5.62776388e+08  1.35255227e-02 
 5.75891073e+08  1.45896272e-02 
 5.89311376e+08  1.67108355e-02 
 6.03044419e+08  1.13903228e-02 
 6.17097492e+08  1.09996931e-02 
 6.31478050e+08  1.14072715e-02 
 6.46193727e+08  1.17476355e-02 
 6.61252331e+08  1.24176159e-02 
 6.76661854e+08  1.32505315e-02 
 6.92430473e+08  1.36892071e-02 
 7.08566557e+08  1.45457887e-02 
 7.25078669e+08  1.56542072e-02 
 7.41975572e+08  1.70136540e-02 
 7.59266232e+08  1.87462781e-02 
 7.76959826e+08  2.10145879e-02 
 7.95065744e+08  2.40046125e-02 
 8.13593593e+08  2.77178633e-02 
 8.32553207e+08  3.11425110e-02 
 8.51954648e+08  3.13484837e-02 
 8.71808210e+08  2.71276801e-02 
 8.92124431e+08  2.18500036e-02 
 9.12914092e+08  1.79040855e-02 
 9.34188226e+08  1.54979744e-02 
 9.55958123e+08  1.42694259e-02 
 9.78235335e+08  1.39135095e-02 
 1.00103169e+09  1.42904455e-02 
 1.02435927e+09  1.54375125e-02 
 1.04823047e+09  1.75797516e-02 
 1.07265796e+09  2.06681687e-02 
 1.09765469e+09  2.38976814e-02 
 1.12323393e+09  2.92877465e-02 
 1.14940927e+09  3.39998850e-02 
 1.17619457e+09  3.48600960e-02 
 1.20360408e+09  3.20777862e-02 
 1.23165232e+09  2.84277671e-02 
 1.26035418e+09  2.55519771e-02 
 1.28972490e+09  2.37462035e-02 
 1.31978006e+09  2.27441373e-02 
 1.35053561e+09  2.20788635e-02 
 1.38200788e+09  2.13065835e-02 
 1.41421356e+09  2.02211068e-02 
 1.44716975e+09  1.88906689e-02 
 1.48089393e+09  1.74950091e-02 
 1.51540401e+09  1.61757536e-02 
 1.55071830e+09  1.50005783e-02 
 1.58685553e+09  1.39853380e-02 
 1.62383489e+09  1.31198037e-02 
 1.66167599e+09  1.23837959e-02 
 1.70039893e+09  1.17556440e-02 
 1.74002425e+09  1.12157954e-02 
 1.78057299e+09  1.07476475e-02 
 1.82206665e+09  1.03372408e-02 
 1.86452726e+09  9.97282903e-03 
 1.90797735e+09  9.64472555e-03 
 1.95243999e+09  9.34554704e-03 
 1.99793876e+09  9.07096760e-03 
 2.04449781e+09  8.82108635e-03 
 2.09214185e+09  8.60214603e-03 
 2.14089617e+09  8.42725769e-03 
 2.19078664e+09  8.31344843e-03 
 2.24183974e+09  8.27352870e-03 
 2.29408255e+09  8.30725830e-03 
 2.34754280e+09  8.40024578e-03 
 2.40224887e+09  8.53177467e-03 
 2.45822978e+09  8.68358812e-03 
 2.51551525e+09  8.84364006e-03 
 2.57413567e+09  9.00552415e-03 
 2.63412215e+09  9.16650232e-03 
 2.69550653e+09  9.32581202e-03 
 2.75832139e+09  9.48361601e-03 
 2.82260005e+09  9.64044837e-03 
 2.88837664e+09  9.79695173e-03 
 2.95568605e+09  9.95376461e-03 
 3.02456401e+09  1.01114804e-02 
 3.09504707e+09  1.02706381e-02 
 3.16717263e+09  1.04317269e-02 
 3.24097898e+09  1.05951953e-02 
 3.31650528e+09  1.07614617e-02 
 3.39379160e+09  1.09309259e-02 
 3.47287898e+09  1.11039821e-02 
 3.55380937e+09  1.12810335e-02 
 3.63662572e+09  1.14625144e-02 
 3.72137199e+09  1.16489262e-02 
 3.80809314e+09  1.18409072e-02 
 3.89683521e+09  1.20393921e-02 
 3.98764528e+09  1.22460505e-02 
 4.08057155e+09  1.24648613e-02 
 4.17566333e+09  1.27111814e-02 
 4.27297108e+09  1.32457827e-02 
 4.37254645e+09  1.29650376e-02 
 4.47444228e+09  1.32792649e-02 
 4.57871264e+09  1.35870852e-02 
 4.68541287e+09  1.33485247e-02 
 4.79459960e+09  1.39535131e-02 
 4.90633076e+09  1.42660077e-02 
 5.02066566e+09  1.45286394e-02 
 5.13766496e+09  1.48380504e-02 
 5.25739076e+09  1.51589887e-02 
 5.37990660e+09  1.55060999e-02 
 5.50527749e+09  1.59009737e-02 
 5.63356997e+09  1.64077192e-02 
 5.76485211e+09  1.74175237e-02 
 5.89919360e+09  1.13138339e-02 
 6.03666571e+09  1.60526611e-02 
 6.17734142e+09  1.67393781e-02 
 6.32129537e+09  1.73212537e-02 
 6.46860395e+09  1.78463104e-02 
 6.61934535e+09  1.85251802e-02 
 6.77359956e+09  1.86026122e-02 
 6.93144843e+09  1.92999515e-02 
 7.09297575e+09  1.98509315e-02 
 7.25826722e+09  2.05767089e-02 
 7.42741057e+09  2.06110106e-02 
 7.60049556e+09  2.24176810e-02 
 7.77761404e+09  2.29396932e-02 
 7.95886001e+09  1.94674987e-02 
 8.14432966e+09  2.37353660e-02 
 8.33412140e+09  2.76723002e-02 
 8.52833597e+09  1.89587874e-02 
 8.72707642e+09  1.11389100e-02 
 8.93044823e+09  1.79122987e-02 
 9.13855932e+09  2.00048056e-02 
 9.35152014e+09  2.12879995e-02 
 9.56944371e+09  2.22607538e-02 
 9.79244566e+09  2.31067527e-02 
 1.00206443e+10  2.38818811e-02 
 1.02541609e+10  2.46195178e-02 
 1.04931192e+10  2.53382861e-02 
 1.07376460e+10  2.60496572e-02 
 1.09878712e+10  2.67612816e-02 
 1.12439276e+10  2.74786461e-02 
 1.15059509e+10  2.82059837e-02 
 1.17740804e+10  2.89468304e-02 
 1.20484582e+10  2.97044267e-02 
 1.23292299e+10  3.04820965e-02 
 1.26165447e+10  3.12837607e-02 
 1.29105549e+10  3.21149144e-02 
 1.32114166e+10  3.29850592e-02 
 1.35192894e+10  3.39155825e-02 
 1.38343368e+10  3.49769104e-02 
 1.41567259e+10  3.66863522e-02 
 1.44866277e+10  3.45123864e-02 
 1.48242175e+10  3.67235866e-02 
 1.51696743e+10  3.79456824e-02 
 1.55231815e+10  3.90714730e-02 
 1.58849266e+10  4.01938720e-02 
 1.62551017e+10  4.13398363e-02 
 1.66339032e+10  4.25220289e-02 
 1.70215321e+10  4.37488621e-02 
 1.74181941e+10  4.50274962e-02 
 1.78240998e+10  4.63650541e-02 
 1.82394645e+10  4.77692837e-02 
 1.86645086e+10  4.92490352e-02 
 1.90994578e+10  5.08146566e-02 
 1.95445429e+10  5.24782283e-02 
 2.00000000e+10  5.42531834e-02 
