 1.00000000e+08  1.45967690e-02 
 1.02330354e+08  1.44335377e-02 
 1.04715014e+08  1.42561645e-02 
 1.07155245e+08  1.40647249e-02 
 1.09652342e+08  1.38594675e-02 
 1.12207630e+08  1.36408215e-02 
 1.14822466e+08  1.34093993e-02 
 1.17498236e+08  1.31659939e-02 
 1.20236362e+08  1.29115696e-02 
 1.23038295e+08  1.26472489e-02 
 1.25905523e+08  1.23742937e-02 
 1.28839568e+08  1.20940819e-02 
 1.31841987e+08  1.18080821e-02 
 1.34914372e+08  1.15178256e-02 
 1.38058355e+08  1.12248782e-02 
 1.41275604e+08  1.09308119e-02 
 1.44567827e+08  1.06371795e-02 
 1.47936769e+08  1.03454900e-02 
 1.51384220e+08  1.00571891e-02 
 1.54912009e+08  9.77364158e-03 
 1.58522008e+08  9.49611874e-03 
 1.62216133e+08  9.22578891e-03 
 1.65996343e+08  8.96371183e-03 
 1.69864646e+08  8.71083639e-03 
 1.73823095e+08  8.46800127e-03 
 1.77873789e+08  8.23593839e-03 
 1.82018879e+08  8.01527895e-03 
 1.86260564e+08  7.80656188e-03 
 1.90601095e+08  7.61024528e-03 
 1.95042776e+08  7.42672149e-03 
 1.99587964e+08  7.25633761e-03 
 2.04239071e+08  7.09942485e-03 
 2.08998565e+08  6.95634296e-03 
 2.13868972e+08  6.82755243e-03 
 2.18852877e+08  6.71373988e-03 
 2.23952925e+08  6.61605263e-03 
 2.29171822e+08  6.53657341e-03 
 2.34512337e+08  6.47937441e-03 
 2.39977306e+08  6.45313713e-03 
 2.45569627e+08  6.47869424e-03 
 2.51292270e+08  6.61556115e-03 
 2.57148271e+08  7.08622840e-03 
 2.63140737e+08  9.09643223e-03 
 2.69272848e+08  1.16797447e-02 
 2.75547860e+08  7.57949083e-03 
 2.81969102e+08  7.18482753e-03 
 2.88539981e+08  1.24699121e-02 
 2.95263985e+08  8.01635881e-03 
 3.02144683e+08  1.04315081e-02 
 3.09185725e+08  7.58630798e-03 
 3.16390848e+08  6.96151563e-03 
 3.23763876e+08  6.79717037e-03 
 3.31308722e+08  6.76630012e-03 
 3.39029389e+08  6.80075276e-03 
 3.46929975e+08  6.88400678e-03 
 3.55014673e+08  7.02582223e-03 
 3.63287773e+08  7.40312289e-03 
 3.71753666e+08  7.62594667e-03 
 3.80416844e+08  8.68829024e-03 
 3.89281904e+08  9.75188842e-03 
 3.98353552e+08  7.67163681e-03 
 4.07636602e+08  7.82486346e-03 
 4.17135980e+08  8.63415849e-03 
 4.26856726e+08  9.67496358e-03 
 4.36804001e+08  8.28576563e-03 
 4.46983082e+08  8.64161392e-03 
 4.57399372e+08  9.50471971e-03 
 4.68058398e+08  1.24891473e-02 
 4.78965818e+08  1.97669398e-02 
 4.90127419e+08  8.70633981e-03 
 5.01549125e+08  7.97934887e-03 
 5.13236997e+08  7.00928233e-03 
 5.25197238e+08  6.83703919e-03 
 5.37436195e+08  6.25959702e-03 
 5.49960363e+08  6.78983995e-03 
 5.62776388e+08  7.37998348e-03 
 5.75891073e+08  7.79051987e-03 
 5.89311376e+08  7.83770619e-03 
 6.03044419e+08  7.52427730e-03 
 6.17097492e+08  7.81638482e-03 
 6.31478050e+08  8.06353371e-03 
 6.46193727e+08  8.35176659e-03 
 6.61252331e+08  8.60798996e-03 
 6.76661854e+08  9.09371217e-03 
 6.92430473e+08  8.96395181e-03 
 7.08566557e+08  9.27371040e-03 
 7.25078669e+08  9.54083392e-03 
 7.41975572e+08  9.84393510e-03 
 7.59266232e+08  1.01908808e-02 
 7.76959826e+08  1.05977989e-02 
 7.95065744e+08  1.10901522e-02 
 8.13593593e+08  1.17064457e-02 
 8.32553207e+08  1.25002371e-02 
 8.51954648e+08  1.35221527e-02 
 8.71808210e+08  1.47068229e-02 
 8.92124431e+08  1.55258882e-02 
 9.12914092e+08  1.49765661e-02 
 9.34188226e+08  1.32748148e-02 
 9.55958123e+08  1.17586736e-02 
 9.78235335e+08  1.09055451e-02 
 1.00103169e+09  1.05861968e-02 
 1.02435927e+09  1.06823847e-02 
 1.04823047e+09  1.12578597e-02 
 1.07265796e+09  1.11389161e-02 
 1.09765469e+09  1.12561919e-02 
 1.12323393e+09  1.15191300e-02 
 1.14940927e+09  1.20790026e-02 
 1.17619457e+09  1.26266555e-02 
 1.20360408e+09  1.29712545e-02 
 1.23165232e+09  1.30529973e-02 
 1.26035418e+09  1.30198910e-02 
 1.28972490e+09  1.30220100e-02 
 1.31978006e+09  1.31014552e-02 
 1.35053561e+09  1.32460133e-02 
 1.38200788e+09  1.34354520e-02 
 1.41421356e+09  1.36544249e-02 
 1.44716975e+09  1.38928650e-02 
 1.48089393e+09  1.41439475e-02 
 1.51540401e+09  1.44023407e-02 
 1.55071830e+09  1.46634045e-02 
 1.58685553e+09  1.49235090e-02 
 1.62383489e+09  1.51811340e-02 
 1.66167599e+09  1.54375891e-02 
 1.70039893e+09  1.56962736e-02 
 1.74002425e+09  1.59609115e-02 
 1.78057299e+09  1.62341843e-02 
 1.82206665e+09  1.65174246e-02 
 1.86452726e+09  1.68109871e-02 
 1.90797735e+09  1.71147312e-02 
 1.95243999e+09  1.74283553e-02 
 1.99793876e+09  1.77515633e-02 
 2.04449781e+09  1.80841202e-02 
 2.09214185e+09  1.84258547e-02 
 2.14089617e+09  1.87766506e-02 
 2.19078664e+09  1.91364540e-02 
 2.24183974e+09  1.95053049e-02 
 2.29408255e+09  1.98833646e-02 
 2.34754280e+09  2.02708992e-02 
 2.40224887e+09  2.06682209e-02 
 2.45822978e+09  2.10756365e-02 
 2.51551525e+09  2.14934320e-02 
 2.57413567e+09  2.19218816e-02 
 2.63412215e+09  2.23612634e-02 
 2.69550653e+09  2.28118685e-02 
 2.75832139e+09  2.32740056e-02 
 2.82260005e+09  2.37480019e-02 
 2.88837664e+09  2.42342029e-02 
 2.95568605e+09  2.47329714e-02 
 3.02456401e+09  2.52446882e-02 
 3.09504707e+09  2.57697520e-02 
 3.16717263e+09  2.63085809e-02 
 3.24097898e+09  2.68616148e-02 
 3.31650528e+09  2.74293185e-02 
 3.39379160e+09  2.80121857e-02 
 3.47287898e+09  2.86107458e-02 
 3.55380937e+09  2.92255730e-02 
 3.63662572e+09  2.98572986e-02 
 3.72137199e+09  3.05066319e-02 
 3.80809314e+09  3.11743916e-02 
 3.89683521e+09  3.18615599e-02 
 3.98764528e+09  3.25693800e-02 
 4.08057155e+09  3.32995481e-02 
 4.17566333e+09  3.40546358e-02 
 4.27297108e+09  3.48391626e-02 
 4.37254645e+09  3.56629621e-02 
 4.47444228e+09  3.65560628e-02 
 4.57871264e+09  3.77065668e-02 
 4.68541287e+09  3.66910415e-02 
 4.79459960e+09  3.86580203e-02 
 4.90633076e+09  3.97914469e-02 
 5.02066566e+09  4.13228937e-02 
 5.13766496e+09  4.11937433e-02 
 5.25739076e+09  4.24265335e-02 
 5.37990660e+09  4.35560092e-02 
 5.50527749e+09  4.47211366e-02 
 5.63356997e+09  4.60235987e-02 
 5.76485211e+09  4.69030438e-02 
 5.89919360e+09  4.74146135e-02 
 6.03666571e+09  4.91545028e-02 
 6.17734142e+09  5.06293630e-02 
 6.32129537e+09  5.23491932e-02 
 6.46860395e+09  5.43819265e-02 
 6.61934535e+09  5.81524005e-02 
 6.77359956e+09  5.95705071e-02 
 6.93144843e+09  4.46930898e-02 
 7.09297575e+09  5.30826429e-02 
 7.25826722e+09  5.78303207e-02 
 7.42741057e+09  6.20966599e-02 
 7.60049556e+09  7.35776589e-02 
 7.77761404e+09  7.51060107e-02 
 7.95886001e+09  5.09994981e-02 
 8.14432966e+09  6.25194494e-02 
 8.33412140e+09  6.02943514e-02 
 8.52833597e+09  5.99837530e-02 
 8.72707642e+09  6.39848360e-02 
 8.93044823e+09  6.76793300e-02 
 9.13855932e+09  6.99704934e-02 
 9.35152014e+09  8.17786082e-02 
 9.56944371e+09  7.17435860e-02 
 9.79244566e+09  7.44533435e-02 
 1.00206443e+10  7.67581516e-02 
 1.02541609e+10  7.89856858e-02 
 1.04931192e+10  8.12106687e-02 
 1.07376460e+10  8.34638699e-02 
 1.09878712e+10  8.57630982e-02 
 1.12439276e+10  8.81214955e-02 
 1.15059509e+10  9.05507202e-02 
 1.17740804e+10  9.30626747e-02 
 1.20484582e+10  9.56709106e-02 
 1.23292299e+10  9.83923126e-02 
 1.26165447e+10  1.01249744e-01 
 1.29105549e+10  1.04276992e-01 
 1.32114166e+10  1.07529434e-01 
 1.35192894e+10  1.11110925e-01 
 1.38343368e+10  1.15257017e-01 
 1.41567259e+10  1.20686336e-01 
 1.44866277e+10  1.31081938e-01 
 1.48242175e+10  9.09478982e-02 
 1.51696743e+10  1.16820912e-01 
 1.55231815e+10  1.24084895e-01 
 1.58849266e+10  1.28516982e-01 
 1.62551017e+10  1.30581166e-01 
 1.66339032e+10  1.29527427e-01 
 1.70215321e+10  1.26877628e-01 
 1.74181941e+10  1.26386731e-01 
 1.78240998e+10  1.29018193e-01 
 1.82394645e+10  1.33390591e-01 
 1.86645086e+10  1.38410048e-01 
 1.90994578e+10  1.43628341e-01 
 1.95445429e+10  1.48916232e-01 
 2.00000000e+10  1.54257142e-01 
