 1.00000000e+08  1.49564654e-02 
 1.02330354e+08  1.47802872e-02 
 1.04715014e+08  1.45898774e-02 
 1.07155245e+08  1.43853714e-02 
 1.09652342e+08  1.41670866e-02 
 1.12207630e+08  1.39355297e-02 
 1.14822466e+08  1.36913991e-02 
 1.17498236e+08  1.34355817e-02 
 1.20236362e+08  1.31691443e-02 
 1.23038295e+08  1.28933193e-02 
 1.25905523e+08  1.26094851e-02 
 1.28839568e+08  1.23191429e-02 
 1.31841987e+08  1.20238903e-02 
 1.34914372e+08  1.17253923e-02 
 1.38058355e+08  1.14253531e-02 
 1.41275604e+08  1.11254867e-02 
 1.44567827e+08  1.08274908e-02 
 1.47936769e+08  1.05330218e-02 
 1.51384220e+08  1.02436738e-02 
 1.54912009e+08  9.96096074e-03 
 1.58522008e+08  9.68630256e-03 
 1.62216133e+08  9.42101446e-03 
 1.65996343e+08  9.16630002e-03 
 1.69864646e+08  8.92324735e-03 
 1.73823095e+08  8.69282820e-03 
 1.77873789e+08  8.47589980e-03 
 1.82018879e+08  8.27320935e-03 
 1.86260564e+08  8.08540146e-03 
 1.90601095e+08  7.91302910e-03 
 1.95042776e+08  7.75656935e-03 
 1.99587964e+08  7.61644618e-03 
 2.04239071e+08  7.49306450e-03 
 2.08998565e+08  7.38686268e-03 
 2.13868972e+08  7.29839788e-03 
 2.18852877e+08  7.22849184e-03 
 2.23952925e+08  7.17849676e-03 
 2.29171822e+08  7.15081748e-03 
 2.34512337e+08  7.15003436e-03 
 2.39977306e+08  7.18560676e-03 
 2.45569627e+08  7.27941288e-03 
 2.51292270e+08  7.49146932e-03 
 2.57148271e+08  8.03704356e-03 
 2.63140737e+08  1.00415974e-02 
 2.69272848e+08  1.21676367e-02 
 2.75547860e+08  8.33278082e-03 
 2.81969102e+08  8.40583794e-03 
 2.88539981e+08  1.45702510e-02 
 2.95263985e+08  8.86277892e-03 
 3.02144683e+08  1.09474725e-02 
 3.09185725e+08  8.29794409e-03 
 3.16390848e+08  7.84289094e-03 
 3.23763876e+08  7.78371332e-03 
 3.31308722e+08  7.83084104e-03 
 3.39029389e+08  7.92647791e-03 
 3.46929975e+08  8.05531546e-03 
 3.55014673e+08  8.21784288e-03 
 3.63287773e+08  8.46850587e-03 
 3.71753666e+08  8.77316871e-03 
 3.80416844e+08  9.51155560e-03 
 3.89281904e+08  1.01555544e-02 
 3.98353552e+08  8.95147114e-03 
 4.07636602e+08  9.12745241e-03 
 4.17135980e+08  9.59017789e-03 
 4.26856726e+08  1.00860794e-02 
 4.36804001e+08  9.63990603e-03 
 4.46983082e+08  9.88283897e-03 
 4.57399372e+08  1.03009533e-02 
 4.68058398e+08  1.09244818e-02 
 4.78965818e+08  1.16892683e-02 
 4.90127419e+08  1.22439904e-02 
 5.01549125e+08  1.40910759e-02 
 5.13236997e+08  1.76113688e-02 
 5.25197238e+08  1.52112189e-02 
 5.37436195e+08  1.73410767e-02 
 5.49960363e+08  9.45594009e-03 
 5.62776388e+08  1.48962693e-02 
 5.75891073e+08  1.54074274e-02 
 5.89311376e+08  1.29315695e-02 
 6.03044419e+08  1.18555559e-02 
 6.17097492e+08  9.94494894e-03 
 6.31478050e+08  1.06021675e-02 
 6.46193727e+08  1.11181955e-02 
 6.61252331e+08  1.16698509e-02 
 6.76661854e+08  1.21663184e-02 
 6.92430473e+08  1.24934663e-02 
 7.08566557e+08  1.30211717e-02 
 7.25078669e+08  1.36179442e-02 
 7.41975572e+08  1.42906486e-02 
 7.59266232e+08  1.50727367e-02 
 7.76959826e+08  1.60082999e-02 
 7.95065744e+08  1.71604372e-02 
 8.13593593e+08  1.86198682e-02 
 8.32553207e+08  2.05070924e-02 
 8.51954648e+08  2.29267011e-02 
 8.71808210e+08  2.57090970e-02 
 8.92124431e+08  2.76427279e-02 
 9.12914092e+08  2.64281908e-02 
 9.34188226e+08  2.23899445e-02 
 9.55958123e+08  1.85519165e-02 
 9.78235335e+08  1.63050299e-02 
 1.00103169e+09  1.56334821e-02 
 1.02435927e+09  1.64098466e-02 
 1.04823047e+09  1.86357158e-02 
 1.07265796e+09  1.88040917e-02 
 1.09765469e+09  2.08637259e-02 
 1.12323393e+09  2.44325643e-02 
 1.14940927e+09  2.85319967e-02 
 1.17619457e+09  3.22613383e-02 
 1.20360408e+09  3.43333790e-02 
 1.23165232e+09  3.43212132e-02 
 1.26035418e+09  3.34836280e-02 
 1.28972490e+09  3.31192406e-02 
 1.31978006e+09  3.33304813e-02 
 1.35053561e+09  3.33808383e-02 
 1.38200788e+09  3.25586935e-02 
 1.41421356e+09  3.07857136e-02 
 1.44716975e+09  2.85006437e-02 
 1.48089393e+09  2.61768411e-02 
 1.51540401e+09  2.40811465e-02 
 1.55071830e+09  2.22972229e-02 
 1.58685553e+09  2.08115476e-02 
 1.62383489e+09  1.95748896e-02 
 1.66167599e+09  1.85347727e-02 
 1.70039893e+09  1.76488639e-02 
 1.74002425e+09  1.68867582e-02 
 1.78057299e+09  1.62267282e-02 
 1.82206665e+09  1.56523448e-02 
 1.86452726e+09  1.51506701e-02 
 1.90797735e+09  1.47116439e-02 
 1.95243999e+09  1.43279526e-02 
 1.99793876e+09  1.39949765e-02 
 2.04449781e+09  1.37106442e-02 
 2.09214185e+09  1.34750518e-02 
 2.14089617e+09  1.32896972e-02 
 2.19078664e+09  1.31562766e-02 
 2.24183974e+09  1.30752731e-02 
 2.29408255e+09  1.30448625e-02 
 2.34754280e+09  1.30606658e-02 
 2.40224887e+09  1.31164156e-02 
 2.45822978e+09  1.32050815e-02 
 2.51551525e+09  1.33198880e-02 
 2.57413567e+09  1.34549363e-02 
 2.63412215e+09  1.36054368e-02 
 2.69550653e+09  1.37676865e-02 
 2.75832139e+09  1.39389259e-02 
 2.82260005e+09  1.41171611e-02 
 2.88837664e+09  1.43009975e-02 
 2.95568605e+09  1.44894998e-02 
 3.02456401e+09  1.46820831e-02 
 3.09504707e+09  1.48784306e-02 
 3.16717263e+09  1.50784331e-02 
 3.24097898e+09  1.52821476e-02 
 3.31650528e+09  1.54897685e-02 
 3.39379160e+09  1.57016115e-02 
 3.47287898e+09  1.59181082e-02 
 3.55380937e+09  1.61398102e-02 
 3.63662572e+09  1.63674053e-02 
 3.72137199e+09  1.66017495e-02 
 3.80809314e+09  1.68439188e-02 
 3.89683521e+09  1.70952961e-02 
 3.98764528e+09  1.73577119e-02 
 4.08057155e+09  1.76336844e-02 
 4.17566333e+09  1.79268465e-02 
 4.27297108e+09  1.82427617e-02 
 4.37254645e+09  1.85906734e-02 
 4.47444228e+09  1.89881347e-02 
 4.57871264e+09  1.94839466e-02 
 4.68541287e+09  1.98620088e-02 
 4.79459960e+09  2.08742564e-02 
 4.90633076e+09  2.27792572e-02 
 5.02066566e+09  3.45245570e-02 
 5.13766496e+09  1.41924840e-02 
 5.25739076e+09  1.75210146e-02 
 5.37990660e+09  1.87344661e-02 
 5.50527749e+09  1.94767346e-02 
 5.63356997e+09  2.00077532e-02 
 5.76485211e+09  2.13992801e-02 
 5.89919360e+09  2.11673735e-02 
 6.03666571e+09  2.16499020e-02 
 6.17734142e+09  2.21224314e-02 
 6.32129537e+09  2.26375545e-02 
 6.46860395e+09  2.31981017e-02 
 6.61934535e+09  2.39265984e-02 
 6.77359956e+09  2.49399974e-02 
 6.93144843e+09  2.29712723e-02 
 7.09297575e+09  2.41830662e-02 
 7.25826722e+09  2.52274472e-02 
 7.42741057e+09  2.62240031e-02 
 7.60049556e+09  2.83773580e-02 
 7.77761404e+09  2.84565331e-02 
 7.95886001e+09  2.75076338e-02 
 8.14432966e+09  3.08588136e-02 
 8.33412140e+09  3.13834701e-02 
 8.52833597e+09  3.10651757e-02 
 8.72707642e+09  1.94164470e-02 
 8.93044823e+09  2.50415801e-02 
 9.13855932e+09  2.69481861e-02 
 9.35152014e+09  2.81994875e-02 
 9.56944371e+09  2.92235849e-02 
 9.79244566e+09  3.01388059e-02 
 1.00206443e+10  3.10068919e-02 
 1.02541609e+10  3.18562488e-02 
 1.04931192e+10  3.27033872e-02 
 1.07376460e+10  3.35591427e-02 
 1.09878712e+10  3.44315001e-02 
 1.12439276e+10  3.53270681e-02 
 1.15059509e+10  3.62519895e-02 
 1.17740804e+10  3.72126449e-02 
 1.20484582e+10  3.82163830e-02 
 1.23292299e+10  3.92725111e-02 
 1.26165447e+10  4.03939466e-02 
 1.29105549e+10  4.16004044e-02 
 1.32114166e+10  4.29254264e-02 
 1.35192894e+10  4.44344361e-02 
 1.38343368e+10  4.62817807e-02 
 1.41567259e+10  4.89602151e-02 
 1.44866277e+10  5.53230737e-02 
 1.48242175e+10  3.18519228e-02 
 1.51696743e+10  4.41066923e-02 
 1.55231815e+10  4.77759882e-02 
 1.58849266e+10  5.01454069e-02 
 1.62551017e+10  5.18937175e-02 
 1.66339032e+10  5.29782098e-02 
 1.70215321e+10  5.36252701e-02 
 1.74181941e+10  5.45370923e-02 
 1.78240998e+10  5.60203471e-02 
 1.82394645e+10  5.79228699e-02 
 1.86645086e+10  6.00789487e-02 
 1.90994578e+10  6.24175185e-02 
 1.95445429e+10  6.49270542e-02 
 2.00000000e+10  6.76246179e-02 
