 1.00000000e+08  1.47347228e-02 
 1.02330354e+08  1.45783903e-02 
 1.04715014e+08  1.44078569e-02 
 1.07155245e+08  1.42231147e-02 
 1.09652342e+08  1.40243248e-02 
 1.12207630e+08  1.38118274e-02 
 1.14822466e+08  1.35861466e-02 
 1.17498236e+08  1.33479897e-02 
 1.20236362e+08  1.30982415e-02 
 1.23038295e+08  1.28379524e-02 
 1.25905523e+08  1.25683223e-02 
 1.28839568e+08  1.22906786e-02 
 1.31841987e+08  1.20064518e-02 
 1.34914372e+08  1.17171481e-02 
 1.38058355e+08  1.14243212e-02 
 1.41275604e+08  1.11295437e-02 
 1.44567827e+08  1.08343797e-02 
 1.47936769e+08  1.05403604e-02 
 1.51384220e+08  1.02489613e-02 
 1.54912009e+08  9.96158404e-03 
 1.58522008e+08  9.67954126e-03 
 1.62216133e+08  9.40404547e-03 
 1.65996343e+08  9.13620152e-03 
 1.69864646e+08  8.87700250e-03 
 1.73823095e+08  8.62732855e-03 
 1.77873789e+08  8.38794853e-03 
 1.82018879e+08  8.15952388e-03 
 1.86260564e+08  7.94261484e-03 
 1.90601095e+08  7.73768881e-03 
 1.95042776e+08  7.54513152e-03 
 1.99587964e+08  7.36526176e-03 
 2.04239071e+08  7.19835225e-03 
 2.08998565e+08  7.04466069e-03 
 2.13868972e+08  6.90447969e-03 
 2.18852877e+08  6.77822334e-03 
 2.23952925e+08  6.66658869e-03 
 2.29171822e+08  6.57088060e-03 
 2.34512337e+08  6.49372305e-03 
 2.39977306e+08  6.44077699e-03 
 2.45569627e+08  6.42543212e-03 
 2.51292270e+08  6.48386827e-03 
 2.57148271e+08  6.73551950e-03 
 2.63140737e+08  7.71739916e-03 
 2.69272848e+08  1.28677640e-02 
 2.75547860e+08  1.27666955e-02 
 2.81969102e+08  8.28240790e-03 
 2.88539981e+08  7.20274149e-03 
 2.95263985e+08  6.82657414e-03 
 3.02144683e+08  6.67683004e-03 
 3.09185725e+08  6.64449499e-03 
 3.16390848e+08  6.77085026e-03 
 3.23763876e+08  8.00554637e-03 
 3.31308722e+08  7.19087332e-03 
 3.39029389e+08  6.74789939e-03 
 3.46929975e+08  6.73972034e-03 
 3.55014673e+08  6.81255624e-03 
 3.63287773e+08  6.95977682e-03 
 3.71753666e+08  7.53159571e-03 
 3.80416844e+08  7.22152278e-03 
 3.89281904e+08  7.28534122e-03 
 3.98353552e+08  7.49112269e-03 
 4.07636602e+08  7.77749880e-03 
 4.17135980e+08  8.64500688e-03 
 4.26856726e+08  1.00258810e-02 
 4.36804001e+08  8.33007232e-03 
 4.46983082e+08  9.50482998e-03 
 4.57399372e+08  8.78789347e-03 
 4.68058398e+08  9.56061217e-03 
 4.78965818e+08  1.27680463e-02 
 4.90127419e+08  8.95699411e-03 
 5.01549125e+08  1.20696260e-02 
 5.13236997e+08  1.36621594e-02 
 5.25197238e+08  6.77722665e-03 
 5.37436195e+08  7.51585284e-03 
 5.49960363e+08  7.94735054e-03 
 5.62776388e+08  7.05093400e-03 
 5.75891073e+08  7.47443055e-03 
 5.89311376e+08  7.64861084e-03 
 6.03044419e+08  7.78865000e-03 
 6.17097492e+08  7.95240579e-03 
 6.31478050e+08  8.39915678e-03 
 6.46193727e+08  8.35453248e-03 
 6.61252331e+08  8.54557612e-03 
 6.76661854e+08  9.48237236e-03 
 6.92430473e+08  8.92052028e-03 
 7.08566557e+08  9.31364472e-03 
 7.25078669e+08  9.67762767e-03 
 7.41975572e+08  1.00906777e-02 
 7.59266232e+08  1.05908756e-02 
 7.76959826e+08  1.12284217e-02 
 7.95065744e+08  1.20788414e-02 
 8.13593593e+08  1.32378550e-02 
 8.32553207e+08  1.47004664e-02 
 8.51954648e+08  1.58292448e-02 
 8.71808210e+08  1.51575360e-02 
 8.92124431e+08  1.31125856e-02 
 9.12914092e+08  1.14805320e-02 
 9.34188226e+08  1.06243888e-02 
 9.55958123e+08  1.02876821e-02 
 9.78235335e+08  1.02895631e-02 
 1.00103169e+09  1.06611797e-02 
 1.02435927e+09  1.15222566e-02 
 1.04823047e+09  1.11831115e-02 
 1.07265796e+09  1.09804288e-02 
 1.09765469e+09  1.14139695e-02 
 1.12323393e+09  1.08809494e-02 
 1.14940927e+09  1.13514094e-02 
 1.17619457e+09  1.17813361e-02 
 1.20360408e+09  1.19959275e-02 
 1.23165232e+09  1.21503211e-02 
 1.26035418e+09  1.23294647e-02 
 1.28972490e+09  1.25382750e-02 
 1.31978006e+09  1.27608236e-02 
 1.35053561e+09  1.29834616e-02 
 1.38200788e+09  1.32020018e-02 
 1.41421356e+09  1.34189475e-02 
 1.44716975e+09  1.36382478e-02 
 1.48089393e+09  1.38633156e-02 
 1.51540401e+09  1.40964480e-02 
 1.55071830e+09  1.43382031e-02 
 1.58685553e+09  1.45874590e-02 
 1.62383489e+09  1.48422837e-02 
 1.66167599e+09  1.51010646e-02 
 1.70039893e+09  1.53633413e-02 
 1.74002425e+09  1.56299292e-02 
 1.78057299e+09  1.59023507e-02 
 1.82206665e+09  1.61820802e-02 
 1.86452726e+09  1.64700992e-02 
 1.90797735e+09  1.67668571e-02 
 1.95243999e+09  1.70724542e-02 
 1.99793876e+09  1.73868656e-02 
 2.04449781e+09  1.77101219e-02 
 2.09214185e+09  1.80424212e-02 
 2.14089617e+09  1.83841620e-02 
 2.19078664e+09  1.87358844e-02 
 2.24183974e+09  1.90981390e-02 
 2.29408255e+09  1.94713475e-02 
 2.34754280e+09  1.98557293e-02 
 2.40224887e+09  2.02513209e-02 
 2.45822978e+09  2.06580543e-02 
 2.51551525e+09  2.10758465e-02 
 2.57413567e+09  2.15046624e-02 
 2.63412215e+09  2.19445446e-02 
 2.69550653e+09  2.23956170e-02 
 2.75832139e+09  2.28580744e-02 
 2.82260005e+09  2.33321679e-02 
 2.88837664e+09  2.38181916e-02 
 2.95568605e+09  2.43164717e-02 
 3.02456401e+09  2.48273595e-02 
 3.09504707e+09  2.53512263e-02 
 3.16717263e+09  2.58884608e-02 
 3.24097898e+09  2.64394681e-02 
 3.31650528e+09  2.70046689e-02 
 3.39379160e+09  2.75845010e-02 
 3.47287898e+09  2.81794197e-02 
 3.55380937e+09  2.87899002e-02 
 3.63662572e+09  2.94164397e-02 
 3.72137199e+09  3.00595611e-02 
 3.80809314e+09  3.07198165e-02 
 3.89683521e+09  3.13977952e-02 
 3.98764528e+09  3.20941369e-02 
 4.08057155e+09  3.28095942e-02 
 4.17566333e+09  3.35471692e-02 
 4.27297108e+09  3.42990991e-02 
 4.37254645e+09  3.50762738e-02 
 4.47444228e+09  3.58756008e-02 
 4.57871264e+09  3.66983865e-02 
 4.68541287e+09  3.75460187e-02 
 4.79459960e+09  3.84202072e-02 
 4.90633076e+09  3.93232484e-02 
 5.02066566e+09  4.02586316e-02 
 5.13766496e+09  4.12329003e-02 
 5.25739076e+09  4.22642545e-02 
 5.37990660e+09  4.34594895e-02 
 5.50527749e+09  4.41328452e-02 
 5.63356997e+09  4.54777965e-02 
 5.76485211e+09  4.36216010e-02 
 5.89919360e+09  4.74399209e-02 
 6.03666571e+09  4.63986662e-02 
 6.17734142e+09  4.96806906e-02 
 6.32129537e+09  5.11777102e-02 
 6.46860395e+09  5.26963381e-02 
 6.61934535e+09  5.43278798e-02 
 6.77359956e+09  5.61605380e-02 
 6.93144843e+09  5.85246308e-02 
 7.09297575e+09  6.06363121e-02 
 7.25826722e+09  6.31906366e-02 
 7.42741057e+09  6.94406589e-02 
 7.60049556e+09  7.18920361e-02 
 7.77761404e+09  3.37019428e-02 
 7.95886001e+09  5.27848820e-02 
 8.14432966e+09  6.19745298e-02 
 8.33412140e+09  7.34018224e-02 
 8.52833597e+09  5.16299714e-02 
 8.72707642e+09  5.77344791e-02 
 8.93044823e+09  6.42468093e-02 
 9.13855932e+09  7.09791282e-02 
 9.35152014e+09  4.72160255e-02 
 9.56944371e+09  6.62012681e-02 
 9.79244566e+09  7.01095783e-02 
 1.00206443e+10  7.29198752e-02 
 1.02541609e+10  7.54055283e-02 
 1.04931192e+10  7.77633698e-02 
 1.07376460e+10  8.00715177e-02 
 1.09878712e+10  8.23695549e-02 
 1.12439276e+10  8.46812077e-02 
 1.15059509e+10  8.70227808e-02 
 1.17740804e+10  8.94070033e-02 
 1.20484582e+10  9.18451970e-02 
 1.23292299e+10  9.43489211e-02 
 1.26165447e+10  9.69318099e-02 
 1.29105549e+10  9.96125127e-02 
 1.32114166e+10  1.02420743e-01 
 1.35192894e+10  1.05412419e-01 
 1.38343368e+10  1.08716734e-01 
 1.41567259e+10  1.12738400e-01 
 1.44866277e+10  1.19829109e-01 
 1.48242175e+10  8.94721559e-02 
 1.51696743e+10  1.13081102e-01 
 1.55231815e+10  1.18545769e-01 
 1.58849266e+10  1.22670861e-01 
 1.62551017e+10  1.26487954e-01 
 1.66339032e+10  1.30243646e-01 
 1.70215321e+10  1.34031372e-01 
 1.74181941e+10  1.37898405e-01 
 1.78240998e+10  1.41874870e-01 
 1.82394645e+10  1.45983984e-01 
 1.86645086e+10  1.50246220e-01 
 1.90994578e+10  1.54680646e-01 
 1.95445429e+10  1.59303464e-01 
 2.00000000e+10  1.64120548e-01 
