 1.00000000e+08  1.87837434e-02 
 1.02330354e+08  1.89364103e-02 
 1.04715014e+08  1.90962520e-02 
 1.07155245e+08  1.92636172e-02 
 1.09652342e+08  1.94388734e-02 
 1.12207630e+08  1.96224082e-02 
 1.14822466e+08  1.98146304e-02 
 1.17498236e+08  2.00159715e-02 
 1.20236362e+08  2.02268873e-02 
 1.23038295e+08  2.04478594e-02 
 1.25905523e+08  2.06793971e-02 
 1.28839568e+08  2.09220389e-02 
 1.31841987e+08  2.11763545e-02 
 1.34914372e+08  2.14429471e-02 
 1.38058355e+08  2.17224550e-02 
 1.41275604e+08  2.20155539e-02 
 1.44567827e+08  2.23229591e-02 
 1.47936769e+08  2.26454273e-02 
 1.51384220e+08  2.29837585e-02 
 1.54912009e+08  2.33387982e-02 
 1.58522008e+08  2.37114381e-02 
 1.62216133e+08  2.41026174e-02 
 1.65996343e+08  2.45133226e-02 
 1.69864646e+08  2.49445868e-02 
 1.73823095e+08  2.53974872e-02 
 1.77873789e+08  2.58731407e-02 
 1.82018879e+08  2.63726968e-02 
 1.86260564e+08  2.68973275e-02 
 1.90601095e+08  2.74482118e-02 
 1.95042776e+08  2.80265146e-02 
 1.99587964e+08  2.86333579e-02 
 2.04239071e+08  2.92697816e-02 
 2.08998565e+08  2.99366908e-02 
 2.13868972e+08  3.06347878e-02 
 2.18852877e+08  3.13644817e-02 
 2.23952925e+08  3.21257731e-02 
 2.29171822e+08  3.29181066e-02 
 2.34512337e+08  3.37401851e-02 
 2.39977306e+08  3.45897402e-02 
 2.45569627e+08  3.54632523e-02 
 2.51292270e+08  3.63556194e-02 
 2.57148271e+08  3.72597767e-02 
 2.63140737e+08  3.81662798e-02 
 2.69272848e+08  3.90628787e-02 
 2.75547860e+08  3.99341305e-02 
 2.81969102e+08  4.07611254e-02 
 2.88539981e+08  4.15214278e-02 
 2.95263985e+08  4.21893615e-02 
 3.02144683e+08  4.27367702e-02 
 3.09185725e+08  4.31343578e-02 
 3.16390848e+08  4.33536303e-02 
 3.23763876e+08  4.33693280e-02 
 3.31308722e+08  4.31620633e-02 
 3.39029389e+08  4.27207320e-02 
 3.46929975e+08  4.20442016e-02 
 3.55014673e+08  4.11418655e-02 
 3.63287773e+08  4.00328850e-02 
 3.71753666e+08  3.87442450e-02 
 3.80416844e+08  3.73080199e-02 
 3.89281904e+08  3.57583806e-02 
 3.98353552e+08  3.41288391e-02 
 4.07636602e+08  3.24500762e-02 
 4.17135980e+08  3.07484935e-02 
 4.26856726e+08  2.90454612e-02 
 4.36804001e+08  2.73571218e-02 
 4.46983082e+08  2.56945666e-02 
 4.57399372e+08  2.40642092e-02 
 4.68058398e+08  2.24682145e-02 
 4.78965818e+08  2.09048901e-02 
 4.90127419e+08  1.93690149e-02 
 5.01549125e+08  1.78522077e-02 
 5.13236997e+08  1.63437686e-02 
 5.25197238e+08  1.48334484e-02 
 5.37436195e+08  1.33210287e-02 
 5.49960363e+08  1.18499670e-02 
 5.62776388e+08  1.06271915e-02 
 5.75891073e+08  1.04087291e-02 
 5.89311376e+08  1.31941956e-02 
 6.03044419e+08  2.21556206e-02 
 6.17097492e+08  3.76509854e-02 
 6.31478050e+08  4.11157298e-02 
 6.46193727e+08  3.36061226e-02 
 6.61252331e+08  2.77172816e-02 
 6.76661854e+08  2.39339052e-02 
 6.92430473e+08  2.13971805e-02 
 7.08566557e+08  1.95994482e-02 
 7.25078669e+08  1.82717290e-02 
 7.41975572e+08  1.72653386e-02 
 7.59266232e+08  1.64930781e-02 
 7.76959826e+08  1.59008647e-02 
 7.95065744e+08  1.54533894e-02 
 8.13593593e+08  1.51264138e-02 
 8.32553207e+08  1.49023534e-02 
 8.51954648e+08  1.47675368e-02 
 8.71808210e+08  1.47103122e-02 
 8.92124431e+08  1.47195269e-02 
 9.12914092e+08  1.47830919e-02 
 9.34188226e+08  1.48865047e-02 
 9.55958123e+08  1.50116021e-02 
 9.78235335e+08  1.51372206e-02 
 1.00103169e+09  1.52486755e-02 
 1.02435927e+09  1.53820163e-02 
 1.04823047e+09  1.57876047e-02 
 1.07265796e+09  1.73348707e-02 
 1.09765469e+09  2.13520821e-02 
 1.12323393e+09  2.66580047e-02 
 1.14940927e+09  2.98794675e-02 
 1.17619457e+09  3.07986414e-02 
 1.20360408e+09  3.06526541e-02 
 1.23165232e+09  3.01076447e-02 
 1.26035418e+09  2.94358325e-02 
 1.28972490e+09  2.87852863e-02 
 1.31978006e+09  2.82587207e-02 
 1.35053561e+09  2.79211794e-02 
 1.38200788e+09  2.77944109e-02 
 1.41421356e+09  2.78522107e-02 
 1.44716975e+09  2.80187554e-02 
 1.48089393e+09  2.81737493e-02 
 1.51540401e+09  2.81727174e-02 
 1.55071830e+09  2.78875091e-02 
 1.58685553e+09  2.72546143e-02 
 1.62383489e+09  2.63008076e-02 
 1.66167599e+09  2.51255093e-02 
 1.70039893e+09  2.38543288e-02 
 1.74002425e+09  2.25968492e-02 
 1.78057299e+09  2.14271727e-02 
 1.82206665e+09  2.03841815e-02 
 1.86452726e+09  1.94806550e-02 
 1.90797735e+09  1.87133463e-02 
 1.95243999e+09  1.80709078e-02 
 1.99793876e+09  1.75393694e-02 
 2.04449781e+09  1.71057776e-02 
 2.09214185e+09  1.67604584e-02 
 2.14089617e+09  1.64978582e-02 
 2.19078664e+09  1.63156467e-02 
 2.24183974e+09  1.62123003e-02 
 2.29408255e+09  1.61844730e-02 
 2.34754280e+09  1.62258079e-02 
 2.40224887e+09  1.63277007e-02 
 2.45822978e+09  1.64810936e-02 
 2.51551525e+09  1.66780771e-02 
 2.57413567e+09  1.69127514e-02 
 2.63412215e+09  1.71814811e-02 
 2.69550653e+09  1.74829336e-02 
 2.75832139e+09  1.78183190e-02 
 2.82260005e+09  1.81923746e-02 
 2.88837664e+09  1.86163816e-02 
 2.95568605e+09  1.91177848e-02 
 3.02456401e+09  1.97781125e-02 
 3.09504707e+09  2.08658826e-02 
 3.16717263e+09  1.73368274e-02 
 3.24097898e+09  1.96511055e-02 
 3.31650528e+09  2.10303319e-02 
 3.39379160e+09  1.95435546e-02 
 3.47287898e+09  2.12137751e-02 
 3.55380937e+09  2.20678787e-02 
 3.63662572e+09  2.28657133e-02 
 3.72137199e+09  2.35274588e-02 
 3.80809314e+09  2.45367836e-02 
 3.89683521e+09  2.55082083e-02 
 3.98764528e+09  2.65958461e-02 
 4.08057155e+09  2.78428654e-02 
 4.17566333e+09  2.93123156e-02 
 4.27297108e+09  3.08593451e-02 
 4.37254645e+09  3.30909702e-02 
 4.47444228e+09  3.56204064e-02 
 4.57871264e+09  3.82547813e-02 
 4.68541287e+09  3.88921823e-02 
 4.79459960e+09  3.12146688e-02 
 4.90633076e+09  2.64436194e-02 
 5.02066566e+09  1.69911169e-02 
 5.13766496e+09  2.74323352e-02 
 5.25739076e+09  3.09998976e-02 
 5.37990660e+09  2.05550263e-02 
 5.50527749e+09  1.88589112e-02 
 5.63356997e+09  2.12437680e-02 
 5.76485211e+09  2.30677564e-02 
 5.89919360e+09  2.49244302e-02 
 6.03666571e+09  2.94779325e-02 
 6.17734142e+09  2.50057591e-02 
 6.32129537e+09  2.72483340e-02 
 6.46860395e+09  2.91969346e-02 
 6.61934535e+09  3.12759795e-02 
 6.77359956e+09  3.33440785e-02 
 6.93144843e+09  3.47518140e-02 
 7.09297575e+09  4.04217938e-02 
 7.25826722e+09  3.86737302e-02 
 7.42741057e+09  5.03984265e-02 
 7.60049556e+09  5.40715774e-02 
 7.77761404e+09  2.19104296e-02 
 7.95886001e+09  3.47032915e-02 
 8.14432966e+09  4.32328992e-02 
 8.33412140e+09  6.91730969e-02 
 8.52833597e+09  1.06958803e-01 
 8.72707642e+09  1.55381508e-02 
 8.93044823e+09  2.54358257e-02 
 9.13855932e+09  3.12921854e-02 
 9.35152014e+09  3.00659454e-02 
 9.56944371e+09  3.47949129e-02 
 9.79244566e+09  3.77606595e-02 
 1.00206443e+10  4.02762638e-02 
 1.02541609e+10  4.25663330e-02 
 1.04931192e+10  4.48023630e-02 
 1.07376460e+10  4.70582776e-02 
 1.09878712e+10  4.93883192e-02 
 1.12439276e+10  5.18445394e-02 
 1.15059509e+10  5.44866696e-02 
 1.17740804e+10  5.73927517e-02 
 1.20484582e+10  6.06747152e-02 
 1.23292299e+10  6.45030276e-02 
 1.26165447e+10  6.91357355e-02 
 1.29105549e+10  7.48435640e-02 
 1.32114166e+10  8.06305975e-02 
 1.35192894e+10  7.52797186e-02 
 1.38343368e+10  5.21006606e-02 
 1.41567259e+10  5.21960453e-02 
 1.44866277e+10  6.72905118e-02 
 1.48242175e+10  5.29552501e-02 
 1.51696743e+10  6.65183061e-02 
 1.55231815e+10  7.45466951e-02 
 1.58849266e+10  8.20264811e-02 
 1.62551017e+10  8.68631298e-02 
 1.66339032e+10  8.79448853e-02 
 1.70215321e+10  9.01640600e-02 
 1.74181941e+10  9.49334907e-02 
 1.78240998e+10  1.01318471e-01 
 1.82394645e+10  1.08912208e-01 
 1.86645086e+10  1.17804688e-01 
 1.90994578e+10  1.28289892e-01 
 1.95445429e+10  1.40839862e-01 
 2.00000000e+10  1.56184293e-01 
