 1.00000000e+08  1.85744807e-02 
 1.02330354e+08  1.87322130e-02 
 1.04715014e+08  1.88969902e-02 
 1.07155245e+08  1.90691604e-02 
 1.09652342e+08  1.92490913e-02 
 1.12207630e+08  1.94371715e-02 
 1.14822466e+08  1.96338118e-02 
 1.17498236e+08  1.98394469e-02 
 1.20236362e+08  2.00545372e-02 
 1.23038295e+08  2.02795697e-02 
 1.25905523e+08  2.05150607e-02 
 1.28839568e+08  2.07615573e-02 
 1.31841987e+08  2.10196394e-02 
 1.34914372e+08  2.12899219e-02 
 1.38058355e+08  2.15730567e-02 
 1.41275604e+08  2.18697352e-02 
 1.44567827e+08  2.21806905e-02 
 1.47936769e+08  2.25066994e-02 
 1.51384220e+08  2.28485844e-02 
 1.54912009e+08  2.32072161e-02 
 1.58522008e+08  2.35835142e-02 
 1.62216133e+08  2.39784490e-02 
 1.65996343e+08  2.43930414e-02 
 1.69864646e+08  2.48283623e-02 
 1.73823095e+08  2.52855305e-02 
 1.77873789e+08  2.57657088e-02 
 1.82018879e+08  2.62700969e-02 
 1.86260564e+08  2.67999215e-02 
 1.90601095e+08  2.73564215e-02 
 1.95042776e+08  2.79408272e-02 
 1.99587964e+08  2.85543316e-02 
 2.04239071e+08  2.91980513e-02 
 2.08998565e+08  2.98729747e-02 
 2.13868972e+08  3.05798933e-02 
 2.18852877e+08  3.13193117e-02 
 2.23952925e+08  3.20913320e-02 
 2.29171822e+08  3.28955052e-02 
 2.34512337e+08  3.37306444e-02 
 2.39977306e+08  3.45945933e-02 
 2.45569627e+08  3.54839432e-02 
 2.51292270e+08  3.63936973e-02 
 2.57148271e+08  3.73168847e-02 
 2.63140737e+08  3.82441350e-02 
 2.69272848e+08  3.91632428e-02 
 2.75547860e+08  4.00587673e-02 
 2.81969102e+08  4.09117435e-02 
 2.88539981e+08  4.16996072e-02 
 2.95263985e+08  4.23964646e-02 
 3.02144683e+08  4.29738386e-02 
 3.09185725e+08  4.34020021e-02 
 3.16390848e+08  4.36519219e-02 
 3.23763876e+08  4.36977047e-02 
 3.31308722e+08  4.35192645e-02 
 3.39029389e+08  4.31047731e-02 
 3.46929975e+08  4.24523964e-02 
 3.55014673e+08  4.15708949e-02 
 3.63287773e+08  4.04789024e-02 
 3.71753666e+08  3.92030025e-02 
 3.80416844e+08  3.77749967e-02 
 3.89281904e+08  3.62288951e-02 
 3.98353552e+08  3.45981334e-02 
 4.07636602e+08  3.29133640e-02 
 4.17135980e+08  3.12009701e-02 
 4.26856726e+08  2.94822763e-02 
 4.36804001e+08  2.77733145e-02 
 4.46983082e+08  2.60849626e-02 
 4.57399372e+08  2.44232731e-02 
 4.68058398e+08  2.27898407e-02 
 4.78965818e+08  2.11821018e-02 
 4.90127419e+08  1.95935118e-02 
 5.01549125e+08  1.80136501e-02 
 5.13236997e+08  1.64285855e-02 
 5.25197238e+08  1.48227635e-02 
 5.37436195e+08  1.31870163e-02 
 5.49960363e+08  1.15502609e-02 
 5.62776388e+08  1.01043771e-02 
 5.75891073e+08  9.64881748e-03 
 5.89311376e+08  1.23970127e-02 
 6.03044419e+08  2.15837887e-02 
 6.17097492e+08  3.74129207e-02 
 6.31478050e+08  4.11222609e-02 
 6.46193727e+08  3.36157824e-02 
 6.61252331e+08  2.76403871e-02 
 6.76661854e+08  2.37498963e-02 
 6.92430473e+08  2.11009618e-02 
 7.08566557e+08  1.91895403e-02 
 7.25078669e+08  1.77477023e-02 
 7.41975572e+08  1.66273281e-02 
 7.59266232e+08  1.57418078e-02 
 7.76959826e+08  1.50377753e-02 
 7.95065744e+08  1.44807462e-02 
 8.13593593e+08  1.40473491e-02 
 8.32553207e+08  1.37208223e-02 
 8.51954648e+08  1.34881843e-02 
 8.71808210e+08  1.33382635e-02 
 8.92124431e+08  1.32601415e-02 
 9.12914092e+08  1.32417683e-02 
 9.34188226e+08  1.32687205e-02 
 9.55958123e+08  1.33235786e-02 
 9.78235335e+08  1.33880660e-02 
 1.00103169e+09  1.34558198e-02 
 1.02435927e+09  1.35829130e-02 
 1.04823047e+09  1.40541002e-02 
 1.07265796e+09  1.57234265e-02 
 1.09765469e+09  1.96346516e-02 
 1.12323393e+09  2.42982289e-02 
 1.14940927e+09  2.66401642e-02 
 1.17619457e+09  2.67411465e-02 
 1.20360408e+09  2.58482460e-02 
 1.23165232e+09  2.45906805e-02 
 1.26035418e+09  2.32316450e-02 
 1.28972490e+09  2.19315706e-02 
 1.31978006e+09  2.08173221e-02 
 1.35053561e+09  1.99844013e-02 
 1.38200788e+09  1.94865768e-02 
 1.41421356e+09  1.93257731e-02 
 1.44716975e+09  1.94453077e-02 
 1.48089393e+09  1.97312762e-02 
 1.51540401e+09  2.00294690e-02 
 1.55071830e+09  2.01822860e-02 
 1.58685553e+09  2.00766930e-02 
 1.62383489e+09  1.96777483e-02 
 1.66167599e+09  1.90257625e-02 
 1.70039893e+09  1.82029349e-02 
 1.74002425e+09  1.72956669e-02 
 1.78057299e+09  1.63717678e-02 
 1.82206665e+09  1.54743149e-02 
 1.86452726e+09  1.46251630e-02 
 1.90797735e+09  1.38317138e-02 
 1.95243999e+09  1.30939532e-02 
 1.99793876e+09  1.24111478e-02 
 2.04449781e+09  1.17882367e-02 
 2.09214185e+09  1.12409674e-02 
 2.14089617e+09  1.07968573e-02 
 2.19078664e+09  1.04883978e-02 
 2.24183974e+09  1.03391198e-02 
 2.29408255e+09  1.03509824e-02 
 2.34754280e+09  1.05031037e-02 
 2.40224887e+09  1.07620518e-02 
 2.45822978e+09  1.10945563e-02 
 2.51551525e+09  1.14751067e-02 
 2.57413567e+09  1.18876671e-02 
 2.63412215e+09  1.23242761e-02 
 2.69550653e+09  1.27830898e-02 
 2.75832139e+09  1.32672488e-02 
 2.82260005e+09  1.37854449e-02 
 2.88837664e+09  1.43559769e-02 
 2.95568605e+09  1.50211728e-02 
 3.02456401e+09  1.59066541e-02 
 3.09504707e+09  1.74863488e-02 
 3.16717263e+09  1.19828075e-02 
 3.24097898e+09  1.51651204e-02 
 3.31650528e+09  1.67279348e-02 
 3.39379160e+09  1.59287652e-02 
 3.47287898e+09  1.74362485e-02 
 3.55380937e+09  1.83461355e-02 
 3.63662572e+09  1.92072252e-02 
 3.72137199e+09  2.00461523e-02 
 3.80809314e+09  2.10363638e-02 
 3.89683521e+09  2.20590252e-02 
 3.98764528e+09  2.31902117e-02 
 4.08057155e+09  2.44630384e-02 
 4.17566333e+09  2.59151495e-02 
 4.27297108e+09  2.77150156e-02 
 4.37254645e+09  2.96620964e-02 
 4.47444228e+09  3.19513181e-02 
 4.57871264e+09  3.41144205e-02 
 4.68541287e+09  3.39265248e-02 
 4.79459960e+09  2.55960662e-02 
 4.90633076e+09  1.86283233e-02 
 5.02066566e+09  2.51474469e-02 
 5.13766496e+09  3.69462164e-02 
 5.25739076e+09  1.71642837e-02 
 5.37990660e+09  1.83967831e-02 
 5.50527749e+09  1.79456392e-02 
 5.63356997e+09  2.29925543e-02 
 5.76485211e+09  1.86286325e-02 
 5.89919360e+09  2.16123062e-02 
 6.03666571e+09  2.64075441e-02 
 6.17734142e+09  2.18123221e-02 
 6.32129537e+09  2.46877056e-02 
 6.46860395e+09  2.71383871e-02 
 6.61934535e+09  2.95762982e-02 
 6.77359956e+09  3.07633528e-02 
 6.93144843e+09  3.39652689e-02 
 7.09297575e+09  3.88859895e-02 
 7.25826722e+09  4.00459969e-02 
 7.42741057e+09  5.67278992e-02 
 7.60049556e+09  4.73067218e-02 
 7.77761404e+09  5.58411704e-02 
 7.95886001e+09  2.12593568e-02 
 8.14432966e+09  2.63686891e-02 
 8.33412140e+09  6.19710881e-02 
 8.52833597e+09  1.13536506e-01 
 8.72707642e+09  1.23491331e-02 
 8.93044823e+09  2.29258172e-02 
 9.13855932e+09  2.77655694e-02 
 9.35152014e+09  2.71779775e-02 
 9.56944371e+09  3.11498095e-02 
 9.79244566e+09  3.47077357e-02 
 1.00206443e+10  3.72425349e-02 
 1.02541609e+10  3.95824594e-02 
 1.04931192e+10  4.18490847e-02 
 1.07376460e+10  4.41232490e-02 
 1.09878712e+10  4.64586021e-02 
 1.12439276e+10  4.89038532e-02 
 1.15059509e+10  5.15125136e-02 
 1.17740804e+10  5.43519496e-02 
 1.20484582e+10  5.75154557e-02 
 1.23292299e+10  6.11394503e-02 
 1.26165447e+10  6.54162919e-02 
 1.29105549e+10  7.04876715e-02 
 1.32114166e+10  7.51832464e-02 
 1.35192894e+10  6.91605691e-02 
 1.38343368e+10  4.94808418e-02 
 1.41567259e+10  5.18958096e-02 
 1.44866277e+10  6.34996072e-02 
 1.48242175e+10  6.42739417e-02 
 1.51696743e+10  6.71855828e-02 
 1.55231815e+10  7.70288304e-02 
 1.58849266e+10  8.49092508e-02 
 1.62551017e+10  8.91939640e-02 
 1.66339032e+10  8.92336959e-02 
 1.70215321e+10  9.13182193e-02 
 1.74181941e+10  9.67400374e-02 
 1.78240998e+10  1.04157322e-01 
 1.82394645e+10  1.13079641e-01 
 1.86645086e+10  1.23673460e-01 
 1.90994578e+10  1.36381707e-01 
 1.95445429e+10  1.51911474e-01 
 2.00000000e+10  1.71359355e-01 
