 1.00000000e+08  1.47570027e-02 
 1.02330354e+08  1.46021672e-02 
 1.04715014e+08  1.44331233e-02 
 1.07155245e+08  1.42498646e-02 
 1.09652342e+08  1.40525543e-02 
 1.12207630e+08  1.38415348e-02 
 1.14822466e+08  1.36173326e-02 
 1.17498236e+08  1.33806576e-02 
 1.20236362e+08  1.31323974e-02 
 1.23038295e+08  1.28736052e-02 
 1.25905523e+08  1.26054830e-02 
 1.28839568e+08  1.23293605e-02 
 1.31841987e+08  1.20466697e-02 
 1.34914372e+08  1.17589178e-02 
 1.38058355e+08  1.14676584e-02 
 1.41275604e+08  1.11744630e-02 
 1.44567827e+08  1.08808937e-02 
 1.47936769e+08  1.05884777e-02 
 1.51384220e+08  1.02986857e-02 
 1.54912009e+08  1.00129123e-02 
 1.58522008e+08  9.73246159e-03 
 1.62216133e+08  9.45853572e-03 
 1.65996343e+08  9.19222717e-03 
 1.69864646e+08  8.93451463e-03 
 1.73823095e+08  8.68626189e-03 
 1.77873789e+08  8.44821924e-03 
 1.82018879e+08  8.22102735e-03 
 1.86260564e+08  8.00522315e-03 
 1.90601095e+08  7.80124784e-03 
 1.95042776e+08  7.60945718e-03 
 1.99587964e+08  7.43013495e-03 
 2.04239071e+08  7.26351136e-03 
 2.08998565e+08  7.10978997e-03 
 2.13868972e+08  6.96919030e-03 
 2.18852877e+08  6.84202118e-03 
 2.23952925e+08  6.72881736e-03 
 2.29171822e+08  6.63061558e-03 
 2.34512337e+08  6.54956260e-03 
 2.39977306e+08  6.49039584e-03 
 2.45569627e+08  6.46452551e-03 
 2.51292270e+08  6.50328844e-03 
 2.57148271e+08  6.71196537e-03 
 2.63140737e+08  7.57554575e-03 
 2.69272848e+08  1.23171669e-02 
 2.75547860e+08  1.23262031e-02 
 2.81969102e+08  8.18200308e-03 
 2.88539981e+08  7.18907660e-03 
 2.95263985e+08  6.83975303e-03 
 3.02144683e+08  6.69375972e-03 
 3.09185725e+08  6.64372965e-03 
 3.16390848e+08  6.69162346e-03 
 3.23763876e+08  7.41562589e-03 
 3.31308722e+08  7.12100900e-03 
 3.39029389e+08  6.84822800e-03 
 3.46929975e+08  6.86807524e-03 
 3.55014673e+08  6.96099541e-03 
 3.63287773e+08  7.14510847e-03 
 3.71753666e+08  7.87156886e-03 
 3.80416844e+08  7.35409557e-03 
 3.89281904e+08  7.39490920e-03 
 3.98353552e+08  7.65633659e-03 
 4.07636602e+08  8.04991924e-03 
 4.17135980e+08  8.97566003e-03 
 4.26856726e+08  1.03978181e-02 
 4.36804001e+08  8.64859438e-03 
 4.46983082e+08  9.89933955e-03 
 4.57399372e+08  9.76143035e-03 
 4.68058398e+08  1.15222952e-02 
 4.78965818e+08  1.89791906e-02 
 4.90127419e+08  1.02288185e-02 
 5.01549125e+08  8.83203699e-03 
 5.13236997e+08  7.08524647e-03 
 5.25197238e+08  6.49041136e-03 
 5.37436195e+08  6.68533471e-03 
 5.49960363e+08  7.17493207e-03 
 5.62776388e+08  7.86841351e-03 
 5.75891073e+08  7.93497524e-03 
 5.89311376e+08  7.84726180e-03 
 6.03044419e+08  7.38913169e-03 
 6.17097492e+08  7.89744054e-03 
 6.31478050e+08  8.09898480e-03 
 6.46193727e+08  8.38591111e-03 
 6.61252331e+08  8.77888563e-03 
 6.76661854e+08  9.88253622e-03 
 6.92430473e+08  9.20066974e-03 
 7.08566557e+08  9.39330310e-03 
 7.25078669e+08  9.75195471e-03 
 7.41975572e+08  1.01637907e-02 
 7.59266232e+08  1.06580749e-02 
 7.76959826e+08  1.12817859e-02 
 7.95065744e+08  1.21062033e-02 
 8.13593593e+08  1.32207369e-02 
 8.32553207e+08  1.46151896e-02 
 8.51954648e+08  1.56687541e-02 
 8.71808210e+08  1.49816884e-02 
 8.92124431e+08  1.30092521e-02 
 9.12914092e+08  1.14733174e-02 
 9.34188226e+08  1.06928820e-02 
 9.55958123e+08  1.04040488e-02 
 9.78235335e+08  1.04249446e-02 
 1.00103169e+09  1.07670757e-02 
 1.02435927e+09  1.15086120e-02 
 1.04823047e+09  1.12031667e-02 
 1.07265796e+09  1.09850509e-02 
 1.09765469e+09  1.12396086e-02 
 1.12323393e+09  1.15707978e-02 
 1.14940927e+09  1.21406148e-02 
 1.17619457e+09  1.24710490e-02 
 1.20360408e+09  1.25447587e-02 
 1.23165232e+09  1.25974395e-02 
 1.26035418e+09  1.27146586e-02 
 1.28972490e+09  1.28867925e-02 
 1.31978006e+09  1.30895343e-02 
 1.35053561e+09  1.33048739e-02 
 1.38200788e+09  1.35247641e-02 
 1.41421356e+09  1.37481073e-02 
 1.44716975e+09  1.39762479e-02 
 1.48089393e+09  1.42108282e-02 
 1.51540401e+09  1.44528933e-02 
 1.55071830e+09  1.47022441e-02 
 1.58685553e+09  1.49574500e-02 
 1.62383489e+09  1.52165602e-02 
 1.66167599e+09  1.54781015e-02 
 1.70039893e+09  1.57418498e-02 
 1.74002425e+09  1.60089154e-02 
 1.78057299e+09  1.62811202e-02 
 1.82206665e+09  1.65601847e-02 
 1.86452726e+09  1.68472543e-02 
 1.90797735e+09  1.71428604e-02 
 1.95243999e+09  1.74471204e-02 
 1.99793876e+09  1.77599800e-02 
 2.04449781e+09  1.80814084e-02 
 2.09214185e+09  1.84115282e-02 
 2.14089617e+09  1.87506745e-02 
 2.19078664e+09  1.90993794e-02 
 2.24183974e+09  1.94582851e-02 
 2.29408255e+09  1.98280083e-02 
 2.34754280e+09  2.02090033e-02 
 2.40224887e+09  2.06014913e-02 
 2.45822978e+09  2.10054942e-02 
 2.51551525e+09  2.14209359e-02 
 2.57413567e+09  2.18477434e-02 
 2.63412215e+09  2.22859085e-02 
 2.69550653e+09  2.27355087e-02 
 2.75832139e+09  2.31967038e-02 
 2.82260005e+09  2.36697217e-02 
 2.88837664e+09  2.41548438e-02 
 2.95568605e+09  2.46523922e-02 
 3.02456401e+09  2.51627205e-02 
 3.09504707e+09  2.56862078e-02 
 3.16717263e+09  2.62232545e-02 
 3.24097898e+09  2.67742811e-02 
 3.31650528e+09  2.73397272e-02 
 3.39379160e+09  2.79200523e-02 
 3.47287898e+09  2.85157371e-02 
 3.55380937e+09  2.91272857e-02 
 3.63662572e+09  2.97552286e-02 
 3.72137199e+09  3.04001268e-02 
 3.80809314e+09  3.10625774e-02 
 3.89683521e+09  3.17432215e-02 
 3.98764528e+09  3.24427608e-02 
 4.08057155e+09  3.31620216e-02 
 4.17566333e+09  3.39040623e-02 
 4.27297108e+09  3.46613651e-02 
 4.37254645e+09  3.54448129e-02 
 4.47444228e+09  3.62515640e-02 
 4.57871264e+09  3.70831759e-02 
 4.68541287e+09  3.79413867e-02 
 4.79459960e+09  3.88284096e-02 
 4.90633076e+09  3.97472960e-02 
 5.02066566e+09  4.07027209e-02 
 5.13766496e+09  4.17031568e-02 
 5.25739076e+09  4.27696420e-02 
 5.37990660e+09  4.40032020e-02 
 5.50527749e+09  4.48627433e-02 
 5.63356997e+09  4.65606988e-02 
 5.76485211e+09  3.29369476e-02 
 5.89919360e+09  4.72052947e-02 
 6.03666571e+09  4.67245490e-02 
 6.17734142e+09  4.99273181e-02 
 6.32129537e+09  5.14822642e-02 
 6.46860395e+09  5.30446400e-02 
 6.61934535e+09  5.47090293e-02 
 6.77359956e+09  5.65626541e-02 
 6.93144843e+09  5.89310738e-02 
 7.09297575e+09  6.07742952e-02 
 7.25826722e+09  6.32803526e-02 
 7.42741057e+09  6.85348153e-02 
 7.60049556e+09  6.79229537e-02 
 7.77761404e+09  6.68429545e-02 
 7.95886001e+09  1.86996432e-02 
 8.14432966e+09  5.70116049e-02 
 8.33412140e+09  7.09724897e-02 
 8.52833597e+09  2.46508485e-02 
 8.72707642e+09  4.99271273e-02 
 8.93044823e+09  6.21287767e-02 
 9.13855932e+09  7.04533498e-02 
 9.35152014e+09  3.79593711e-02 
 9.56944371e+09  6.40178113e-02 
 9.79244566e+09  6.86113990e-02 
 1.00206443e+10  7.17227995e-02 
 1.02541609e+10  7.43885971e-02 
 1.04931192e+10  7.68690220e-02 
 1.07376460e+10  7.92665124e-02 
 1.09878712e+10  8.16324139e-02 
 1.12439276e+10  8.39969800e-02 
 1.15059509e+10  8.63804729e-02 
 1.17740804e+10  8.87981653e-02 
 1.20484582e+10  9.12630710e-02 
 1.23292299e+10  9.37878819e-02 
 1.26165447e+10  9.63869545e-02 
 1.29105549e+10  9.90793020e-02 
 1.32114166e+10  1.01894585e-01 
 1.35192894e+10  1.04887974e-01 
 1.38343368e+10  1.08186240e-01 
 1.41567259e+10  1.12185699e-01 
 1.44866277e+10  1.19188387e-01 
 1.48242175e+10  8.95972512e-02 
 1.51696743e+10  1.12715511e-01 
 1.55231815e+10  1.18124219e-01 
 1.58849266e+10  1.22223360e-01 
 1.62551017e+10  1.26021392e-01 
 1.66339032e+10  1.29759427e-01 
 1.70215321e+10  1.33528777e-01 
 1.74181941e+10  1.37375564e-01 
 1.78240998e+10  1.41329084e-01 
 1.82394645e+10  1.45411796e-01 
 1.86645086e+10  1.49643387e-01 
 1.90994578e+10  1.54042051e-01 
 1.95445429e+10  1.58623063e-01 
 2.00000000e+10  1.63391512e-01 
