 1.00000000e+08  1.86688332e-02 
 1.02330354e+08  1.85923418e-02 
 1.04715014e+08  1.84982858e-02 
 1.07155245e+08  1.83855056e-02 
 1.09652342e+08  1.82529783e-02 
 1.12207630e+08  1.80998622e-02 
 1.14822466e+08  1.79255415e-02 
 1.17498236e+08  1.77296688e-02 
 1.20236362e+08  1.75122021e-02 
 1.23038295e+08  1.72734352e-02 
 1.25905523e+08  1.70140161e-02 
 1.28839568e+08  1.67349549e-02 
 1.31841987e+08  1.64376167e-02 
 1.34914372e+08  1.61237009e-02 
 1.38058355e+08  1.57952069e-02 
 1.41275604e+08  1.54543888e-02 
 1.44567827e+08  1.51036997e-02 
 1.47936769e+08  1.47457314e-02 
 1.51384220e+08  1.43831505e-02 
 1.54912009e+08  1.40186361e-02 
 1.58522008e+08  1.36548213e-02 
 1.62216133e+08  1.32942407e-02 
 1.65996343e+08  1.29392865e-02 
 1.69864646e+08  1.25921732e-02 
 1.73823095e+08  1.22549122e-02 
 1.77873789e+08  1.19292953e-02 
 1.82018879e+08  1.16168863e-02 
 1.86260564e+08  1.13190209e-02 
 1.90601095e+08  1.10368127e-02 
 1.95042776e+08  1.07711655e-02 
 1.99587964e+08  1.05227902e-02 
 2.04239071e+08  1.02922287e-02 
 2.08998565e+08  1.00798824e-02 
 2.13868972e+08  9.88605035e-03 
 2.18852877e+08  9.71098039e-03 
 2.23952925e+08  9.55494209e-03 
 2.29171822e+08  9.41833994e-03 
 2.34512337e+08  9.30190311e-03 
 2.39977306e+08  9.20703235e-03 
 2.45569627e+08  9.13649372e-03 
 2.51292270e+08  9.09595134e-03 
 2.57148271e+08  9.09778095e-03 
 2.63140737e+08  9.17209974e-03 
 2.69272848e+08  9.40587194e-03 
 2.75547860e+08  1.01277612e-02 
 2.81969102e+08  1.31119758e-02 
 2.88539981e+08  1.61187889e-02 
 2.95263985e+08  1.05875650e-02 
 3.02144683e+08  9.41029323e-03 
 3.09185725e+08  9.14834595e-03 
 3.16390848e+08  9.22994722e-03 
 3.23763876e+08  9.91453938e-03 
 3.31308722e+08  1.45714741e-02 
 3.39029389e+08  1.40348626e-02 
 3.46929975e+08  1.03006518e-02 
 3.55014673e+08  9.60680579e-03 
 3.63287773e+08  9.41605257e-03 
 3.71753666e+08  9.39272533e-03 
 3.80416844e+08  9.41872289e-03 
 3.89281904e+08  9.49208082e-03 
 3.98353552e+08  9.64723390e-03 
 4.07636602e+08  9.83277235e-03 
 4.17135980e+08  1.02528381e-02 
 4.26856726e+08  1.09178263e-02 
 4.36804001e+08  1.05221348e-02 
 4.46983082e+08  1.01771303e-02 
 4.57399372e+08  1.10629934e-02 
 4.68058398e+08  9.92605985e-03 
 4.78965818e+08  1.00418948e-02 
 4.90127419e+08  1.02209278e-02 
 5.01549125e+08  1.05010246e-02 
 5.13236997e+08  1.14849304e-02 
 5.25197238e+08  1.12351767e-02 
 5.37436195e+08  1.16191398e-02 
 5.49960363e+08  1.14905215e-02 
 5.62776388e+08  1.15122551e-02 
 5.75891073e+08  1.32915737e-02 
 5.89311376e+08  1.24957652e-02 
 6.03044419e+08  1.26234037e-02 
 6.17097492e+08  1.70629342e-02 
 6.31478050e+08  1.46952156e-02 
 6.46193727e+08  1.49490102e-02 
 6.61252331e+08  1.59342942e-02 
 6.76661854e+08  1.53397069e-02 
 6.92430473e+08  1.26937628e-02 
 7.08566557e+08  1.36445386e-02 
 7.25078669e+08  1.52386400e-02 
 7.41975572e+08  9.10560160e-03 
 7.59266232e+08  1.24896641e-02 
 7.76959826e+08  1.59699597e-02 
 7.95065744e+08  1.31649689e-02 
 8.13593593e+08  1.38941507e-02 
 8.32553207e+08  1.50260881e-02 
 8.51954648e+08  1.31668193e-02 
 8.71808210e+08  1.21265583e-02 
 8.92124431e+08  1.34810623e-02 
 9.12914092e+08  1.31404094e-02 
 9.34188226e+08  1.36879644e-02 
 9.55958123e+08  1.36657227e-02 
 9.78235335e+08  1.36142446e-02 
 1.00103169e+09  1.51117380e-02 
 1.02435927e+09  1.73178873e-02 
 1.04823047e+09  1.59907162e-02 
 1.07265796e+09  1.90816065e-02 
 1.09765469e+09  1.82487779e-02 
 1.12323393e+09  1.27598138e-02 
 1.14940927e+09  1.52619279e-02 
 1.17619457e+09  1.48103653e-02 
 1.20360408e+09  1.72916448e-02 
 1.23165232e+09  1.75087503e-02 
 1.26035418e+09  1.68489263e-02 
 1.28972490e+09  2.15575116e-02 
 1.31978006e+09  1.16378759e-02 
 1.35053561e+09  1.04055881e-02 
 1.38200788e+09  1.12456547e-02 
 1.41421356e+09  1.27660231e-02 
 1.44716975e+09  1.36937502e-02 
 1.48089393e+09  1.46645072e-02 
 1.51540401e+09  1.56769364e-02 
 1.55071830e+09  1.67198847e-02 
 1.58685553e+09  1.62133699e-02 
 1.62383489e+09  1.80640432e-02 
 1.66167599e+09  1.69692702e-02 
 1.70039893e+09  1.87414326e-02 
 1.74002425e+09  2.04264581e-02 
 1.78057299e+09  2.22115425e-02 
 1.82206665e+09  2.34635007e-02 
 1.86452726e+09  2.17673339e-02 
 1.90797735e+09  2.93734861e-02 
 1.95243999e+09  1.70126436e-02 
 1.99793876e+09  1.76421425e-02 
 2.04449781e+09  1.99860340e-02 
 2.09214185e+09  2.19025809e-02 
 2.14089617e+09  2.34356395e-02 
 2.19078664e+09  2.47163578e-02 
 2.24183974e+09  2.57449453e-02 
 2.29408255e+09  2.62540476e-02 
 2.34754280e+09  2.48688827e-02 
 2.40224887e+09  2.17157554e-02 
 2.45822978e+09  2.40310750e-02 
 2.51551525e+09  2.64700552e-02 
 2.57413567e+09  2.78315654e-02 
 2.63412215e+09  2.87106120e-02 
 2.69550653e+09  2.93507790e-02 
 2.75832139e+09  2.98533783e-02 
 2.82260005e+09  3.02680310e-02 
 2.88837664e+09  3.06222665e-02 
 2.95568605e+09  3.09325790e-02 
 3.02456401e+09  3.12092143e-02 
 3.09504707e+09  3.14585610e-02 
 3.16717263e+09  3.16845101e-02 
 3.24097898e+09  3.18893126e-02 
 3.31650528e+09  3.20741592e-02 
 3.39379160e+09  3.22395878e-02 
 3.47287898e+09  3.23857751e-02 
 3.55380937e+09  3.25127431e-02 
 3.63662572e+09  3.26205031e-02 
 3.72137199e+09  3.27091512e-02 
 3.80809314e+09  3.27789266e-02 
 3.89683521e+09  3.28302420e-02 
 3.98764528e+09  3.28636909e-02 
 4.08057155e+09  3.28800409e-02 
 4.17566333e+09  3.28802138e-02 
 4.27297108e+09  3.28652602e-02 
 4.37254645e+09  3.28363293e-02 
 4.47444228e+09  3.27946381e-02 
 4.57871264e+09  3.27414409e-02 
 4.68541287e+09  3.26780019e-02 
 4.79459960e+09  3.26055707e-02 
 4.90633076e+09  3.25253618e-02 
 5.02066566e+09  3.24385376e-02 
 5.13766496e+09  3.23461964e-02 
 5.25739076e+09  3.22493628e-02 
 5.37990660e+09  3.21489819e-02 
 5.50527749e+09  3.20459161e-02 
 5.63356997e+09  3.19409434e-02 
 5.76485211e+09  3.18347569e-02 
 5.89919360e+09  3.17279647e-02 
 6.03666571e+09  3.16210865e-02 
 6.17734142e+09  3.15145288e-02 
 6.32129537e+09  3.14086275e-02 
 6.46860395e+09  3.13033655e-02 
 6.61934535e+09  3.11979864e-02 
 6.77359956e+09  3.10858135e-02 
 6.93144843e+09  3.10634751e-02 
 7.09297575e+09  3.09241300e-02 
 7.25826722e+09  3.08251856e-02 
 7.42741057e+09  3.07319474e-02 
 7.60049556e+09  3.06421671e-02 
 7.77761404e+09  3.05552058e-02 
 7.95886001e+09  3.04704297e-02 
 8.14432966e+09  3.03859329e-02 
 8.33412140e+09  3.02910318e-02 
 8.52833597e+09  2.99932829e-02 
 8.72707642e+09  2.85054701e-02 
 8.93044823e+09  2.99682212e-02 
 9.13855932e+09  2.99697995e-02 
 9.35152014e+09  2.99234374e-02 
 9.56944371e+09  2.98686259e-02 
 9.79244566e+09  2.98123148e-02 
 1.00206443e+10  2.97565396e-02 
 1.02541609e+10  2.97020569e-02 
 1.04931192e+10  2.96491786e-02 
 1.07376460e+10  2.95980292e-02 
 1.09878712e+10  2.95486425e-02 
 1.12439276e+10  2.95010017e-02 
 1.15059509e+10  2.94550566e-02 
 1.17740804e+10  2.94107298e-02 
 1.20484582e+10  2.93679135e-02 
 1.23292299e+10  2.93264573e-02 
 1.26165447e+10  2.92861366e-02 
 1.29105549e+10  2.92465758e-02 
 1.32114166e+10  2.92070397e-02 
 1.35192894e+10  2.91657228e-02 
 1.38343368e+10  2.91162085e-02 
 1.41567259e+10  2.90043419e-02 
 1.44866277e+10  2.90694174e-02 
 1.48242175e+10  2.90656213e-02 
 1.51696743e+10  2.79402646e-02 
 1.55231815e+10  2.90514924e-02 
 1.58849266e+10  2.90164606e-02 
 1.62551017e+10  2.89872233e-02 
 1.66339032e+10  2.89611147e-02 
 1.70215321e+10  2.89370422e-02 
 1.74181941e+10  2.89145178e-02 
 1.78240998e+10  2.88932788e-02 
 1.82394645e+10  2.88731627e-02 
 1.86645086e+10  2.88540576e-02 
 1.90994578e+10  2.88358796e-02 
 1.95445429e+10  2.88185620e-02 
 2.00000000e+10  2.88020492e-02 
