0.032400000000000005
0.032400000000000005
0.032400000000000005
0.032400000000000005
0.032400000000000005
0.032400000000000005
0.032400000000000005
0.032400000000000005
0.032400000000000005
0.032400000000000005
0.032400000000000005
0.032400000000000005
0.032400000000000005
0.032400000000000005
0.032400000000000005
0.032400000000000005
0.032400000000000005
0.032400000000000005
0.032400000000000005
0.032400000000000005
0.032400000000000005
0.032400000000000005
0.032400000000000005
0.032400000000000005
0.032400000000000005
0.032400000000000005
0.032400000000000005
0.032400000000000005
0.032400000000000005
0.032400000000000005
0.032400000000000005
0.032400000000000005
0.032400000000000005
0.032400000000000005
0.032400000000000005
0.032400000000000005
0.032400000000000005
0.032400000000000005
0.032400000000000005
0.032400000000000005
0.032400000000000005
0.032400000000000005
0.032400000000000005
0.032400000000000005
0.032400000000000005
0.032400000000000005
0.032400000000000005
0.032400000000000005
0.032400000000000005
0.032400000000000005
0.032400000000000005
0.032400000000000005
0.032400000000000005
0.032400000000000005
0.032400000000000005
0.032400000000000005
0.032400000000000005
0.032400000000000005
0.032400000000000005
0.032400000000000005
0.032400000000000005
0.032400000000000005
0.032400000000000005
0.032400000000000005
0.032400000000000005
0.032400000000000005
0.032400000000000005
0.032400000000000005
0.032400000000000005
0.032400000000000005
0.032400000000000005
0.032400000000000005
0.032400000000000005
0.032400000000000005
0.032400000000000005
0.032400000000000005
0.032400000000000005
0.032400000000000005
0.032400000000000005
0.032400000000000005
0.032400000000000005
0.032400000000000005
0.032400000000000005
0.032400000000000005
0.032400000000000005
0.032400000000000005
0.032400000000000005
0.032400000000000005
0.032400000000000005
0.032400000000000005
0.032400000000000005
0.032400000000000005
0.032400000000000005
0.032400000000000005
0.032400000000000005
0.032400000000000005
0.032400000000000005
0.032400000000000005
0.032400000000000005
0.032400000000000005
0.032400000000000005
0.032400000000000005
0.032400000000000005
0.032400000000000005
0.032400000000000005
0.032400000000000005
0.032400000000000005
0.032400000000000005
0.032400000000000005
0.032400000000000005
0.032400000000000005
0.032400000000000005
0.032400000000000005
0.032400000000000005
0.032400000000000005
0.032400000000000005
0.032400000000000005
0.032400000000000005
0.032400000000000005
0.032400000000000005
0.032400000000000005
0.032400000000000005
0.032400000000000005
0.032400000000000005
0.032400000000000005
0.032400000000000005
0.032400000000000005
0.032400000000000005
0.032400000000000005
0.032400000000000005
0.032400000000000005
0.032400000000000005
0.032400000000000005
0.032400000000000005
0.032400000000000005
0.032400000000000005
0.032400000000000005
0.032400000000000005
0.032400000000000005
0.032400000000000005
0.032400000000000005
0.032400000000000005
0.032400000000000005
0.032400000000000005
0.032400000000000005
0.032400000000000005
0.032400000000000005
0.032400000000000005
0.032400000000000005
0.032400000000000005
0.032400000000000005
0.032400000000000005
0.032400000000000005
0.032400000000000005
0.032400000000000005
0.03289812102514294
0.03366476380800012
0.03444927213600002
0.03525206221028585
0.036073560229714294
0.03691420202057147
0.03777443377714299
0.038654711969142976
0.03955550371200003
0.04047728713714285
0.04142055139200009
0.04238579701028588
0.043373536282285796
0.04438429344000004
0.04541860474971429
0.046477019252571465
0.047560098486857175
0.04866841732114292
0.049802563954285804
0.05096314019314303
0.052150762008000257
0.0533660595325715
0.05460967789714303
0.05588227685828585
0.057184532002285626
0.058517134282285804
0.059880790851428715
0.061276225525714496
0.06270417878400014
0.06416540832342864
0.0656606898
0.06719081655085717
0.06875660070514292
0.07035887318400018
0.07199848425599992
0.07367630409257143
0.07539322313828577
0.0771501523885716
0.07894802440800001
0.08078779314514273
0.08267043504342889
0.08459694913371446
0.08656835786742872
0.0885857074868575
0.09065006839542879
0.09276253580571439
0.09492423233142873
0.09713630345142886
0.09939992297142862
0.10171629339428598
0.10408664406857161
0.10651223118857196
0.10899434427428616
0.11153429876571443
0.11413344250285716
0.11679315665142864
0.11951485107428621
0.12229997081142881
0.12514999330285762
0.12806643209142884
0.13105083404571463
0.13410478213714283
0.13722989914285724
0.14042784209142897
0.1437003087428572
0.14704903481142886
0.15047579859428606
0.15398241819428618
0.15757075429714343
0.16124271109714305
0.1650002381485719
0.1688453285142861
0.17278002246857155
0.17680640934857184
0.1809266257028571
0.18514285714285716
