 1.00000000e+08  2.40395609e-02 
 1.02330354e+08  2.39799921e-02 
 1.04715014e+08  2.39015144e-02 
 1.07155245e+08  2.38025971e-02 
 1.09652342e+08  2.36818265e-02 
 1.12207630e+08  2.35379611e-02 
 1.14822466e+08  2.33699916e-02 
 1.17498236e+08  2.31772004e-02 
 1.20236362e+08  2.29592188e-02 
 1.23038295e+08  2.27160773e-02 
 1.25905523e+08  2.24482457e-02 
 1.28839568e+08  2.21566578e-02 
 1.31841987e+08  2.18427195e-02 
 1.34914372e+08  2.15082963e-02 
 1.38058355e+08  2.11556819e-02 
 1.41275604e+08  2.07875462e-02 
 1.44567827e+08  2.04068676e-02 
 1.47936769e+08  2.00168526e-02 
 1.51384220e+08  1.96208471e-02 
 1.54912009e+08  1.92222452e-02 
 1.58522008e+08  1.88244007e-02 
 1.62216133e+08  1.84305453e-02 
 1.65996343e+08  1.80437175e-02 
 1.69864646e+08  1.76667044e-02 
 1.73823095e+08  1.73019981e-02 
 1.77873789e+08  1.69517662e-02 
 1.82018879e+08  1.66178367e-02 
 1.86260564e+08  1.63016953e-02 
 1.90601095e+08  1.60044934e-02 
 1.95042776e+08  1.57270658e-02 
 1.99587964e+08  1.54699544e-02 
 2.04239071e+08  1.52334385e-02 
 2.08998565e+08  1.50175674e-02 
 2.13868972e+08  1.48221971e-02 
 2.18852877e+08  1.46470278e-02 
 2.23952925e+08  1.44916440e-02 
 2.29171822e+08  1.43555564e-02 
 2.34512337e+08  1.42382493e-02 
 2.39977306e+08  1.41392380e-02 
 2.45569627e+08  1.40581453e-02 
 2.51292270e+08  1.39948198e-02 
 2.57148271e+08  1.39495424e-02 
 2.63140737e+08  1.39234352e-02 
 2.69272848e+08  1.39193798e-02 
 2.75547860e+08  1.39443898e-02 
 2.81969102e+08  1.40169275e-02 
 2.88539981e+08  1.41959242e-02 
 2.95263985e+08  1.47529072e-02 
 3.02144683e+08  1.82549572e-02 
 3.09185725e+08  1.88428857e-02 
 3.16390848e+08  1.48232665e-02 
 3.23763876e+08  1.44028393e-02 
 3.31308722e+08  1.44298041e-02 
 3.39029389e+08  1.47296668e-02 
 3.46929975e+08  1.60563987e-02 
 3.55014673e+08  2.18160999e-02 
 3.63287773e+08  1.50616262e-02 
 3.71753666e+08  1.46209004e-02 
 3.80416844e+08  1.46763707e-02 
 3.89281904e+08  1.48629750e-02 
 3.98353552e+08  1.52018071e-02 
 4.07636602e+08  1.60502504e-02 
 4.17135980e+08  1.89454297e-02 
 4.26856726e+08  1.59845368e-02 
 4.36804001e+08  1.90729078e-02 
 4.46983082e+08  1.53733324e-02 
 4.57399372e+08  1.55447986e-02 
 4.68058398e+08  1.59098613e-02 
 4.78965818e+08  1.64490128e-02 
 4.90127419e+08  1.75021771e-02 
 5.01549125e+08  1.98946482e-02 
 5.13236997e+08  1.76348805e-02 
 5.25197238e+08  1.97505899e-02 
 5.37436195e+08  2.62859309e-02 
 5.49960363e+08  2.26037304e-02 
 5.62776388e+08  1.83742860e-02 
 5.75891073e+08  1.52992412e-02 
 5.89311376e+08  1.91402885e-02 
 6.03044419e+08  1.74469653e-02 
 6.17097492e+08  2.06959245e-02 
 6.31478050e+08  1.53722936e-02 
 6.46193727e+08  1.54640043e-02 
 6.61252331e+08  1.68875038e-02 
 6.76661854e+08  1.67220039e-02 
 6.92430473e+08  1.72210695e-02 
 7.08566557e+08  1.85195456e-02 
 7.25078669e+08  2.11578324e-02 
 7.41975572e+08  1.90303072e-02 
 7.59266232e+08  1.89318262e-02 
 7.76959826e+08  1.94127660e-02 
 7.95065744e+08  2.20637961e-02 
 8.13593593e+08  2.07448815e-02 
 8.32553207e+08  2.27081018e-02 
 8.51954648e+08  2.60878851e-02 
 8.71808210e+08  3.25056557e-02 
 8.92124431e+08  5.73917206e-02 
 9.12914092e+08  2.18546593e-02 
 9.34188226e+08  1.67402485e-02 
 9.55958123e+08  1.80754210e-02 
 9.78235335e+08  1.94703491e-02 
 1.00103169e+09  2.12967775e-02 
 1.02435927e+09  2.19354067e-02 
 1.04823047e+09  2.30978781e-02 
 1.07265796e+09  2.37157907e-02 
 1.09765469e+09  3.18402786e-02 
 1.12323393e+09  1.43271850e-02 
 1.14940927e+09  1.87637548e-02 
 1.17619457e+09  2.09169286e-02 
 1.20360408e+09  2.30460436e-02 
 1.23165232e+09  2.52490402e-02 
 1.26035418e+09  2.70266012e-02 
 1.28972490e+09  3.41979420e-02 
 1.31978006e+09  3.78623257e-02 
 1.35053561e+09  1.99680650e-02 
 1.38200788e+09  2.24474886e-02 
 1.41421356e+09  2.43646688e-02 
 1.44716975e+09  2.60169240e-02 
 1.48089393e+09  2.76586280e-02 
 1.51540401e+09  2.95352100e-02 
 1.55071830e+09  3.12157307e-02 
 1.58685553e+09  3.40002719e-02 
 1.62383489e+09  3.62573304e-02 
 1.66167599e+09  3.15975177e-02 
 1.70039893e+09  3.60995954e-02 
 1.74002425e+09  3.33487684e-02 
 1.78057299e+09  3.28762619e-02 
 1.82206665e+09  3.91328005e-02 
 1.86452726e+09  3.01557223e-02 
 1.90797735e+09  3.70381364e-02 
 1.95243999e+09  3.70752071e-02 
 1.99793876e+09  3.80339122e-02 
 2.04449781e+09  4.06489755e-02 
 2.09214185e+09  4.27034989e-02 
 2.14089617e+09  4.44955947e-02 
 2.19078664e+09  4.61175338e-02 
 2.24183974e+09  4.75831279e-02 
 2.29408255e+09  4.88636697e-02 
 2.34754280e+09  4.97999341e-02 
 2.40224887e+09  4.90406342e-02 
 2.45822978e+09  4.94716979e-02 
 2.51551525e+09  5.22480618e-02 
 2.57413567e+09  5.32940581e-02 
 2.63412215e+09  5.39551905e-02 
 2.69550653e+09  5.44313894e-02 
 2.75832139e+09  5.47772573e-02 
 2.82260005e+09  5.50174129e-02 
 2.88837664e+09  5.51669486e-02 
 2.95568605e+09  5.52367217e-02 
 3.02456401e+09  5.52352323e-02 
 3.09504707e+09  5.51695359e-02 
 3.16717263e+09  5.50458012e-02 
 3.24097898e+09  5.48696838e-02 
 3.31650528e+09  5.46465674e-02 
 3.39379160e+09  5.43816991e-02 
 3.47287898e+09  5.40802438e-02 
 3.55380937e+09  5.37472797e-02 
 3.63662572e+09  5.33877577e-02 
 3.72137199e+09  5.30064438e-02 
 3.80809314e+09  5.26078594e-02 
 3.89683521e+09  5.21962269e-02 
 3.98764528e+09  5.17754293e-02 
 4.08057155e+09  5.13489831e-02 
 4.17566333e+09  5.09200261e-02 
 4.27297108e+09  5.04913178e-02 
 4.37254645e+09  5.00652499e-02 
 4.47444228e+09  4.96438656e-02 
 4.57871264e+09  4.92288830e-02 
 4.68541287e+09  4.88217231e-02 
 4.79459960e+09  4.84235388e-02 
 4.90633076e+09  4.80352440e-02 
 5.02066566e+09  4.76575420e-02 
 5.13766496e+09  4.72909526e-02 
 5.25739076e+09  4.69358371e-02 
 5.37990660e+09  4.65924207e-02 
 5.50527749e+09  4.62608135e-02 
 5.63356997e+09  4.59410282e-02 
 5.76485211e+09  4.56329960e-02 
 5.89919360e+09  4.53365809e-02 
 6.03666571e+09  4.50515907e-02 
 6.17734142e+09  4.47777874e-02 
 6.32129537e+09  4.45148950e-02 
 6.46860395e+09  4.42626051e-02 
 6.61934535e+09  4.40205815e-02 
 6.77359956e+09  4.37884604e-02 
 6.93144843e+09  4.35658487e-02 
 7.09297575e+09  4.33523143e-02 
 7.25826722e+09  4.31473659e-02 
 7.42741057e+09  4.29504081e-02 
 7.60049556e+09  4.27606397e-02 
 7.77761404e+09  4.25767986e-02 
 7.95886001e+09  4.23964070e-02 
 8.14432966e+09  4.22128633e-02 
 8.33412140e+09  4.19968962e-02 
 8.52833597e+09  4.17875229e-02 
 8.72707642e+09  4.15838314e-02 
 8.93044823e+09  4.17410860e-02 
 9.13855932e+09  4.16057745e-02 
 9.35152014e+09  4.14752857e-02 
 9.56944371e+09  4.13524553e-02 
 9.79244566e+09  4.12363777e-02 
 1.00206443e+10  4.11262977e-02 
 1.02541609e+10  4.10216731e-02 
 1.04931192e+10  4.09220935e-02 
 1.07376460e+10  4.08272271e-02 
 1.09878712e+10  4.07367915e-02 
 1.12439276e+10  4.06505365e-02 
 1.15059509e+10  4.05682339e-02 
 1.17740804e+10  4.04896703e-02 
 1.20484582e+10  4.04146403e-02 
 1.23292299e+10  4.03429395e-02 
 1.26165447e+10  4.02743518e-02 
 1.29105549e+10  4.02086234e-02 
 1.32114166e+10  4.01453949e-02 
 1.35192894e+10  4.00839715e-02 
 1.38343368e+10  4.00221927e-02 
 1.41567259e+10  3.99432010e-02 
 1.44866277e+10  3.99402805e-02 
 1.48242175e+10  3.98926679e-02 
 1.51696743e+10  3.98414760e-02 
 1.55231815e+10  3.97946990e-02 
 1.58849266e+10  3.97508149e-02 
 1.62551017e+10  3.97092758e-02 
 1.66339032e+10  3.96698083e-02 
 1.70215321e+10  3.96322393e-02 
 1.74181941e+10  3.95964405e-02 
 1.78240998e+10  3.95623070e-02 
 1.82394645e+10  3.95297481e-02 
 1.86645086e+10  3.94986824e-02 
 1.90994578e+10  3.94690353e-02 
 1.95445429e+10  3.94407374e-02 
 2.00000000e+10  3.94137241e-02 
