 1.00000000e+08  1.85431401e-02 
 1.02330354e+08  1.85036391e-02 
 1.04715014e+08  1.84468138e-02 
 1.07155245e+08  1.83711872e-02 
 1.09652342e+08  1.82753710e-02 
 1.12207630e+08  1.81581150e-02 
 1.14822466e+08  1.80183583e-02 
 1.17498236e+08  1.78552838e-02 
 1.20236362e+08  1.76683685e-02 
 1.23038295e+08  1.74574307e-02 
 1.25905523e+08  1.72226676e-02 
 1.28839568e+08  1.69646809e-02 
 1.31841987e+08  1.66844889e-02 
 1.34914372e+08  1.63835209e-02 
 1.38058355e+08  1.60635956e-02 
 1.41275604e+08  1.57268818e-02 
 1.44567827e+08  1.53758462e-02 
 1.47936769e+08  1.50131886e-02 
 1.51384220e+08  1.46417703e-02 
 1.54912009e+08  1.42645395e-02 
 1.58522008e+08  1.38844578e-02 
 1.62216133e+08  1.35044308e-02 
 1.65996343e+08  1.31272478e-02 
 1.69864646e+08  1.27555307e-02 
 1.73823095e+08  1.23916932e-02 
 1.77873789e+08  1.20379127e-02 
 1.82018879e+08  1.16961114e-02 
 1.86260564e+08  1.13679473e-02 
 1.90601095e+08  1.10548143e-02 
 1.95042776e+08  1.07578481e-02 
 1.99587964e+08  1.04779377e-02 
 2.04239071e+08  1.02157414e-02 
 2.08998565e+08  9.97170603e-03 
 2.13868972e+08  9.74608793e-03 
 2.18852877e+08  9.53897677e-03 
 2.23952925e+08  9.35032115e-03 
 2.29171822e+08  9.17995723e-03 
 2.34512337e+08  9.02764191e-03 
 2.39977306e+08  8.89309421e-03 
 2.45569627e+08  8.77605222e-03 
 2.51292270e+08  8.67636144e-03 
 2.57148271e+08  8.59413027e-03 
 2.63140737e+08  8.53004098e-03 
 2.69272848e+08  8.48605783e-03 
 2.75547860e+08  8.46728933e-03 
 2.81969102e+08  8.48785173e-03 
 2.88539981e+08  8.59461458e-03 
 2.95263985e+08  9.01043771e-03 
 3.02144683e+08  1.18509955e-02 
 3.09185725e+08  1.27261199e-02 
 3.16390848e+08  9.27602337e-03 
 3.23763876e+08  8.82763424e-03 
 3.31308722e+08  8.78424035e-03 
 3.39029389e+08  8.95039208e-03 
 3.46929975e+08  9.76732076e-03 
 3.55014673e+08  1.31120422e-02 
 3.63287773e+08  9.04674508e-03 
 3.71753666e+08  8.82770562e-03 
 3.80416844e+08  8.90220766e-03 
 3.89281904e+08  9.07275250e-03 
 3.98353552e+08  9.41926441e-03 
 4.07636602e+08  1.05415161e-02 
 4.17135980e+08  1.31837373e-02 
 4.26856726e+08  9.89060569e-03 
 4.36804001e+08  9.40006974e-03 
 4.46983082e+08  9.40848051e-03 
 4.57399372e+08  9.60439773e-03 
 4.68058398e+08  9.85261325e-03 
 4.78965818e+08  1.01962469e-02 
 4.90127419e+08  1.08352983e-02 
 5.01549125e+08  1.22354717e-02 
 5.13236997e+08  1.09613695e-02 
 5.25197238e+08  1.24889623e-02 
 5.37436195e+08  1.57963944e-02 
 5.49960363e+08  1.41839574e-02 
 5.62776388e+08  1.04155841e-02 
 5.75891073e+08  1.07478576e-02 
 5.89311376e+08  1.18591240e-02 
 6.03044419e+08  1.23110809e-02 
 6.17097492e+08  1.57080889e-02 
 6.31478050e+08  1.18932492e-02 
 6.46193727e+08  1.31067135e-02 
 6.61252331e+08  1.72253733e-02 
 6.76661854e+08  1.30101823e-02 
 6.92430473e+08  1.29898066e-02 
 7.08566557e+08  1.57835615e-02 
 7.25078669e+08  1.99659209e-02 
 7.41975572e+08  1.03814440e-02 
 7.59266232e+08  1.19775840e-02 
 7.76959826e+08  1.25846795e-02 
 7.95065744e+08  1.59528828e-02 
 8.13593593e+08  1.35342609e-02 
 8.32553207e+08  1.84073693e-02 
 8.51954648e+08  1.40610496e-02 
 8.71808210e+08  1.62385491e-02 
 8.92124431e+08  1.94108528e-02 
 9.12914092e+08  2.07204995e-02 
 9.34188226e+08  3.28831854e-02 
 9.55958123e+08  8.03493452e-03 
 9.78235335e+08  1.25828476e-02 
 1.00103169e+09  1.71630479e-02 
 1.02435927e+09  1.98003771e-02 
 1.04823047e+09  1.25106096e-02 
 1.07265796e+09  1.29921290e-02 
 1.09765469e+09  1.45149197e-02 
 1.12323393e+09  1.60277467e-02 
 1.14940927e+09  1.40722567e-02 
 1.17619457e+09  1.49899484e-02 
 1.20360408e+09  1.63113390e-02 
 1.23165232e+09  1.73105209e-02 
 1.26035418e+09  1.75400713e-02 
 1.28972490e+09  1.92926191e-02 
 1.31978006e+09  1.89483686e-02 
 1.35053561e+09  1.81001519e-02 
 1.38200788e+09  1.61099940e-02 
 1.41421356e+09  1.86980160e-02 
 1.44716975e+09  2.03975280e-02 
 1.48089393e+09  1.95953900e-02 
 1.51540401e+09  2.34690037e-02 
 1.55071830e+09  2.53878786e-02 
 1.58685553e+09  2.92736337e-02 
 1.62383489e+09  3.35103353e-02 
 1.66167599e+09  2.76426760e-02 
 1.70039893e+09  3.36553915e-02 
 1.74002425e+09  1.65113879e-02 
 1.78057299e+09  2.33263046e-02 
 1.82206665e+09  3.40433698e-02 
 1.86452726e+09  2.39916208e-02 
 1.90797735e+09  2.79523532e-02 
 1.95243999e+09  1.70194175e-02 
 1.99793876e+09  2.03434397e-02 
 2.04449781e+09  1.95909761e-02 
 2.09214185e+09  2.34332304e-02 
 2.14089617e+09  2.53096265e-02 
 2.19078664e+09  2.68622550e-02 
 2.24183974e+09  2.82587707e-02 
 2.29408255e+09  2.95523731e-02 
 2.34754280e+09  3.07131999e-02 
 2.40224887e+09  3.07690069e-02 
 2.45822978e+09  2.96294814e-02 
 2.51551525e+09  3.23791160e-02 
 2.57413567e+09  3.38034274e-02 
 2.63412215e+09  3.48941727e-02 
 2.69550653e+09  3.58584116e-02 
 2.75832139e+09  3.67566997e-02 
 2.82260005e+09  3.76142468e-02 
 2.88837664e+09  3.84439773e-02 
 2.95568605e+09  3.92531118e-02 
 3.02456401e+09  4.00455622e-02 
 3.09504707e+09  4.08230233e-02 
 3.16717263e+09  4.15855939e-02 
 3.24097898e+09  4.23322027e-02 
 3.31650528e+09  4.30609392e-02 
 3.39379160e+09  4.37693255e-02 
 3.47287898e+09  4.44545479e-02 
 3.55380937e+09  4.51136532e-02 
 3.63662572e+09  4.57437152e-02 
 3.72137199e+09  4.63419729e-02 
 3.80809314e+09  4.69059423e-02 
 3.89683521e+09  4.74335028e-02 
 3.98764528e+09  4.79229594e-02 
 4.08057155e+09  4.83730821e-02 
 4.17566333e+09  4.87831236e-02 
 4.27297108e+09  4.91528182e-02 
 4.37254645e+09  4.94823646e-02 
 4.47444228e+09  4.97723938e-02 
 4.57871264e+09  5.00239273e-02 
 4.68541287e+09  5.02383277e-02 
 4.79459960e+09  5.04172440e-02 
 4.90633076e+09  5.05625561e-02 
 5.02066566e+09  5.06763190e-02 
 5.13766496e+09  5.07607102e-02 
 5.25739076e+09  5.08179810e-02 
 5.37990660e+09  5.08504124e-02 
 5.50527749e+09  5.08602775e-02 
 5.63356997e+09  5.08498097e-02 
 5.76485211e+09  5.08211767e-02 
 5.89919360e+09  5.07764605e-02 
 6.03666571e+09  5.07176436e-02 
 6.17734142e+09  5.06465992e-02 
 6.32129537e+09  5.05650876e-02 
 6.46860395e+09  5.04747567e-02 
 6.61934535e+09  5.03771475e-02 
 6.77359956e+09  5.02737059e-02 
 6.93144843e+09  5.01658023e-02 
 7.09297575e+09  5.00547644e-02 
 7.25826722e+09  4.99419321e-02 
 7.42741057e+09  4.98287594e-02 
 7.60049556e+09  4.97170161e-02 
 7.77761404e+09  4.96092388e-02 
 7.95886001e+09  4.95098608e-02 
 8.14432966e+09  4.94282351e-02 
 8.33412140e+09  4.93736971e-02 
 8.52833597e+09  2.43334780e-02 
 8.72707642e+09  4.84556225e-02 
 8.93044823e+09  4.85924220e-02 
 9.13855932e+09  4.85541149e-02 
 9.35152014e+09  4.84778897e-02 
 9.56944371e+09  4.83890259e-02 
 9.79244566e+09  4.82955184e-02 
 1.00206443e+10  4.82006980e-02 
 1.02541609e+10  4.81062040e-02 
 1.04931192e+10  4.80129350e-02 
 1.07376460e+10  4.79214185e-02 
 1.09878712e+10  4.78319748e-02 
 1.12439276e+10  4.77447986e-02 
 1.15059509e+10  4.76600007e-02 
 1.17740804e+10  4.75776306e-02 
 1.20484582e+10  4.74976858e-02 
 1.23292299e+10  4.74201102e-02 
 1.26165447e+10  4.73447753e-02 
 1.29105549e+10  4.72714236e-02 
 1.32114166e+10  4.71995004e-02 
 1.35192894e+10  4.71275493e-02 
 1.38343368e+10  4.70500258e-02 
 1.41567259e+10  4.69152635e-02 
 1.44866277e+10  4.68613758e-02 
 1.48242175e+10  4.69181542e-02 
 1.51696743e+10  4.68596915e-02 
 1.55231815e+10  4.68040642e-02 
 1.58849266e+10  4.67514583e-02 
 1.62551017e+10  4.67014189e-02 
 1.66339032e+10  4.66536581e-02 
 1.70215321e+10  4.66079883e-02 
 1.74181941e+10  4.65642736e-02 
 1.78240998e+10  4.65224065e-02 
 1.82394645e+10  4.64822958e-02 
 1.86645086e+10  4.64438609e-02 
 1.90994578e+10  4.64070279e-02 
 1.95445429e+10  4.63717281e-02 
 2.00000000e+10  4.63378969e-02 
