 1.00000000e+08  2.36683103e-02 
 1.02330354e+08  2.37936125e-02 
 1.04715014e+08  2.39236060e-02 
 1.07155245e+08  2.40585100e-02 
 1.09652342e+08  2.41985529e-02 
 1.12207630e+08  2.43439731e-02 
 1.14822466e+08  2.44950194e-02 
 1.17498236e+08  2.46519516e-02 
 1.20236362e+08  2.48150408e-02 
 1.23038295e+08  2.49845703e-02 
 1.25905523e+08  2.51608360e-02 
 1.28839568e+08  2.53441472e-02 
 1.31841987e+08  2.55348272e-02 
 1.34914372e+08  2.57332145e-02 
 1.38058355e+08  2.59396630e-02 
 1.41275604e+08  2.61545436e-02 
 1.44567827e+08  2.63782446e-02 
 1.47936769e+08  2.66111731e-02 
 1.51384220e+08  2.68537562e-02 
 1.54912009e+08  2.71064419e-02 
 1.58522008e+08  2.73697007e-02 
 1.62216133e+08  2.76440271e-02 
 1.65996343e+08  2.79299408e-02 
 1.69864646e+08  2.82279887e-02 
 1.73823095e+08  2.85387468e-02 
 1.77873789e+08  2.88628215e-02 
 1.82018879e+08  2.92008527e-02 
 1.86260564e+08  2.95535150e-02 
 1.90601095e+08  2.99215209e-02 
 1.95042776e+08  3.03056232e-02 
 1.99587964e+08  3.07066178e-02 
 2.04239071e+08  3.11253465e-02 
 2.08998565e+08  3.15627004e-02 
 2.13868972e+08  3.20196235e-02 
 2.18852877e+08  3.24971157e-02 
 2.23952925e+08  3.29962369e-02 
 2.29171822e+08  3.35181108e-02 
 2.34512337e+08  3.40639287e-02 
 2.39977306e+08  3.46349534e-02 
 2.45569627e+08  3.52325229e-02 
 2.51292270e+08  3.58580537e-02 
 2.57148271e+08  3.65130442e-02 
 2.63140737e+08  3.71990758e-02 
 2.69272848e+08  3.79178148e-02 
 2.75547860e+08  3.86710102e-02 
 2.81969102e+08  3.94604912e-02 
 2.88539981e+08  4.02881591e-02 
 2.95263985e+08  4.11559756e-02 
 3.02144683e+08  4.20659439e-02 
 3.09185725e+08  4.30200813e-02 
 3.16390848e+08  4.40203788e-02 
 3.23763876e+08  4.50687463e-02 
 3.31308722e+08  4.61669358e-02 
 3.39029389e+08  4.73164375e-02 
 3.46929975e+08  4.85183405e-02 
 3.55014673e+08  4.97731484e-02 
 3.63287773e+08  5.10805361e-02 
 3.71753666e+08  5.24390361e-02 
 3.80416844e+08  5.38456353e-02 
 3.89281904e+08  5.52952698e-02 
 3.98353552e+08  5.67802016e-02 
 4.07636602e+08  5.82892736e-02 
 4.17135980e+08  5.98070521e-02 
 4.26856726e+08  6.13128957e-02 
 4.36804001e+08  6.27800334e-02 
 4.46983082e+08  6.41747978e-02 
 4.57399372e+08  6.54562385e-02 
 4.68058398e+08  6.65764219e-02 
 4.78965818e+08  6.74817719e-02 
 4.90127419e+08  6.81157774e-02 
 5.01549125e+08  6.84232181e-02 
 5.13236997e+08  6.83557156e-02 
 5.25197238e+08  6.78779318e-02 
 5.37436195e+08  6.69732740e-02 
 5.49960363e+08  6.56477537e-02 
 5.62776388e+08  6.39308885e-02 
 5.75891073e+08  6.18732509e-02 
 5.89311376e+08  5.95411804e-02 
 6.03044419e+08  5.70099116e-02 
 6.17097492e+08  5.43566166e-02 
 6.31478050e+08  5.16546024e-02 
 6.46193727e+08  4.89693341e-02 
 6.61252331e+08  4.63563752e-02 
 6.76661854e+08  4.38609224e-02 
 6.92430473e+08  4.15184319e-02 
 7.08566557e+08  3.93558288e-02 
 7.25078669e+08  3.73928960e-02 
 7.41975572e+08  3.56435681e-02 
 7.59266232e+08  3.41169797e-02 
 7.76959826e+08  3.28182239e-02 
 7.95065744e+08  3.17488460e-02 
 8.13593593e+08  3.09071552e-02 
 8.32553207e+08  3.02884563e-02 
 8.51954648e+08  2.98853060e-02 
 8.71808210e+08  2.96878686e-02 
 8.92124431e+08  2.96843997e-02 
 9.12914092e+08  2.98618382e-02 
 9.34188226e+08  3.02064517e-02 
 9.55958123e+08  3.07044643e-02 
 9.78235335e+08  3.13426062e-02 
 1.00103169e+09  3.21085466e-02 
 1.02435927e+09  3.29911962e-02 
 1.04823047e+09  3.39808868e-02 
 1.07265796e+09  3.50694514e-02 
 1.09765469e+09  3.62502292e-02 
 1.12323393e+09  3.75180226e-02 
 1.14940927e+09  3.88690277e-02 
 1.17619457e+09  4.03007556e-02 
 1.20360408e+09  4.18119567e-02 
 1.23165232e+09  4.34025573e-02 
 1.26035418e+09  4.50736129e-02 
 1.28972490e+09  4.68272830e-02 
 1.31978006e+09  4.86668295e-02 
 1.35053561e+09  5.05966410e-02 
 1.38200788e+09  5.26222845e-02 
 1.41421356e+09  5.47505877e-02 
 1.44716975e+09  5.69897530e-02 
 1.48089393e+09  5.93495074e-02 
 1.51540401e+09  6.18412895e-02 
 1.55071830e+09  6.44784770e-02 
 1.58685553e+09  6.72766533e-02 
 1.62383489e+09  7.02539080e-02 
 1.66167599e+09  7.34311553e-02 
 1.70039893e+09  7.68324315e-02 
 1.74002425e+09  8.04850965e-02 
 1.78057299e+09  8.44197843e-02 
 1.82206665e+09  8.86698080e-02 
 1.86452726e+09  9.32694641e-02 
 1.90797735e+09  9.82501950e-02 
 1.95243999e+09  1.03632700e-01 
 1.99793876e+09  1.09411578e-01 
 2.04449781e+09  1.15526683e-01 
 2.09214185e+09  1.21812368e-01 
 2.14089617e+09  1.27914630e-01 
 2.19078664e+09  1.33176180e-01 
 2.24183974e+09  1.36532350e-01 
 2.29408255e+09  1.36557062e-01 
 2.34754280e+09  1.31876996e-01 
 2.40224887e+09  1.21961916e-01 
 2.45822978e+09  1.07707545e-01 
 2.51551525e+09  9.11093090e-02 
 2.57413567e+09  7.43021485e-02 
 2.63412215e+09  5.89045348e-02 
 2.69550653e+09  4.60474289e-02 
 2.75832139e+09  3.68283056e-02 
 2.82260005e+09  3.26369947e-02 
 2.88837664e+09  3.44011425e-02 
 2.95568605e+09  4.16518274e-02 
 3.02456401e+09  5.42113992e-02 
 3.09504707e+09  7.59111378e-02 
 3.16717263e+09  1.34508278e-01 
 3.24097898e+09  9.85291129e-02 
 3.31650528e+09  5.06020639e-02 
 3.39379160e+09  1.14774810e-01 
 3.47287898e+09  1.07674944e-01 
 3.55380937e+09  6.72929128e-02 
 3.63662572e+09  5.73988032e-02 
 3.72137199e+09  3.70078423e-02 
 3.80809314e+09  4.73929310e-02 
 3.89683521e+09  5.32263832e-02 
 3.98764528e+09  5.88166886e-02 
 4.08057155e+09  6.43876455e-02 
 4.17566333e+09  7.00996714e-02 
 4.27297108e+09  7.39214399e-02 
 4.37254645e+09  8.09055178e-02 
 4.47444228e+09  8.71226458e-02 
 4.57871264e+09  9.38760241e-02 
 4.68541287e+09  1.01822909e-01 
 4.79459960e+09  1.13716369e-01 
 4.90633076e+09  1.18040873e-01 
 5.02066566e+09  1.64739898e-01 
 5.13766496e+09  1.07059158e-01 
 5.25739076e+09  1.34981111e-01 
 5.37990660e+09  1.03262975e-01 
 5.50527749e+09  1.20479975e-01 
 5.63356997e+09  8.46853435e-02 
 5.76485211e+09  1.21322154e-01 
 5.89919360e+09  1.39002314e-01 
 6.03666571e+09  1.42144332e-01 
 6.17734142e+09  2.10749104e-01 
 6.32129537e+09  1.58428906e-01 
 6.46860395e+09  1.93532024e-01 
 6.61934535e+09  2.17710697e-01 
 6.77359956e+09  3.12038431e-01 
 6.93144843e+09  1.53659840e-01 
 7.09297575e+09  2.62396846e-01 
 7.25826722e+09  4.93086425e-01 
 7.42741057e+09  1.55561052e-01 
 7.60049556e+09  4.45694336e-02 
 7.77761404e+09  1.20606819e-01 
 7.95886001e+09  2.14173195e-01 
 8.14432966e+09  6.16444980e-02 
 8.33412140e+09  1.11736156e-01 
 8.52833597e+09  3.45058615e-01 
 8.72707642e+09  6.05418648e-02 
 8.93044823e+09  6.66870425e-02 
 9.13855932e+09  1.08953340e-01 
 9.35152014e+09  5.81948120e-02 
 9.56944371e+09  1.32657638e-01 
 9.79244566e+09  1.44059381e-01 
 1.00206443e+10  1.56726909e-01 
 1.02541609e+10  1.68963284e-01 
 1.04931192e+10  1.79800883e-01 
 1.07376460e+10  1.90270735e-01 
 1.09878712e+10  2.00776185e-01 
 1.12439276e+10  2.11648104e-01 
 1.15059509e+10  2.23267465e-01 
 1.17740804e+10  2.36187270e-01 
 1.20484582e+10  2.51364092e-01 
 1.23292299e+10  2.70742170e-01 
 1.26165447e+10  2.99071515e-01 
 1.29105549e+10  3.50598602e-01 
 1.32114166e+10  4.16765853e-01 
 1.35192894e+10  1.48644438e-01 
 1.38343368e+10  1.86305763e-01 
 1.41567259e+10  2.27459022e-01 
 1.44866277e+10  2.64929855e-01 
 1.48242175e+10  3.22159547e-01 
 1.51696743e+10  7.95951852e-01 
 1.55231815e+10  1.89484976e-01 
 1.58849266e+10  2.41968385e-01 
 1.62551017e+10  2.66101102e-01 
 1.66339032e+10  2.83427928e-01 
 1.70215321e+10  2.98066427e-01 
 1.74181941e+10  3.11410034e-01 
 1.78240998e+10  3.24080281e-01 
 1.82394645e+10  3.36406146e-01 
 1.86645086e+10  3.48584076e-01 
 1.90994578e+10  3.60742781e-01 
 1.95445429e+10  3.72973264e-01 
 2.00000000e+10  3.85344223e-01 
