 1.00000000e+08  1.97766646e-02 
 1.02330354e+08  1.98958696e-02 
 1.04715014e+08  2.00200056e-02 
 1.07155245e+08  2.01492707e-02 
 1.09652342e+08  2.02838711e-02 
 1.12207630e+08  2.04240221e-02 
 1.14822466e+08  2.05699477e-02 
 1.17498236e+08  2.07218820e-02 
 1.20236362e+08  2.08800690e-02 
 1.23038295e+08  2.10447638e-02 
 1.25905523e+08  2.12162325e-02 
 1.28839568e+08  2.13947537e-02 
 1.31841987e+08  2.15806186e-02 
 1.34914372e+08  2.17741319e-02 
 1.38058355e+08  2.19756129e-02 
 1.41275604e+08  2.21853963e-02 
 1.44567827e+08  2.24038329e-02 
 1.47936769e+08  2.26312911e-02 
 1.51384220e+08  2.28681578e-02 
 1.54912009e+08  2.31148397e-02 
 1.58522008e+08  2.33717648e-02 
 1.62216133e+08  2.36393836e-02 
 1.65996343e+08  2.39181709e-02 
 1.69864646e+08  2.42086275e-02 
 1.73823095e+08  2.45112819e-02 
 1.77873789e+08  2.48266925e-02 
 1.82018879e+08  2.51554497e-02 
 1.86260564e+08  2.54981782e-02 
 1.90601095e+08  2.58555397e-02 
 1.95042776e+08  2.62282351e-02 
 1.99587964e+08  2.66170082e-02 
 2.04239071e+08  2.70226482e-02 
 2.08998565e+08  2.74459932e-02 
 2.13868972e+08  2.78879338e-02 
 2.18852877e+08  2.83494168e-02 
 2.23952925e+08  2.88314489e-02 
 2.29171822e+08  2.93351012e-02 
 2.34512337e+08  2.98615128e-02 
 2.39977306e+08  3.04118954e-02 
 2.45569627e+08  3.09875373e-02 
 2.51292270e+08  3.15898073e-02 
 2.57148271e+08  3.22201578e-02 
 2.63140737e+08  3.28801281e-02 
 2.69272848e+08  3.35713457e-02 
 2.75547860e+08  3.42955267e-02 
 2.81969102e+08  3.50544729e-02 
 2.88539981e+08  3.58500671e-02 
 2.95263985e+08  3.66842627e-02 
 3.02144683e+08  3.75590678e-02 
 3.09185725e+08  3.84765210e-02 
 3.16390848e+08  3.94386563e-02 
 3.23763876e+08  4.04474526e-02 
 3.31308722e+08  4.15047648e-02 
 3.39029389e+08  4.26122282e-02 
 3.46929975e+08  4.37711306e-02 
 3.55014673e+08  4.49822404e-02 
 3.63287773e+08  4.62455814e-02 
 3.71753666e+08  4.75601375e-02 
 3.80416844e+08  4.89234751e-02 
 3.89281904e+08  5.03312647e-02 
 3.98353552e+08  5.17766899e-02 
 4.07636602e+08  5.32497355e-02 
 4.17135980e+08  5.47363635e-02 
 4.26856726e+08  5.62176095e-02 
 4.36804001e+08  5.76686749e-02 
 4.46983082e+08  5.90581496e-02 
 4.57399372e+08  6.03475745e-02 
 4.68058398e+08  6.14916331e-02 
 4.78965818e+08  6.24393112e-02 
 4.90127419e+08  6.31363414e-02 
 5.01549125e+08  6.35290954e-02 
 5.13236997e+08  6.35697642e-02 
 5.25197238e+08  6.32222126e-02 
 5.37436195e+08  6.24674488e-02 
 5.49960363e+08  6.13074283e-02 
 5.62776388e+08  5.97661251e-02 
 5.75891073e+08  5.78874505e-02 
 5.89311376e+08  5.57304624e-02 
 6.03044419e+08  5.33630124e-02 
 6.17097492e+08  5.08552339e-02 
 6.31478050e+08  4.82740517e-02 
 6.46193727e+08  4.56793759e-02 
 6.61252331e+08  4.31220993e-02 
 6.76661854e+08  4.06436237e-02 
 6.92430473e+08  3.82764631e-02 
 7.08566557e+08  3.60454608e-02 
 7.25078669e+08  3.39692375e-02 
 7.41975572e+08  3.20616071e-02 
 7.59266232e+08  3.03327923e-02 
 7.76959826e+08  2.87903555e-02 
 7.95065744e+08  2.74398140e-02 
 8.13593593e+08  2.62849478e-02 
 8.32553207e+08  2.53278466e-02 
 8.51954648e+08  2.45687690e-02 
 8.71808210e+08  2.40059212e-02 
 8.92124431e+08  2.36352716e-02 
 9.12914092e+08  2.34505091e-02 
 9.34188226e+08  2.34432129e-02 
 9.55958123e+08  2.36032406e-02 
 9.78235335e+08  2.39192850e-02 
 1.00103169e+09  2.43795092e-02 
 1.02435927e+09  2.49721664e-02 
 1.04823047e+09  2.56861300e-02 
 1.07265796e+09  2.65112943e-02 
 1.09765469e+09  2.74388389e-02 
 1.12323393e+09  2.84613730e-02 
 1.14940927e+09  2.95729872e-02 
 1.17619457e+09  3.07692437e-02 
 1.20360408e+09  3.20471306e-02 
 1.23165232e+09  3.34050024e-02 
 1.26035418e+09  3.48425237e-02 
 1.28972490e+09  3.63606239e-02 
 1.31978006e+09  3.79614735e-02 
 1.35053561e+09  3.96484853e-02 
 1.38200788e+09  4.14263450e-02 
 1.41421356e+09  4.33010736e-02 
 1.44716975e+09  4.52801261e-02 
 1.48089393e+09  4.73725284e-02 
 1.51540401e+09  4.95890572e-02 
 1.55071830e+09  5.19424651e-02 
 1.58685553e+09  5.44477535e-02 
 1.62383489e+09  5.71224909e-02 
 1.66167599e+09  5.99871673e-02 
 1.70039893e+09  6.30655570e-02 
 1.74002425e+09  6.63850302e-02 
 1.78057299e+09  6.99766884e-02 
 1.82206665e+09  7.38750789e-02 
 1.86452726e+09  7.81170103e-02 
 1.90797735e+09  8.27385650e-02 
 1.95243999e+09  8.77686195e-02 
 1.99793876e+09  9.32157964e-02 
 2.04449781e+09  9.90435298e-02 
 2.09214185e+09  1.05124942e-01 
 2.14089617e+09  1.11167586e-01 
 2.19078664e+09  1.16605904e-01 
 2.24183974e+09  1.20496413e-01 
 2.29408255e+09  1.21538092e-01 
 2.34754280e+09  1.18420296e-01 
 2.40224887e+09  1.10527966e-01 
 2.45822978e+09  9.84994773e-02 
 2.51551525e+09  8.39822011e-02 
 2.57413567e+09  6.87788807e-02 
 2.63412215e+09  5.42091729e-02 
 2.69550653e+09  4.10526166e-02 
 2.75832139e+09  2.99272515e-02 
 2.82260005e+09  2.20899314e-02 
 2.88837664e+09  2.02998279e-02 
 2.95568605e+09  2.60136900e-02 
 3.02456401e+09  3.75712605e-02 
 3.09504707e+09  5.60541147e-02 
 3.16717263e+09  9.65236591e-02 
 3.24097898e+09  3.92609480e-02 
 3.31650528e+09  9.04980009e-02 
 3.39379160e+09  1.73036964e-01 
 3.47287898e+09  1.58661263e-01 
 3.55380937e+09  8.98664547e-02 
 3.63662572e+09  5.48446244e-02 
 3.72137199e+09  3.71165028e-02 
 3.80809314e+09  2.82760768e-02 
 3.89683521e+09  2.55705109e-02 
 3.98764528e+09  2.67675258e-02 
 4.08057155e+09  3.00044717e-02 
 4.17566333e+09  3.41905789e-02 
 4.27297108e+09  3.88163398e-02 
 4.37254645e+09  4.38667869e-02 
 4.47444228e+09  4.93536068e-02 
 4.57871264e+09  5.56611199e-02 
 4.68541287e+09  6.39632589e-02 
 4.79459960e+09  8.23150043e-02 
 4.90633076e+09  5.37987781e-02 
 5.02066566e+09  9.40914014e-02 
 5.13766496e+09  3.67477160e-02 
 5.25739076e+09  8.11264857e-02 
 5.37990660e+09  7.50155557e-02 
 5.50527749e+09  6.99243331e-02 
 5.63356997e+09  3.70359196e-02 
 5.76485211e+09  7.43733515e-02 
 5.89919360e+09  9.16564543e-02 
 6.03666571e+09  1.02082952e-01 
 6.17734142e+09  7.87245548e-02 
 6.32129537e+09  1.42995851e-01 
 6.46860395e+09  3.38778965e-01 
 6.61934535e+09  1.86710696e-01 
 6.77359956e+09  5.71843906e-02 
 6.93144843e+09  3.91576871e-02 
 7.09297575e+09  1.34541447e-01 
 7.25826722e+09  1.45137093e-01 
 7.42741057e+09  1.59431727e-01 
 7.60049556e+09  2.12935797e-02 
 7.77761404e+09  6.62507380e-02 
 7.95886001e+09  5.66278326e-02 
 8.14432966e+09  1.06914124e-01 
 8.33412140e+09  9.68413073e-02 
 8.52833597e+09  1.02988277e-01 
 8.72707642e+09  6.54581873e-02 
 8.93044823e+09  7.30267411e-02 
 9.13855932e+09  8.85344107e-02 
 9.35152014e+09  1.01409161e-01 
 9.56944371e+09  1.12410559e-01 
 9.79244566e+09  1.13995509e-01 
 1.00206443e+10  1.15898112e-01 
 1.02541609e+10  1.24138347e-01 
 1.04931192e+10  1.30521628e-01 
 1.07376460e+10  1.36722014e-01 
 1.09878712e+10  1.43009867e-01 
 1.12439276e+10  1.49556279e-01 
 1.15059509e+10  1.56551248e-01 
 1.17740804e+10  1.64275523e-01 
 1.20484582e+10  1.73223448e-01 
 1.23292299e+10  1.84408263e-01 
 1.26165447e+10  2.00297183e-01 
 1.29105549e+10  2.28035907e-01 
 1.32114166e+10  2.54526386e-01 
 1.35192894e+10  1.08689360e-01 
 1.38343368e+10  1.38309439e-01 
 1.41567259e+10  1.60325711e-01 
 1.44866277e+10  1.79750002e-01 
 1.48242175e+10  1.83613118e-01 
 1.51696743e+10  1.89862610e-01 
 1.55231815e+10  1.99644312e-01 
 1.58849266e+10  2.08246749e-01 
 1.62551017e+10  2.16414878e-01 
 1.66339032e+10  2.24411329e-01 
 1.70215321e+10  2.32364565e-01 
 1.74181941e+10  2.40353925e-01 
 1.78240998e+10  2.48434827e-01 
 1.82394645e+10  2.56649465e-01 
 1.86645086e+10  2.65032242e-01 
 1.90994578e+10  2.73612863e-01 
 1.95445429e+10  2.82418235e-01 
 2.00000000e+10  2.91473720e-01 
