0.03681818181818183
0.03681818181818183
0.03681818181818183
0.03681818181818183
0.03681818181818183
0.03681818181818183
0.03681818181818183
0.03681818181818183
0.03681818181818183
0.03681818181818183
0.03681818181818183
0.03681818181818183
0.03681818181818183
0.03681818181818183
0.03681818181818183
0.03681818181818183
0.03681818181818183
0.03681818181818183
0.03681818181818183
0.03681818181818183
0.03681818181818183
0.03681818181818183
0.03681818181818183
0.03681818181818183
0.03681818181818183
0.03681818181818183
0.03681818181818183
0.03681818181818183
0.03681818181818183
0.03681818181818183
0.03681818181818183
0.03681818181818183
0.03681818181818183
0.03681818181818183
0.03681818181818183
0.03681818181818183
0.03681818181818183
0.03681818181818183
0.03681818181818183
0.03681818181818183
0.03681818181818183
0.03681818181818183
0.03681818181818183
0.03681818181818183
0.03681818181818183
0.03681818181818183
0.03681818181818183
0.03681818181818183
0.03681818181818183
0.03681818181818183
0.03681818181818183
0.03681818181818183
0.03681818181818183
0.03681818181818183
0.03681818181818183
0.03681818181818183
0.03681818181818183
0.03681818181818183
0.03681818181818183
0.03681818181818183
0.03681818181818183
0.03681818181818183
0.03681818181818183
0.03681818181818183
0.03681818181818183
0.03681818181818183
0.03681818181818183
0.03681818181818183
0.03681818181818183
0.03681818181818183
0.03681818181818183
0.03681818181818183
0.03681818181818183
0.03681818181818183
0.03681818181818183
0.03681818181818183
0.03681818181818183
0.03681818181818183
0.03681818181818183
0.03681818181818183
0.03681818181818183
0.03681818181818183
0.03681818181818183
0.03681818181818183
0.03681818181818183
0.03681818181818183
0.03681818181818183
0.03681818181818183
0.03681818181818183
0.03681818181818183
0.03681818181818183
0.03681818181818183
0.03681818181818183
0.03681818181818183
0.03681818181818183
0.03681818181818183
0.03681818181818183
0.03681818181818183
0.03681818181818183
0.03681818181818183
0.03681818181818183
0.03681818181818183
0.03681818181818183
0.03681818181818183
0.03681818181818183
0.03681818181818183
0.03681818181818183
0.03681818181818183
0.03681818181818183
0.03681818181818183
0.03681818181818183
0.03681818181818183
0.03681818181818183
0.03681818181818183
0.03681818181818183
0.03681818181818183
0.03681818181818183
0.03681818181818183
0.03681818181818183
0.03681818181818183
0.03681818181818183
0.03681818181818183
0.03681818181818183
0.03681818181818183
0.03681818181818183
0.03681818181818183
0.03681818181818183
0.03681818181818183
0.03681818181818183
0.03681818181818183
0.03681818181818183
0.03681818181818183
0.03681818181818183
0.03681818181818183
0.03681818181818183
0.03681818181818183
0.03681818181818183
0.03681818181818183
0.03681818181818183
0.03681818181818183
0.03681818181818183
0.03681818181818183
0.03681818181818183
0.03681818181818183
0.03681818181818183
0.03681818181818183
0.03681818181818183
0.03681818181818183
0.03681818181818183
0.03681818181818183
0.03681818181818183
0.03681818181818183
0.03681818181818183
0.03681818181818183
0.03681818181818183
0.03738422843766244
0.03825541341818196
0.039146900154545486
0.040059161602597565
0.0409926820792208
0.04194795684155849
0.0429254929285716
0.0439258090558443
0.04494943603636368
0.045996917201298705
0.04706880840000012
0.048165678420779415
0.049288109411688416
0.05043669709090915
0.051612050851948074
0.05281479460519486
0.05404556646233771
0.05530501968311698
0.05659382267532479
0.05791265931038982
0.05926222955454576
0.06064324946883127
0.06205645215584436
0.0635025873389612
0.06498242272987005
0.06649674350259753
0.06804635324025993
0.06963207446103922
0.071254748618182
0.07291523673116893
0.07461442022727274
0.07635320062597407
0.07813250080129878
0.07995326498181841
0.0818164593818181
0.08372307283246756
0.08567411720259749
0.08767062771428594
0.08971366410000003
0.09180431039220767
0.09394367618571467
0.09613289674285737
0.09837313394025993
0.10066557668961082
0.10301144135844184
0.10541197250649366
0.10786844583116904
0.11038216301298737
0.112954457922078
0.11558669703896136
0.1182802773506496
0.12103662635064999
0.12385720940259794
0.1267435213246755
0.1296970937532468
0.1327194961948053
0.13581233076623436
0.13897723955844185
0.14221590148052005
0.14553003646753282
0.14892140232467577
0.15239179788311688
0.15594306720779236
0.1595770932857148
0.1632958053896105
0.1671011759220783
0.1709952256753251
0.17498002067532525
0.17905767533766304
0.18323035351948078
0.1875002706233772
0.19186969149350697
0.19634093462337682
0.2009163742597408
0.2055984382987013
0.2103896103896105
