 1.00000000e+08  2.00489538e-02 
 1.02330354e+08  2.02346883e-02 
 1.04715014e+08  2.04240046e-02 
 1.07155245e+08  2.06162387e-02 
 1.09652342e+08  2.08105586e-02 
 1.12207630e+08  2.10059371e-02 
 1.14822466e+08  2.12011241e-02 
 1.17498236e+08  2.13946159e-02 
 1.20236362e+08  2.15846252e-02 
 1.23038295e+08  2.17690522e-02 
 1.25905523e+08  2.19454582e-02 
 1.28839568e+08  2.21110466e-02 
 1.31841987e+08  2.22626528e-02 
 1.34914372e+08  2.23967495e-02 
 1.38058355e+08  2.25094705e-02 
 1.41275604e+08  2.25966598e-02 
 1.44567827e+08  2.26539503e-02 
 1.47936769e+08  2.26768750e-02 
 1.51384220e+08  2.26610141e-02 
 1.54912009e+08  2.26021730e-02 
 1.58522008e+08  2.24965873e-02 
 1.62216133e+08  2.23411400e-02 
 1.65996343e+08  2.21335769e-02 
 1.69864646e+08  2.18726979e-02 
 1.73823095e+08  2.15585025e-02 
 1.77873789e+08  2.11922726e-02 
 1.82018879e+08  2.07765768e-02 
 1.86260564e+08  2.03151927e-02 
 1.90601095e+08  1.98129523e-02 
 1.95042776e+08  1.92755253e-02 
 1.99587964e+08  1.87091620e-02 
 2.04239071e+08  1.81204197e-02 
 2.08998565e+08  1.75158983e-02 
 2.13868972e+08  1.69020037e-02 
 2.18852877e+08  1.62847521e-02 
 2.23952925e+08  1.56696236e-02 
 2.29171822e+08  1.50614625e-02 
 2.34512337e+08  1.44644215e-02 
 2.39977306e+08  1.38819395e-02 
 2.45569627e+08  1.33167427e-02 
 2.51292270e+08  1.27708566e-02 
 2.57148271e+08  1.22456149e-02 
 2.63140737e+08  1.17416498e-02 
 2.69272848e+08  1.12588416e-02 
 2.75547860e+08  1.07961970e-02 
 2.81969102e+08  1.03516129e-02 
 2.88539981e+08  9.92147966e-03 
 2.95263985e+08  9.50023826e-03 
 3.02144683e+08  9.08144545e-03 
 3.09185725e+08  8.67517164e-03 
 3.16390848e+08  8.53675096e-03 
 3.23763876e+08  1.44482446e-02 
 3.31308722e+08  1.46791310e-02 
 3.39029389e+08  1.08020416e-02 
 3.46929975e+08  9.70812355e-03 
 3.55014673e+08  9.18064703e-03 
 3.63287773e+08  8.86381353e-03 
 3.71753666e+08  8.66030422e-03 
 3.80416844e+08  8.54073531e-03 
 3.89281904e+08  8.51305071e-03 
 3.98353552e+08  8.65458858e-03 
 4.07636602e+08  9.36617635e-03 
 4.17135980e+08  1.36809416e-02 
 4.26856726e+08  1.40780405e-02 
 4.36804001e+08  9.88816392e-03 
 4.46983082e+08  9.05596283e-03 
 4.57399372e+08  8.83252203e-03 
 4.68058398e+08  8.80108131e-03 
 4.78965818e+08  8.86640423e-03 
 4.90127419e+08  9.00620777e-03 
 5.01549125e+08  9.23186536e-03 
 5.13236997e+08  9.60571479e-03 
 5.25197238e+08  1.04581627e-02 
 5.37436195e+08  1.28531524e-02 
 5.49960363e+08  1.31501513e-02 
 5.62776388e+08  1.13394224e-02 
 5.75891073e+08  1.04367357e-02 
 5.89311376e+08  1.27967095e-02 
 6.03044419e+08  1.01453622e-02 
 6.17097492e+08  8.54647352e-03 
 6.31478050e+08  9.76308133e-03 
 6.46193727e+08  1.11607555e-02 
 6.61252331e+08  1.34179711e-02 
 6.76661854e+08  1.51035860e-02 
 6.92430473e+08  1.43683498e-02 
 7.08566557e+08  1.28968167e-02 
 7.25078669e+08  1.50889564e-02 
 7.41975572e+08  1.54295056e-02 
 7.59266232e+08  1.32440249e-02 
 7.76959826e+08  1.01038529e-02 
 7.95065744e+08  9.98391483e-03 
 8.13593593e+08  1.43426781e-02 
 8.32553207e+08  1.35176793e-02 
 8.51954648e+08  1.59410852e-02 
 8.71808210e+08  1.89119015e-02 
 8.92124431e+08  1.39983988e-02 
 9.12914092e+08  1.41337545e-02 
 9.34188226e+08  1.33376770e-02 
 9.55958123e+08  1.34238510e-02 
 9.78235335e+08  1.27246552e-02 
 1.00103169e+09  1.24886457e-02 
 1.02435927e+09  1.28819264e-02 
 1.04823047e+09  1.37242547e-02 
 1.07265796e+09  1.66439197e-02 
 1.09765469e+09  1.75545011e-02 
 1.12323393e+09  1.53261388e-02 
 1.14940927e+09  1.50851381e-02 
 1.17619457e+09  1.46092644e-02 
 1.20360408e+09  1.88979903e-02 
 1.23165232e+09  1.62736174e-02 
 1.26035418e+09  1.64268776e-02 
 1.28972490e+09  1.71639574e-02 
 1.31978006e+09  1.79742856e-02 
 1.35053561e+09  2.03497194e-02 
 1.38200788e+09  2.19254274e-02 
 1.41421356e+09  2.28254414e-02 
 1.44716975e+09  2.40994297e-02 
 1.48089393e+09  2.61174987e-02 
 1.51540401e+09  2.78572375e-02 
 1.55071830e+09  2.97004696e-02 
 1.58685553e+09  3.29177482e-02 
 1.62383489e+09  3.44895857e-02 
 1.66167599e+09  3.64244838e-02 
 1.70039893e+09  3.84292367e-02 
 1.74002425e+09  3.41798456e-02 
 1.78057299e+09  2.81361046e-02 
 1.82206665e+09  2.08791639e-02 
 1.86452726e+09  1.47100131e-02 
 1.90797735e+09  2.54892733e-02 
 1.95243999e+09  2.26915585e-02 
 1.99793876e+09  1.77094093e-02 
 2.04449781e+09  1.83891795e-02 
 2.09214185e+09  1.61694853e-02 
 2.14089617e+09  1.46619657e-02 
 2.19078664e+09  1.37741372e-02 
 2.24183974e+09  1.29945301e-02 
 2.29408255e+09  1.22083843e-02 
 2.34754280e+09  1.15944522e-02 
 2.40224887e+09  1.11245477e-02 
 2.45822978e+09  1.08221470e-02 
 2.51551525e+09  1.07187271e-02 
 2.57413567e+09  1.08166091e-02 
 2.63412215e+09  1.10720171e-02 
 2.69550653e+09  1.14127068e-02 
 2.75832139e+09  1.17714889e-02 
 2.82260005e+09  1.21090308e-02 
 2.88837664e+09  1.24174669e-02 
 2.95568605e+09  1.27107836e-02 
 3.02456401e+09  1.30175065e-02 
 3.09504707e+09  1.30115915e-02 
 3.16717263e+09  1.33544818e-02 
 3.24097898e+09  1.35775836e-02 
 3.31650528e+09  1.37938115e-02 
 3.39379160e+09  1.37391252e-02 
 3.47287898e+09  1.39223963e-02 
 3.55380937e+09  1.40643375e-02 
 3.63662572e+09  1.42011480e-02 
 3.72137199e+09  1.43413528e-02 
 3.80809314e+09  1.44881440e-02 
 3.89683521e+09  1.46431071e-02 
 3.98764528e+09  1.48072045e-02 
 4.08057155e+09  1.49809899e-02 
 4.17566333e+09  1.51638468e-02 
 4.27297108e+09  1.53499217e-02 
 4.37254645e+09  1.54713828e-02 
 4.47444228e+09  1.57314321e-02 
 4.57871264e+09  1.59625867e-02 
 4.68541287e+09  1.61707686e-02 
 4.79459960e+09  1.63900451e-02 
 4.90633076e+09  1.66336983e-02 
 5.02066566e+09  1.69112741e-02 
 5.13766496e+09  1.72674638e-02 
 5.25739076e+09  1.73168405e-02 
 5.37990660e+09  1.77823325e-02 
 5.50527749e+09  1.76689763e-02 
 5.63356997e+09  1.81714350e-02 
 5.76485211e+09  1.85170718e-02 
 5.89919360e+09  1.93752169e-02 
 6.03666571e+09  1.91084159e-02 
 6.17734142e+09  1.96502823e-02 
 6.32129537e+09  1.98735310e-02 
 6.46860395e+09  2.02199093e-02 
 6.61934535e+09  2.06405533e-02 
 6.77359956e+09  2.11760593e-02 
 6.93144843e+09  2.19023931e-02 
 7.09297575e+09  2.23454465e-02 
 7.25826722e+09  2.29563951e-02 
 7.42741057e+09  2.43832340e-02 
 7.60049556e+09  2.58253997e-02 
 7.77761404e+09  8.29341503e-02 
 7.95886001e+09  1.57089639e-02 
 8.14432966e+09  1.96683878e-02 
 8.33412140e+09  2.14822031e-02 
 8.52833597e+09  2.02362809e-02 
 8.72707642e+09  2.25042243e-02 
 8.93044823e+09  2.34520181e-02 
 9.13855932e+09  2.46470603e-02 
 9.35152014e+09  2.40190070e-02 
 9.56944371e+09  2.50075290e-02 
 9.79244566e+09  2.57202596e-02 
 1.00206443e+10  2.63985006e-02 
 1.02541609e+10  2.70571470e-02 
 1.04931192e+10  2.77141943e-02 
 1.07376460e+10  2.83781017e-02 
 1.09878712e+10  2.90540382e-02 
 1.12439276e+10  2.97460257e-02 
 1.15059509e+10  3.04578385e-02 
 1.17740804e+10  3.11936108e-02 
 1.20484582e+10  3.19584957e-02 
 1.23292299e+10  3.27596666e-02 
 1.26165447e+10  3.36081782e-02 
 1.29105549e+10  3.45229431e-02 
 1.32114166e+10  3.55405149e-02 
 1.35192894e+10  3.67440131e-02 
 1.38343368e+10  3.83764274e-02 
 1.41567259e+10  4.15961697e-02 
 1.44866277e+10  6.83201079e-02 
 1.48242175e+10  3.47617120e-02 
 1.51696743e+10  3.81293599e-02 
 1.55231815e+10  3.81694965e-02 
 1.58849266e+10  3.96872439e-02 
 1.62551017e+10  4.09621256e-02 
 1.66339032e+10  4.21544419e-02 
 1.70215321e+10  4.33168619e-02 
 1.74181941e+10  4.44738662e-02 
 1.78240998e+10  4.56390071e-02 
 1.82394645e+10  4.68207761e-02 
 1.86645086e+10  4.80250662e-02 
 1.90994578e+10  4.92563533e-02 
 1.95445429e+10  5.05183251e-02 
 2.00000000e+10  5.18142479e-02 
