 1.00000000e+08  1.81333815e-02 
 1.02329299e+08  1.82793119e-02 
 1.04712855e+08  1.84315562e-02 
 1.07151931e+08  1.85904124e-02 
 1.09647820e+08  1.87561956e-02 
 1.12201845e+08  1.89292388e-02 
 1.14815362e+08  1.91098946e-02 
 1.17489755e+08  1.92985362e-02 
 1.20226443e+08  1.94955592e-02 
 1.23026877e+08  1.97013829e-02 
 1.25892541e+08  1.99164518e-02 
 1.28824955e+08  2.01412379e-02 
 1.31825674e+08  2.03762424e-02 
 1.34896288e+08  2.06219973e-02 
 1.38038426e+08  2.08790682e-02 
 1.41253754e+08  2.11480564e-02 
 1.44543977e+08  2.14296010e-02 
 1.47910839e+08  2.17243816e-02 
 1.51356125e+08  2.20331211e-02 
 1.54881662e+08  2.23565879e-02 
 1.58489319e+08  2.26955988e-02 
 1.62181010e+08  2.30510218e-02 
 1.65958691e+08  2.34237781e-02 
 1.69824365e+08  2.38148447e-02 
 1.73780083e+08  2.42252558e-02 
 1.77827941e+08  2.46561043e-02 
 1.81970086e+08  2.51085420e-02 
 1.86208714e+08  2.55837780e-02 
 1.90546072e+08  2.60830763e-02 
 1.94984460e+08  2.66077501e-02 
 1.99526231e+08  2.71591530e-02 
 2.04173794e+08  2.77386655e-02 
 2.08929613e+08  2.83476757e-02 
 2.13796209e+08  2.89875518e-02 
 2.18776162e+08  2.96596047e-02 
 2.23872114e+08  3.03650361e-02 
 2.29086765e+08  3.11048699e-02 
 2.34422882e+08  3.18798614e-02 
 2.39883292e+08  3.26903778e-02 
 2.45470892e+08  3.35362439e-02 
 2.51188643e+08  3.44165447e-02 
 2.57039578e+08  3.53293774e-02 
 2.63026799e+08  3.62715441e-02 
 2.69153480e+08  3.72381806e-02 
 2.75422870e+08  3.82223203e-02 
 2.81838293e+08  3.92144047e-02 
 2.88403150e+08  4.02017629e-02 
 2.95120923e+08  4.11681126e-02 
 3.01995172e+08  4.20931623e-02 
 3.09029543e+08  4.29524337e-02 
 3.16227766e+08  4.37174592e-02 
 3.23593657e+08  4.43565237e-02 
 3.31131121e+08  4.48361001e-02 
 3.38844156e+08  4.51230370e-02 
 3.46736850e+08  4.51873960e-02 
 3.54813389e+08  4.50056193e-02 
 3.63078055e+08  4.45634983e-02 
 3.71535229e+08  4.38583180e-02 
 3.80189396e+08  4.28996337e-02 
 3.89045145e+08  4.17084277e-02 
 3.98107171e+08  4.03147889e-02 
 4.07380278e+08  3.87546089e-02 
 4.16869383e+08  3.70659609e-02 
 4.26579519e+08  3.52857824e-02 
 4.36515832e+08  3.34472711e-02 
 4.46683592e+08  3.15781404e-02 
 4.57088190e+08  2.96996603e-02 
 4.67735141e+08  2.78262599e-02 
 4.78630092e+08  2.59654078e-02 
 4.89778819e+08  2.41174575e-02 
 5.01187234e+08  2.22751185e-02 
 5.12861384e+08  2.04221304e-02 
 5.24807460e+08  1.85305204e-02 
 5.37031796e+08  1.65554791e-02 
 5.49540874e+08  1.44266141e-02 
 5.62341325e+08  1.20368307e-02 
 5.75439937e+08  9.25988130e-03 
 5.88843655e+08  6.35734626e-03 
 6.02559586e+08  7.19427902e-03 
 6.16595002e+08  1.59234484e-02 
 6.30957344e+08  2.53472037e-02 
 6.45654229e+08  2.69651404e-02 
 6.60693448e+08  2.46998387e-02 
 6.76082975e+08  2.22540035e-02 
 6.91830971e+08  2.02720893e-02 
 7.07945784e+08  1.87146381e-02 
 7.24435960e+08  1.74792015e-02 
 7.41310241e+08  1.64872825e-02 
 7.58577575e+08  1.56857541e-02 
 7.76247117e+08  1.50390620e-02 
 7.94328235e+08  1.45229925e-02 
 8.12830516e+08  1.41205957e-02 
 8.31763771e+08  1.38196069e-02 
 8.51138038e+08  1.36108038e-02 
 8.70963590e+08  1.34869381e-02 
 8.91250938e+08  1.34420166e-02 
 9.12010839e+08  1.34707872e-02 
 9.33254301e+08  1.35683284e-02 
 9.54992586e+08  1.37296584e-02 
 9.77237221e+08  1.39492915e-02 
 1.00000000e+09  1.42206751e-02 
 1.02329299e+09  1.45354633e-02 
 1.04712855e+09  1.48826418e-02 
 1.07151931e+09  1.52476590e-02 
 1.09647820e+09  1.56119804e-02 
 1.12201845e+09  1.59538797e-02 
 1.14815362e+09  1.62516565e-02 
 1.17489755e+09  1.64904712e-02 
 1.20226443e+09  1.66733072e-02 
 1.23026877e+09  1.68355494e-02 
 1.25892541e+09  1.70505779e-02 
 1.28824955e+09  1.68959854e-02 
 1.31825674e+09  1.14965925e-02 
 1.34896288e+09  1.33406648e-02 
 1.38038426e+09  1.42082439e-02 
 1.41253754e+09  1.46459135e-02 
 1.44543977e+09  1.49844470e-02 
 1.47910839e+09  1.53169568e-02 
 1.51356125e+09  1.56732589e-02 
 1.54881662e+09  1.60621595e-02 
 1.58489319e+09  1.64847362e-02 
 1.62181010e+09  1.69393111e-02 
 1.65958691e+09  1.74234539e-02 
 1.69824365e+09  1.79347759e-02 
 1.73780083e+09  1.84712189e-02 
 1.77827941e+09  1.90311546e-02 
 1.81970086e+09  1.96134155e-02 
 1.86208714e+09  2.02172860e-02 
 1.90546072e+09  2.08424588e-02 
 1.94984460e+09  2.14889662e-02 
 1.99526231e+09  2.21570984e-02 
 2.04173794e+09  2.28473156e-02 
 2.08929613e+09  2.35601729e-02 
 2.13796209e+09  2.42963014e-02 
 2.18776162e+09  2.50565427e-02 
 2.23872114e+09  2.58423504e-02 
 2.29086765e+09  2.66564330e-02 
 2.34422882e+09  2.75032614e-02 
 2.39883292e+09  2.83888764e-02 
 2.45470892e+09  2.93200436e-02 
 2.51188643e+09  3.03037942e-02 
 2.57039578e+09  3.13482987e-02 
 2.63026799e+09  3.24649891e-02 
 2.69153480e+09  3.36716424e-02 
 2.75422870e+09  3.49973491e-02 
 2.81838293e+09  3.64926413e-02 
 2.88403150e+09  3.82535535e-02 
 2.95120923e+09  4.04843452e-02 
 3.01995172e+09  4.36198200e-02 
 3.09029543e+09  4.47520224e-02 
 3.16227766e+09  2.54691040e-02 
 3.23593657e+09  3.55086100e-02 
 3.31131121e+09  4.24747015e-02 
 3.38844156e+09  3.32900942e-02 
 3.46736850e+09  4.12397898e-02 
 3.54813389e+09  4.45035848e-02 
 3.63078055e+09  4.72134741e-02 
 3.71535229e+09  4.93135208e-02 
 3.80189396e+09  5.26559869e-02 
 3.89045145e+09  5.55890352e-02 
 3.98107171e+09  5.88136104e-02 
 4.07380278e+09  6.24306100e-02 
 4.16869383e+09  6.66274743e-02 
 4.26579519e+09  6.86561464e-02 
 4.36515832e+09  7.56976987e-02 
 4.46683592e+09  8.11333456e-02 
 4.57088190e+09  8.51441324e-02 
 4.67735141e+09  8.23613579e-02 
 4.78630092e+09  6.11324122e-02 
 4.89778819e+09  3.58844035e-02 
 5.01187234e+09  7.73529271e-02 
 5.12861384e+09  9.82461059e-02 
 5.24807460e+09  8.60088846e-02 
 5.37031796e+09  4.76515103e-02 
 5.49540874e+09  3.33861713e-02 
 5.62341325e+09  2.89557320e-02 
 5.75439937e+09  3.36532159e-02 
 5.88843655e+09  4.30313011e-02 
 6.02559586e+09  6.46088211e-02 
 6.16595002e+09  3.65363863e-02 
 6.30957344e+09  4.92872809e-02 
 6.45654229e+09  6.71524688e-02 
 6.60693448e+09  1.03767452e-01 
 6.76082975e+09  8.41059400e-02 
 6.91830971e+09  1.77512092e-01 
 7.07945784e+09  1.90098112e-01 
 7.24435960e+09  5.07123580e-02 
 7.41310241e+09  1.54070313e-02 
 7.58577575e+09  4.30847150e-02 
 7.76247117e+09  8.95361497e-02 
 7.94328235e+09  1.79840431e-02 
 8.12830516e+09  3.40883456e-02 
 8.31763771e+09  3.19758976e-02 
 8.51138038e+09  5.31548929e-02 
 8.70963590e+09  2.28346690e-02 
 8.91250938e+09  4.53362021e-02 
 9.12010839e+09  5.53000770e-02 
 9.33254301e+09  8.21524683e-02 
 9.54992586e+09  5.34767439e-02 
 9.77237221e+09  6.27838316e-02 
 1.00000000e+10  6.10297028e-02 
 1.02329299e+10  6.57111743e-02 
 1.04712855e+10  6.98817468e-02 
 1.07151931e+10  7.39433707e-02 
 1.09647820e+10  7.80563968e-02 
 1.12201845e+10  8.23388222e-02 
 1.14815362e+10  8.69138009e-02 
 1.17489755e+10  9.19389209e-02 
 1.20226443e+10  9.76394404e-02 
 1.23026877e+10  1.04348630e-01 
 1.25892541e+10  1.12492337e-01 
 1.28824955e+10  1.21921802e-01 
 1.31825674e+10  1.26113965e-01 
 1.34896288e+10  9.71653152e-02 
 1.38038426e+10  6.37559764e-02 
 1.41253754e+10  6.99196782e-02 
 1.44543977e+10  8.86061539e-02 
 1.47910839e+10  8.59356211e-02 
 1.51356125e+10  8.65299159e-02 
 1.54881662e+10  9.45189510e-02 
 1.58489319e+10  1.06150554e-01 
 1.62181010e+10  1.12875236e-01 
 1.65958691e+10  1.13461813e-01 
 1.69824365e+10  1.13245255e-01 
 1.73780083e+10  1.15866372e-01 
 1.77827941e+10  1.20013093e-01 
 1.81970086e+10  1.24687322e-01 
 1.86208714e+10  1.29586918e-01 
 1.90546072e+10  1.34630236e-01 
 1.94984460e+10  1.39792739e-01 
 1.99526231e+10  1.45076954e-01 
