 1.00000000e+08  1.99124966e-02 
 1.02330354e+08  1.98959405e-02 
 1.04715014e+08  1.98619027e-02 
 1.07155245e+08  1.98084471e-02 
 1.09652342e+08  1.97336632e-02 
 1.12207630e+08  1.96357236e-02 
 1.14822466e+08  1.95129494e-02 
 1.17498236e+08  1.93638816e-02 
 1.20236362e+08  1.91873558e-02 
 1.23038295e+08  1.89825750e-02 
 1.25905523e+08  1.87491759e-02 
 1.28839568e+08  1.84872826e-02 
 1.31841987e+08  1.81975442e-02 
 1.34914372e+08  1.78811496e-02 
 1.38058355e+08  1.75398184e-02 
 1.41275604e+08  1.71757668e-02 
 1.44567827e+08  1.67916493e-02 
 1.47936769e+08  1.63904809e-02 
 1.51384220e+08  1.59755442e-02 
 1.54912009e+08  1.55502884e-02 
 1.58522008e+08  1.51182265e-02 
 1.62216133e+08  1.46828380e-02 
 1.65996343e+08  1.42474810e-02 
 1.69864646e+08  1.38153186e-02 
 1.73823095e+08  1.33892604e-02 
 1.77873789e+08  1.29719217e-02 
 1.82018879e+08  1.25655975e-02 
 1.86260564e+08  1.21722507e-02 
 1.90601095e+08  1.17935128e-02 
 1.95042776e+08  1.14306935e-02 
 1.99587964e+08  1.10847975e-02 
 2.04239071e+08  1.07565458e-02 
 2.08998565e+08  1.04464003e-02 
 2.13868972e+08  1.01545910e-02 
 2.18852877e+08  9.88114363e-03 
 2.23952925e+08  9.62591226e-03 
 2.29171822e+08  9.38861795e-03 
 2.34512337e+08  9.16890602e-03 
 2.39977306e+08  8.96644565e-03 
 2.45569627e+08  8.78113398e-03 
 2.51292270e+08  8.61356837e-03 
 2.57148271e+08  8.46626366e-03 
 2.63140737e+08  8.34717582e-03 
 2.69272848e+08  8.28152378e-03 
 2.75547860e+08  8.36042272e-03 
 2.81969102e+08  9.00982115e-03 
 2.88539981e+08  1.27618722e-02 
 2.95263985e+08  1.89025593e-02 
 3.02144683e+08  1.21473479e-02 
 3.09185725e+08  1.01849950e-02 
 3.16390848e+08  9.73482210e-03 
 3.23763876e+08  1.25361226e-02 
 3.31308722e+08  1.01309306e-02 
 3.39029389e+08  9.25055695e-03 
 3.46929975e+08  9.06693017e-03 
 3.55014673e+08  9.11678186e-03 
 3.63287773e+08  8.73023948e-03 
 3.71753666e+08  9.26566877e-03 
 3.80416844e+08  9.46159228e-03 
 3.89281904e+08  1.00716451e-02 
 3.98353552e+08  1.25202381e-02 
 4.07636602e+08  1.15170718e-02 
 4.17135980e+08  1.01558251e-02 
 4.26856726e+08  9.17894644e-03 
 4.36804001e+08  9.05671015e-03 
 4.46983082e+08  9.59634305e-03 
 4.57399372e+08  1.07862682e-02 
 4.68058398e+08  9.32925895e-03 
 4.78965818e+08  9.16580083e-03 
 4.90127419e+08  9.37193506e-03 
 5.01549125e+08  9.63065348e-03 
 5.13236997e+08  1.03610954e-02 
 5.25197238e+08  1.07001804e-02 
 5.37436195e+08  1.18530367e-02 
 5.49960363e+08  1.06442193e-02 
 5.62776388e+08  9.50607081e-03 
 5.75891073e+08  9.60680360e-03 
 5.89311376e+08  1.03661779e-02 
 6.03044419e+08  1.22905271e-02 
 6.17097492e+08  1.33915387e-02 
 6.31478050e+08  1.00525795e-02 
 6.46193727e+08  1.08954354e-02 
 6.61252331e+08  1.41846587e-02 
 6.76661854e+08  9.93943214e-03 
 6.92430473e+08  9.31412583e-03 
 7.08566557e+08  9.56170506e-03 
 7.25078669e+08  9.88699706e-03 
 7.41975572e+08  1.02550401e-02 
 7.59266232e+08  1.14765113e-02 
 7.76959826e+08  9.93687761e-03 
 7.95065744e+08  1.11413643e-02 
 8.13593593e+08  1.07248858e-02 
 8.32553207e+08  1.16674518e-02 
 8.51954648e+08  1.39725026e-02 
 8.71808210e+08  1.06674565e-02 
 8.92124431e+08  1.12765739e-02 
 9.12914092e+08  1.25430649e-02 
 9.34188226e+08  1.30711398e-02 
 9.55958123e+08  1.38625733e-02 
 9.78235335e+08  1.61123679e-02 
 1.00103169e+09  1.35795808e-02 
 1.02435927e+09  1.16651519e-02 
 1.04823047e+09  1.19349158e-02 
 1.07265796e+09  1.33191714e-02 
 1.09765469e+09  9.29357748e-03 
 1.12323393e+09  1.04416218e-02 
 1.14940927e+09  1.05805114e-02 
 1.17619457e+09  1.09758601e-02 
 1.20360408e+09  1.15245799e-02 
 1.23165232e+09  1.18887365e-02 
 1.26035418e+09  1.21090201e-02 
 1.28972490e+09  1.28157437e-02 
 1.31978006e+09  1.31455343e-02 
 1.35053561e+09  1.38618685e-02 
 1.38200788e+09  9.93891091e-03 
 1.41421356e+09  1.13292904e-02 
 1.44716975e+09  1.11829679e-02 
 1.48089393e+09  1.13897563e-02 
 1.51540401e+09  1.16340387e-02 
 1.55071830e+09  1.20757609e-02 
 1.58685553e+09  1.16215565e-02 
 1.62383489e+09  1.17594157e-02 
 1.66167599e+09  1.19085627e-02 
 1.70039893e+09  1.23233968e-02 
 1.74002425e+09  1.21307501e-02 
 1.78057299e+09  1.23946001e-02 
 1.82206665e+09  1.39680880e-02 
 1.86452726e+09  1.32527424e-02 
 1.90797735e+09  2.67323892e-02 
 1.95243999e+09  1.14155254e-02 
 1.99793876e+09  1.17096078e-02 
 2.04449781e+09  1.15886199e-02 
 2.09214185e+09  1.16880345e-02 
 2.14089617e+09  1.17595509e-02 
 2.19078664e+09  1.18092071e-02 
 2.24183974e+09  1.18434519e-02 
 2.29408255e+09  1.18661071e-02 
 2.34754280e+09  1.18794686e-02 
 2.40224887e+09  1.18849882e-02 
 2.45822978e+09  1.18836341e-02 
 2.51551525e+09  1.18760850e-02 
 2.57413567e+09  1.18628416e-02 
 2.63412215e+09  1.18442935e-02 
 2.69550653e+09  1.18207639e-02 
 2.75832139e+09  1.17925417e-02 
 2.82260005e+09  1.17599127e-02 
 2.88837664e+09  1.17231975e-02 
 2.95568605e+09  1.16828176e-02 
 3.02456401e+09  1.16394412e-02 
 3.09504707e+09  1.15943812e-02 
 3.16717263e+09  1.15509881e-02 
 3.24097898e+09  1.15217964e-02 
 3.31650528e+09  1.16107257e-02 
 3.39379160e+09  1.21033728e-02 
 3.47287898e+09  1.12477294e-02 
 3.55380937e+09  1.11629882e-02 
 3.63662572e+09  1.10875887e-02 
 3.72137199e+09  1.10094904e-02 
 3.80809314e+09  1.09278985e-02 
 3.89683521e+09  1.08429300e-02 
 3.98764528e+09  1.07547876e-02 
 4.08057155e+09  1.06636605e-02 
 4.17566333e+09  1.05697178e-02 
 4.27297108e+09  1.04731119e-02 
 4.37254645e+09  1.03739840e-02 
 4.47444228e+09  1.02724665e-02 
 4.57871264e+09  1.01686855e-02 
 4.68541287e+09  1.00627618e-02 
 4.79459960e+09  9.95481139e-03 
 4.90633076e+09  9.84494561e-03 
 5.02066566e+09  9.73327081e-03 
 5.13766496e+09  9.61988781e-03 
 5.25739076e+09  9.50489099e-03 
 5.37990660e+09  9.38836690e-03 
 5.50527749e+09  9.27039240e-03 
 5.63356997e+09  9.15103207e-03 
 5.76485211e+09  9.03033446e-03 
 5.89919360e+09  8.90832656e-03 
 6.03666571e+09  8.78500502e-03 
 6.17734142e+09  8.66025919e-03 
 6.32129537e+09  8.53416607e-03 
 6.46860395e+09  8.40626323e-03 
 6.61934535e+09  8.27600349e-03 
 6.77359956e+09  8.14095098e-03 
 6.93144843e+09  8.05675172e-03 
 7.09297575e+09  7.94842876e-03 
 7.25826722e+09  7.74659046e-03 
 7.42741057e+09  7.59465217e-03 
 7.60049556e+09  7.43217446e-03 
 7.77761404e+09  7.23748060e-03 
 7.95886001e+09  7.11094258e-03 
 8.14432966e+09  6.79132921e-03 
 8.33412140e+09  6.23308330e-03 
 8.52833597e+09  2.00133059e-02 
 8.72707642e+09  9.52345895e-03 
 8.93044823e+09  7.69410297e-03 
 9.13855932e+09  7.26328256e-03 
 9.35152014e+09  7.01270535e-03 
 9.56944371e+09  6.82402837e-03 
 9.79244566e+09  6.66453419e-03 
 1.00206443e+10  6.52150334e-03 
 1.02541609e+10  6.38894601e-03 
 1.04931192e+10  6.26367689e-03 
 1.07376460e+10  6.14384745e-03 
 1.09878712e+10  6.02831105e-03 
 1.12439276e+10  5.91631616e-03 
 1.15059509e+10  5.80734437e-03 
 1.17740804e+10  5.70101783e-03 
 1.20484582e+10  5.59704102e-03 
 1.23292299e+10  5.49515849e-03 
 1.26165447e+10  5.39511574e-03 
 1.29105549e+10  5.29660830e-03 
 1.32114166e+10  5.19918968e-03 
 1.35192894e+10  5.10205433e-03 
 1.38343368e+10  5.00338147e-03 
 1.41567259e+10  4.89755177e-03 
 1.44866277e+10  4.75154215e-03 
 1.48242175e+10  5.07886380e-03 
 1.51696743e+10  4.35960020e-03 
 1.55231815e+10  4.68103234e-03 
 1.58849266e+10  4.57535109e-03 
 1.62551017e+10  4.48742311e-03 
 1.66339032e+10  4.40597660e-03 
 1.70215321e+10  4.32837579e-03 
 1.74181941e+10  4.25362520e-03 
 1.78240998e+10  4.18125129e-03 
 1.82394645e+10  4.11099306e-03 
 1.86645086e+10  4.04269020e-03 
 1.90994578e+10  3.97623531e-03 
 1.95445429e+10  3.91155091e-03 
 2.00000000e+10  3.84857754e-03 
