 1.00000000e+08  1.79174997e-02 
 1.02330354e+08  1.80380504e-02 
 1.04715014e+08  1.81633153e-02 
 1.07155245e+08  1.82934795e-02 
 1.09652342e+08  1.84287352e-02 
 1.12207630e+08  1.85692819e-02 
 1.14822466e+08  1.87153268e-02 
 1.17498236e+08  1.88670855e-02 
 1.20236362e+08  1.90247817e-02 
 1.23038295e+08  1.91886482e-02 
 1.25905523e+08  1.93589271e-02 
 1.28839568e+08  1.95358700e-02 
 1.31841987e+08  1.97197391e-02 
 1.34914372e+08  1.99108072e-02 
 1.38058355e+08  2.01093584e-02 
 1.41275604e+08  2.03156890e-02 
 1.44567827e+08  2.05301078e-02 
 1.47936769e+08  2.07529369e-02 
 1.51384220e+08  2.09845127e-02 
 1.54912009e+08  2.12251865e-02 
 1.58522008e+08  2.14753256e-02 
 1.62216133e+08  2.17353139e-02 
 1.65996343e+08  2.20055534e-02 
 1.69864646e+08  2.22864650e-02 
 1.73823095e+08  2.25784898e-02 
 1.77873789e+08  2.28820903e-02 
 1.82018879e+08  2.31977518e-02 
 1.86260564e+08  2.35259839e-02 
 1.90601095e+08  2.38673218e-02 
 1.95042776e+08  2.42223280e-02 
 1.99587964e+08  2.45915940e-02 
 2.04239071e+08  2.49757418e-02 
 2.08998565e+08  2.53754258e-02 
 2.13868972e+08  2.57913343e-02 
 2.18852877e+08  2.62241916e-02 
 2.23952925e+08  2.66747587e-02 
 2.29171822e+08  2.71438359e-02 
 2.34512337e+08  2.76322630e-02 
 2.39977306e+08  2.81409207e-02 
 2.45569627e+08  2.86707304e-02 
 2.51292270e+08  2.92226543e-02 
 2.57148271e+08  2.97976937e-02 
 2.63140737e+08  3.03968866e-02 
 2.69272848e+08  3.10213028e-02 
 2.75547860e+08  3.16720381e-02 
 2.81969102e+08  3.23502040e-02 
 2.88539981e+08  3.30569150e-02 
 2.95263985e+08  3.37932707e-02 
 3.02144683e+08  3.45603310e-02 
 3.09185725e+08  3.53590848e-02 
 3.16390848e+08  3.61904081e-02 
 3.23763876e+08  3.70550095e-02 
 3.31308722e+08  3.79533614e-02 
 3.39029389e+08  3.88856110e-02 
 3.46929975e+08  3.98514689e-02 
 3.55014673e+08  4.08500699e-02 
 3.63287773e+08  4.18798010e-02 
 3.71753666e+08  4.29380913e-02 
 3.80416844e+08  4.40211613e-02 
 3.89281904e+08  4.51237277e-02 
 3.98353552e+08  4.62386669e-02 
 4.07636602e+08  4.73566461e-02 
 4.17135980e+08  4.84657383e-02 
 4.26856726e+08  4.95510571e-02 
 4.36804001e+08  5.05944598e-02 
 4.46983082e+08  5.15743927e-02 
 4.57399372e+08  5.24659729e-02 
 4.68058398e+08  5.32414129e-02 
 4.78965818e+08  5.38708926e-02 
 4.90127419e+08  5.43239501e-02 
 5.01549125e+08  5.45713886e-02 
 5.13236997e+08  5.45875890e-02 
 5.25197238e+08  5.43529835e-02 
 5.37436195e+08  5.38563320e-02 
 5.49960363e+08  5.30963928e-02 
 5.62776388e+08  5.20826352e-02 
 5.75891073e+08  5.08348102e-02 
 5.89311376e+08  4.93814263e-02 
 6.03044419e+08  4.77574075e-02 
 6.17097492e+08  4.60013512e-02 
 6.31478050e+08  4.41528306e-02 
 6.46193727e+08  4.22500950e-02 
 6.61252331e+08  4.03283791e-02 
 6.76661854e+08  3.84188756e-02 
 6.92430473e+08  3.65483099e-02 
 7.08566557e+08  3.47389836e-02 
 7.25078669e+08  3.30091387e-02 
 7.41975572e+08  3.13734972e-02 
 7.59266232e+08  2.98438625e-02 
 7.76959826e+08  2.84296989e-02 
 7.95065744e+08  2.71386310e-02 
 8.13593593e+08  2.59768305e-02 
 8.32553207e+08  2.49492750e-02 
 8.51954648e+08  2.40598787e-02 
 8.71808210e+08  2.33115093e-02 
 8.92124431e+08  2.27059205e-02 
 9.12914092e+08  2.22436402e-02 
 9.34188226e+08  2.19238640e-02 
 9.55958123e+08  2.17444029e-02 
 9.78235335e+08  2.17017212e-02 
 1.00103169e+09  2.17910831e-02 
 1.02435927e+09  2.20067996e-02 
 1.04823047e+09  2.23425481e-02 
 1.07265796e+09  2.27917237e-02 
 1.09765469e+09  2.33477838e-02 
 1.12323393e+09  2.40045508e-02 
 1.14940927e+09  2.47564584e-02 
 1.17619457e+09  2.55987322e-02 
 1.20360408e+09  2.65275119e-02 
 1.23165232e+09  2.75399244e-02 
 1.26035418e+09  2.86341208e-02 
 1.28972490e+09  2.98092907e-02 
 1.31978006e+09  3.10656634e-02 
 1.35053561e+09  3.24045061e-02 
 1.38200788e+09  3.38281245e-02 
 1.41421356e+09  3.53398700e-02 
 1.44716975e+09  3.69441559e-02 
 1.48089393e+09  3.86464822e-02 
 1.51540401e+09  4.04534676e-02 
 1.55071830e+09  4.23728834e-02 
 1.58685553e+09  4.44136813e-02 
 1.62383489e+09  4.65859986e-02 
 1.66167599e+09  4.89011192e-02 
 1.70039893e+09  5.13713494e-02 
 1.74002425e+09  5.40097471e-02 
 1.78057299e+09  5.68296072e-02 
 1.82206665e+09  5.98435512e-02 
 1.86452726e+09  6.30619853e-02 
 1.90797735e+09  6.64905772e-02 
 1.95243999e+09  7.01262408e-02 
 1.99793876e+09  7.39509398e-02 
 2.04449781e+09  7.79224792e-02 
 2.09214185e+09  8.19615558e-02 
 2.14089617e+09  8.59350880e-02 
 2.19078664e+09  8.96379827e-02 
 2.24183974e+09  9.27798216e-02 
 2.29408255e+09  9.49891737e-02 
 2.34754280e+09  9.58524470e-02 
 2.40224887e+09  9.49970713e-02 
 2.45822978e+09  9.22022300e-02 
 2.51551525e+09  8.74857246e-02 
 2.57413567e+09  8.11099591e-02 
 2.63412215e+09  7.34959081e-02 
 2.69550653e+09  6.50939941e-02 
 2.75832139e+09  5.62765680e-02 
 2.82260005e+09  4.72844198e-02 
 2.88837664e+09  3.82242334e-02 
 2.95568605e+09  2.91151843e-02 
 3.02456401e+09  2.00968643e-02 
 3.09504707e+09  1.28314925e-02 
 3.16717263e+09  1.56162299e-02 
 3.24097898e+09  3.15163948e-02 
 3.31650528e+09  5.61908304e-02 
 3.39379160e+09  7.66285696e-02 
 3.47287898e+09  1.11458043e-01 
 3.55380937e+09  9.82107308e-02 
 3.63662572e+09  7.41902910e-02 
 3.72137199e+09  6.93848218e-02 
 3.80809314e+09  5.07750058e-02 
 3.89683521e+09  4.10022325e-02 
 3.98764528e+09  3.39970311e-02 
 4.08057155e+09  2.86636213e-02 
 4.17566333e+09  2.46041226e-02 
 4.27297108e+09  2.17924887e-02 
 4.37254645e+09  1.97887194e-02 
 4.47444228e+09  1.91041725e-02 
 4.57871264e+09  1.96803481e-02 
 4.68541287e+09  2.17094369e-02 
 4.79459960e+09  2.59843804e-02 
 4.90633076e+09  4.83793318e-02 
 5.02066566e+09  8.14356191e-02 
 5.13766496e+09  4.07388455e-02 
 5.25739076e+09  1.75034423e-02 
 5.37990660e+09  2.48299902e-02 
 5.50527749e+09  3.15723325e-02 
 5.63356997e+09  5.68473828e-02 
 5.76485211e+09  3.03708634e-02 
 5.89919360e+09  4.01014465e-02 
 6.03666571e+09  6.22267155e-02 
 6.17734142e+09  4.04262211e-02 
 6.32129537e+09  5.09150226e-02 
 6.46860395e+09  6.19769788e-02 
 6.61934535e+09  6.43062121e-02 
 6.77359956e+09  7.91652096e-02 
 6.93144843e+09  9.78567528e-02 
 7.09297575e+09  1.69945474e-01 
 7.25826722e+09  1.37074233e-01 
 7.42741057e+09  5.41031665e-02 
 7.60049556e+09  1.45575535e-01 
 7.77761404e+09  7.56290702e-02 
 7.95886001e+09  3.19934625e-02 
 8.14432966e+09  5.24282026e-02 
 8.33412140e+09  6.09178115e-02 
 8.52833597e+09  4.45219601e-02 
 8.72707642e+09  1.25412151e-02 
 8.93044823e+09  1.46186998e-02 
 9.13855932e+09  3.68236406e-02 
 9.35152014e+09  4.01909400e-02 
 9.56944371e+09  4.74702071e-02 
 9.79244566e+09  5.79689913e-02 
 1.00206443e+10  6.62720758e-02 
 1.02541609e+10  7.46802408e-02 
 1.04931192e+10  8.35364148e-02 
 1.07376460e+10  9.32721201e-02 
 1.09878712e+10  1.04345419e-01 
 1.12439276e+10  1.17346526e-01 
 1.15059509e+10  1.33030488e-01 
 1.17740804e+10  1.52067262e-01 
 1.20484582e+10  1.73284473e-01 
 1.23292299e+10  1.86399301e-01 
 1.26165447e+10  1.65874602e-01 
 1.29105549e+10  1.16259175e-01 
 1.32114166e+10  8.14342250e-02 
 1.35192894e+10  7.77158741e-02 
 1.38343368e+10  9.37706203e-02 
 1.41567259e+10  1.19670040e-01 
 1.44866277e+10  1.68855625e-01 
 1.48242175e+10  1.85815490e-01 
 1.51696743e+10  1.96756255e-01 
 1.55231815e+10  2.81562714e-01 
 1.58849266e+10  3.49956531e-01 
 1.62551017e+10  3.02803524e-01 
 1.66339032e+10  2.96662097e-01 
 1.70215321e+10  3.53292229e-01 
 1.74181941e+10  4.38181550e-01 
 1.78240998e+10  5.06733741e-01 
 1.82394645e+10  4.99546560e-01 
 1.86645086e+10  4.26830478e-01 
 1.90994578e+10  3.45517394e-01 
 1.95445429e+10  2.79911856e-01 
 2.00000000e+10  2.30568235e-01 
