 1.00000000e+08  1.88384250e-02 
 1.02329299e+08  1.89864694e-02 
 1.04712855e+08  1.91407549e-02 
 1.07151931e+08  1.93015730e-02 
 1.09647820e+08  1.94692306e-02 
 1.12201845e+08  1.96440512e-02 
 1.14815362e+08  1.98263760e-02 
 1.17489755e+08  2.00165646e-02 
 1.20226443e+08  2.02149967e-02 
 1.23026877e+08  2.04220732e-02 
 1.25892541e+08  2.06382177e-02 
 1.28824955e+08  2.08638778e-02 
 1.31825674e+08  2.10995269e-02 
 1.34896288e+08  2.13456661e-02 
 1.38038426e+08  2.16028254e-02 
 1.41253754e+08  2.18715665e-02 
 1.44543977e+08  2.21524841e-02 
 1.47910839e+08  2.24462086e-02 
 1.51356125e+08  2.27534079e-02 
 1.54881662e+08  2.30747901e-02 
 1.58489319e+08  2.34111057e-02 
 1.62181010e+08  2.37631497e-02 
 1.65958691e+08  2.41317643e-02 
 1.69824365e+08  2.45178408e-02 
 1.73780083e+08  2.49223214e-02 
 1.77827941e+08  2.53462009e-02 
 1.81970086e+08  2.57905273e-02 
 1.86208714e+08  2.62564023e-02 
 1.90546072e+08  2.67449797e-02 
 1.94984460e+08  2.72574628e-02 
 1.99526231e+08  2.77950995e-02 
 2.04173794e+08  2.83591745e-02 
 2.08929613e+08  2.89509975e-02 
 2.13796209e+08  2.95718867e-02 
 2.18776162e+08  3.02231454e-02 
 2.23872114e+08  3.09060301e-02 
 2.29086765e+08  3.16217085e-02 
 2.34422882e+08  3.23712025e-02 
 2.39883292e+08  3.31553146e-02 
 2.45470892e+08  3.39745327e-02 
 2.51188643e+08  3.48289073e-02 
 2.57039578e+08  3.57178972e-02 
 2.63026799e+08  3.66401767e-02 
 2.69153480e+08  3.75933995e-02 
 2.75422870e+08  3.85739139e-02 
 2.81838293e+08  3.95764310e-02 
 2.88403150e+08  4.05936484e-02 
 2.95120923e+08  4.16158462e-02 
 3.01995172e+08  4.26304837e-02 
 3.09029543e+08  4.36218460e-02 
 3.16227766e+08  4.45708134e-02 
 3.23593657e+08  4.54548512e-02 
 3.31131121e+08  4.62483354e-02 
 3.38844156e+08  4.69233300e-02 
 3.46736850e+08  4.74509011e-02 
 3.54813389e+08  4.78029729e-02 
 3.63078055e+08  4.79546153e-02 
 3.71535229e+08  4.78865022e-02 
 3.80189396e+08  4.75871589e-02 
 3.89045145e+08  4.70545679e-02 
 3.98107171e+08  4.62967740e-02 
 4.07380278e+08  4.53313250e-02 
 4.16869383e+08  4.41836376e-02 
 4.26579519e+08  4.28846122e-02 
 4.36515832e+08  4.14679421e-02 
 4.46683592e+08  3.99675603e-02 
 4.57088190e+08  3.84155495e-02 
 4.67735141e+08  3.68406798e-02 
 4.78630092e+08  3.52675870e-02 
 4.89778819e+08  3.37165017e-02 
 5.01187234e+08  3.22033862e-02 
 5.12861384e+08  3.07403338e-02 
 5.24807460e+08  2.93361035e-02 
 5.37031796e+08  2.79966979e-02 
 5.49540874e+08  2.67259203e-02 
 5.62341325e+08  2.55258775e-02 
 5.75439937e+08  2.43974120e-02 
 5.88843655e+08  2.33404591e-02 
 6.02559586e+08  2.23543344e-02 
 6.16595002e+08  2.14379597e-02 
 6.30957344e+08  2.05900350e-02 
 6.45654229e+08  1.98091671e-02 
 6.60693448e+08  1.90939621e-02 
 6.76082975e+08  1.84430891e-02 
 6.91830971e+08  1.78553217e-02 
 7.07945784e+08  1.73295608e-02 
 7.24435960e+08  1.68648443e-02 
 7.41310241e+08  1.64603462e-02 
 7.58577575e+08  1.61153683e-02 
 7.76247117e+08  1.58293269e-02 
 7.94328235e+08  1.56017353e-02 
 8.12830516e+08  1.54321834e-02 
 8.31763771e+08  1.53203131e-02 
 8.51138038e+08  1.52657856e-02 
 8.70963590e+08  1.52682337e-02 
 8.91250938e+08  1.53271874e-02 
 9.12010839e+08  1.54419527e-02 
 9.33254301e+08  1.56114149e-02 
 9.54992586e+08  1.58337247e-02 
 9.77237221e+08  1.61058101e-02 
 1.00000000e+09  1.64226499e-02 
 1.02329299e+09  1.67762470e-02 
 1.04712855e+09  1.71542957e-02 
 1.07151931e+09  1.75386862e-02 
 1.09647820e+09  1.79043045e-02 
 1.12201845e+09  1.82190799e-02 
 1.14815362e+09  1.84467103e-02 
 1.17489755e+09  1.85533576e-02 
 1.20226443e+09  1.85179698e-02 
 1.23026877e+09  1.83427548e-02 
 1.25892541e+09  1.80579381e-02 
 1.28824955e+09  1.77166959e-02 
 1.31825674e+09  1.73820385e-02 
 1.34896288e+09  1.71123495e-02 
 1.38038426e+09  1.69518854e-02 
 1.41253754e+09  1.69282798e-02 
 1.44543977e+09  1.70552936e-02 
 1.47910839e+09  1.73378159e-02 
 1.51356125e+09  1.77767294e-02 
 1.54881662e+09  1.83722575e-02 
 1.58489319e+09  1.91249111e-02 
 1.62181010e+09  2.00329732e-02 
 1.65958691e+09  2.10852281e-02 
 1.69824365e+09  2.22498088e-02 
 1.73780083e+09  2.34685922e-02 
 1.77827941e+09  2.46762222e-02 
 1.81970086e+09  2.58436931e-02 
 1.86208714e+09  2.69973834e-02 
 1.90546072e+09  2.81778094e-02 
 1.94984460e+09  2.93792632e-02 
 1.99526231e+09  3.05147552e-02 
 2.04173794e+09  3.14026534e-02 
 2.08929613e+09  3.17731959e-02 
 2.13796209e+09  3.13295098e-02 
 2.18776162e+09  2.98902875e-02 
 2.23872114e+09  2.75385593e-02 
 2.29086765e+09  2.46205059e-02 
 2.34422882e+09  2.15736746e-02 
 2.39883292e+09  1.87509122e-02 
 2.45470892e+09  1.63590826e-02 
 2.51188643e+09  1.44844724e-02 
 2.57039578e+09  1.31368889e-02 
 2.63026799e+09  1.22805287e-02 
 2.69153480e+09  1.18518711e-02 
 2.75422870e+09  1.17736487e-02 
 2.81838293e+09  1.19686354e-02 
 2.88403150e+09  1.23709792e-02 
 2.95120923e+09  1.29333543e-02 
 3.01995172e+09  1.36337072e-02 
 3.09029543e+09  1.44989296e-02 
 3.16227766e+09  1.55039670e-02 
 3.23593657e+09  1.49488487e-02 
 3.31131121e+09  1.54271529e-02 
 3.38844156e+09  1.69920685e-02 
 3.46736850e+09  1.81083035e-02 
 3.54813389e+09  1.92183832e-02 
 3.63078055e+09  2.03896963e-02 
 3.71535229e+09  2.16615039e-02 
 3.80189396e+09  2.31563755e-02 
 3.89045145e+09  2.49133656e-02 
 3.98107171e+09  2.73551538e-02 
 4.07380278e+09  3.22488693e-02 
 4.16869383e+09  1.72505027e-02 
 4.26579519e+09  2.74355868e-02 
 4.36515832e+09  3.30089364e-02 
 4.46683592e+09  4.06925578e-02 
 4.57088190e+09  3.34112612e-02 
 4.67735141e+09  1.81577549e-02 
 4.78630092e+09  2.61678186e-02 
 4.89778819e+09  3.49750649e-02 
 5.01187234e+09  2.83553349e-02 
 5.12861384e+09  3.13890291e-02 
 5.24807460e+09  3.92618153e-02 
 5.37031796e+09  4.76945442e-02 
 5.49540874e+09  3.90406154e-02 
 5.62341325e+09  4.95946416e-02 
 5.75439937e+09  4.54277855e-02 
 5.88843655e+09  4.62545371e-02 
 6.02559586e+09  3.58162367e-02 
 6.16595002e+09  2.95624476e-02 
 6.30957344e+09  3.09645876e-02 
 6.45654229e+09  2.74423291e-02 
 6.60693448e+09  4.14786334e-02 
 6.76082975e+09  7.46016404e-02 
 6.91830971e+09  6.31268144e-02 
 7.07945784e+09  2.24316596e-02 
 7.24435960e+09  1.30790536e-02 
 7.41310241e+09  1.98151729e-02 
 7.58577575e+09  2.77875189e-02 
 7.76247117e+09  3.17752294e-02 
 7.94328235e+09  1.71649925e-02 
 8.12830516e+09  2.79633143e-02 
 8.31763771e+09  1.40661244e-02 
 8.51138038e+09  4.11698728e-02 
 8.70963590e+09  2.47244898e-02 
 8.91250938e+09  3.48694421e-02 
 9.12010839e+09  3.53137893e-02 
 9.33254301e+09  3.20534073e-02 
 9.54992586e+09  3.73485911e-02 
 9.77237221e+09  3.92768492e-02 
 1.00000000e+10  4.21626174e-02 
 1.02329299e+10  4.47067533e-02 
 1.04712855e+10  4.72112156e-02 
 1.07151931e+10  4.97793318e-02 
 1.09647820e+10  5.24762936e-02 
 1.12201845e+10  5.53689767e-02 
 1.14815362e+10  5.85434255e-02 
 1.17489755e+10  6.21274199e-02 
 1.20226443e+10  6.63338437e-02 
 1.23026877e+10  7.15618166e-02 
 1.25892541e+10  7.86766244e-02 
 1.28824955e+10  8.99671707e-02 
 1.31825674e+10  1.13098867e-01 
 1.34896288e+10  1.16002521e-01 
 1.38038426e+10  3.22561702e-02 
 1.41253754e+10  5.85646457e-02 
 1.44543977e+10  6.82942072e-02 
 1.47910839e+10  6.21754030e-02 
 1.51356125e+10  6.65982274e-02 
 1.54881662e+10  7.50888685e-02 
 1.58489319e+10  8.24938332e-02 
 1.62181010e+10  8.95778185e-02 
 1.65958691e+10  9.69096923e-02 
 1.69824365e+10  1.04828442e-01 
 1.73780083e+10  1.13636566e-01 
 1.77827941e+10  1.23645825e-01 
 1.81970086e+10  1.35142130e-01 
 1.86208714e+10  1.48141062e-01 
 1.90546072e+10  1.61488117e-01 
 1.94984460e+10  1.70776794e-01 
 1.99526231e+10  1.69476968e-01 
