 1.00000000e+08  1.92336751e-02 
 1.02330354e+08  1.92709409e-02 
 1.04715014e+08  1.92952372e-02 
 1.07155245e+08  1.93046831e-02 
 1.09652342e+08  1.92973160e-02 
 1.12207630e+08  1.92711242e-02 
 1.14822466e+08  1.92240912e-02 
 1.17498236e+08  1.91542485e-02 
 1.20236362e+08  1.90597393e-02 
 1.23038295e+08  1.89388891e-02 
 1.25905523e+08  1.87902821e-02 
 1.28839568e+08  1.86128395e-02 
 1.31841987e+08  1.84058942e-02 
 1.34914372e+08  1.81692570e-02 
 1.38058355e+08  1.79032689e-02 
 1.41275604e+08  1.76088341e-02 
 1.44567827e+08  1.72874292e-02 
 1.47936769e+08  1.69410876e-02 
 1.51384220e+08  1.65723577e-02 
 1.54912009e+08  1.61842380e-02 
 1.58522008e+08  1.57800926e-02 
 1.62216133e+08  1.53635545e-02 
 1.65996343e+08  1.49384210e-02 
 1.69864646e+08  1.45085504e-02 
 1.73823095e+08  1.40777648e-02 
 1.77873789e+08  1.36497636e-02 
 1.82018879e+08  1.32280518e-02 
 1.86260564e+08  1.28158833e-02 
 1.90601095e+08  1.24162214e-02 
 1.95042776e+08  1.20317125e-02 
 1.99587964e+08  1.16646740e-02 
 2.04239071e+08  1.13170917e-02 
 2.08998565e+08  1.09906264e-02 
 2.13868972e+08  1.06866251e-02 
 2.18852877e+08  1.04061375e-02 
 2.23952925e+08  1.01499343e-02 
 2.29171822e+08  9.91852797e-03 
 2.34512337e+08  9.71219450e-03 
 2.39977306e+08  9.53099631e-03 
 2.45569627e+08  9.37480686e-03 
 2.51292270e+08  9.24333686e-03 
 2.57148271e+08  9.13616269e-03 
 2.63140737e+08  9.05275754e-03 
 2.69272848e+08  8.99252602e-03 
 2.75547860e+08  8.95484325e-03 
 2.81969102e+08  8.93910045e-03 
 2.88539981e+08  8.94476022e-03 
 2.95263985e+08  8.97142778e-03 
 3.02144683e+08  9.01894894e-03 
 3.09185725e+08  9.08755324e-03 
 3.16390848e+08  9.17806953e-03 
 3.23763876e+08  9.29222439e-03 
 3.31308722e+08  9.43279071e-03 
 3.39029389e+08  9.60129981e-03 
 3.46929975e+08  9.77920709e-03 
 3.55014673e+08  1.15311686e-02 
 3.63287773e+08  8.93255129e-03 
 3.71753666e+08  1.05840951e-02 
 3.80416844e+08  1.20390665e-02 
 3.89281904e+08  1.05120440e-02 
 3.98353552e+08  1.04110029e-02 
 4.07636602e+08  1.06122944e-02 
 4.17135980e+08  1.09272991e-02 
 4.26856726e+08  1.16091218e-02 
 4.36804001e+08  1.15566768e-02 
 4.46983082e+08  1.25233570e-02 
 4.57399372e+08  1.20871935e-02 
 4.68058398e+08  1.26396285e-02 
 4.78965818e+08  1.36123768e-02 
 4.90127419e+08  1.32560052e-02 
 5.01549125e+08  1.39133877e-02 
 5.13236997e+08  1.54430074e-02 
 5.25197238e+08  1.66013523e-02 
 5.37436195e+08  1.64370905e-02 
 5.49960363e+08  2.24228071e-02 
 5.62776388e+08  1.48510180e-02 
 5.75891073e+08  1.49345820e-02 
 5.89311376e+08  1.83779470e-02 
 6.03044419e+08  1.22502918e-02 
 6.17097492e+08  1.26513619e-02 
 6.31478050e+08  1.36717437e-02 
 6.46193727e+08  1.45780469e-02 
 6.61252331e+08  1.55854224e-02 
 6.76661854e+08  1.62531271e-02 
 6.92430473e+08  1.73408330e-02 
 7.08566557e+08  1.85291784e-02 
 7.25078669e+08  1.98825674e-02 
 7.41975572e+08  2.14837319e-02 
 7.59266232e+08  2.34222868e-02 
 7.76959826e+08  2.57892830e-02 
 7.95065744e+08  2.86129564e-02 
 8.13593593e+08  3.16474336e-02 
 8.32553207e+08  3.39549836e-02 
 8.51954648e+08  3.39257137e-02 
 8.71808210e+08  3.10269890e-02 
 8.92124431e+08  2.68834247e-02 
 9.12914092e+08  2.32074451e-02 
 9.34188226e+08  2.05918650e-02 
 9.55958123e+08  1.90137518e-02 
 9.78235335e+08  1.83756044e-02 
 1.00103169e+09  1.87883298e-02 
 1.02435927e+09  2.07578707e-02 
 1.04823047e+09  2.25234497e-02 
 1.07265796e+09  2.14315982e-02 
 1.09765469e+09  2.35764425e-02 
 1.12323393e+09  2.65635736e-02 
 1.14940927e+09  2.93862593e-02 
 1.17619457e+09  3.14294440e-02 
 1.20360408e+09  3.25168483e-02 
 1.23165232e+09  3.26819126e-02 
 1.26035418e+09  3.21318744e-02 
 1.28972490e+09  3.11608476e-02 
 1.31978006e+09  3.00331638e-02 
 1.35053561e+09  2.89079226e-02 
 1.38200788e+09  2.78318327e-02 
 1.41421356e+09  2.67761385e-02 
 1.44716975e+09  2.56844926e-02 
 1.48089393e+09  2.45114287e-02 
 1.51540401e+09  2.32429362e-02 
 1.55071830e+09  2.18984635e-02 
 1.58685553e+09  2.05196623e-02 
 1.62383489e+09  1.91542729e-02 
 1.66167599e+09  1.78424815e-02 
 1.70039893e+09  1.66097214e-02 
 1.74002425e+09  1.54668189e-02 
 1.78057299e+09  1.44156547e-02 
 1.82206665e+09  1.34558306e-02 
 1.86452726e+09  1.25879047e-02 
 1.90797735e+09  1.18127505e-02 
 1.95243999e+09  1.11299608e-02 
 1.99793876e+09  1.05376494e-02 
 2.04449781e+09  1.00337628e-02 
 2.09214185e+09  9.61760800e-03 
 2.14089617e+09  9.28975255e-03 
 2.19078664e+09  9.04861401e-03 
 2.24183974e+09  8.88412491e-03 
 2.29408255e+09  8.77435932e-03 
 2.34754280e+09  8.69660553e-03 
 2.40224887e+09  8.65143310e-03 
 2.45822978e+09  8.66386172e-03 
 2.51551525e+09  8.75031614e-03 
 2.57413567e+09  8.90263898e-03 
 2.63412215e+09  9.10163472e-03 
 2.69550653e+09  9.33038403e-03 
 2.75832139e+09  9.57771439e-03 
 2.82260005e+09  9.83710393e-03 
 2.88837664e+09  1.01049740e-02 
 2.95568605e+09  1.03794564e-02 
 3.02456401e+09  1.06596550e-02 
 3.09504707e+09  1.09452322e-02 
 3.16717263e+09  1.12361866e-02 
 3.24097898e+09  1.15327396e-02 
 3.31650528e+09  1.18353003e-02 
 3.39379160e+09  1.21445397e-02 
 3.47287898e+09  1.24619865e-02 
 3.55380937e+09  1.28033236e-02 
 3.63662572e+09  1.31005694e-02 
 3.72137199e+09  1.34454257e-02 
 3.80809314e+09  1.37964410e-02 
 3.89683521e+09  1.41579945e-02 
 3.98764528e+09  1.45322841e-02 
 4.08057155e+09  1.49219844e-02 
 4.17566333e+09  1.53317738e-02 
 4.27297108e+09  1.57752984e-02 
 4.37254645e+09  1.64431115e-02 
 4.47444228e+09  1.65300600e-02 
 4.57871264e+09  1.70861282e-02 
 4.68541287e+09  1.76530585e-02 
 4.79459960e+09  1.83029976e-02 
 4.90633076e+09  1.93956634e-02 
 5.02066566e+09  1.93619371e-02 
 5.13766496e+09  2.10861235e-02 
 5.25739076e+09  2.08239555e-02 
 5.37990660e+09  2.34716252e-02 
 5.50527749e+09  2.33624586e-02 
 5.63356997e+09  4.91622675e-02 
 5.76485211e+09  1.72983108e-02 
 5.89919360e+09  2.16167621e-02 
 6.03666571e+09  1.85477390e-02 
 6.17734142e+09  2.11348524e-02 
 6.32129537e+09  2.27863599e-02 
 6.46860395e+09  2.44257108e-02 
 6.61934535e+09  2.64664281e-02 
 6.77359956e+09  2.59905059e-02 
 6.93144843e+09  3.38966569e-02 
 7.09297575e+09  3.65317737e-02 
 7.25826722e+09  2.83796617e-02 
 7.42741057e+09  2.10784349e-02 
 7.60049556e+09  2.32863174e-02 
 7.77761404e+09  2.84844308e-02 
 7.95886001e+09  2.25394519e-02 
 8.14432966e+09  3.35222873e-02 
 8.33412140e+09  2.71374239e-02 
 8.52833597e+09  3.04293523e-02 
 8.72707642e+09  2.18293855e-02 
 8.93044823e+09  1.45621309e-02 
 9.13855932e+09  2.57373486e-02 
 9.35152014e+09  2.79194160e-02 
 9.56944371e+09  2.94525947e-02 
 9.79244566e+09  2.85531455e-02 
 1.00206443e+10  3.17713394e-02 
 1.02541609e+10  3.31684001e-02 
 1.04931192e+10  3.45148701e-02 
 1.07376460e+10  3.58781927e-02 
 1.09878712e+10  3.72885597e-02 
 1.12439276e+10  3.87700830e-02 
 1.15059509e+10  4.03478624e-02 
 1.17740804e+10  4.20519064e-02 
 1.20484582e+10  4.39208390e-02 
 1.23292299e+10  4.60057033e-02 
 1.26165447e+10  4.83708004e-02 
 1.29105549e+10  5.10739555e-02 
 1.32114166e+10  5.40374167e-02 
 1.35192894e+10  5.63890542e-02 
 1.38343368e+10  5.41922306e-02 
 1.41567259e+10  4.31357337e-02 
 1.44866277e+10  4.12112294e-02 
 1.48242175e+10  4.96737258e-02 
 1.51696743e+10  4.87149206e-02 
 1.55231815e+10  4.84822264e-02 
 1.58849266e+10  5.33693234e-02 
 1.62551017e+10  5.63942982e-02 
 1.66339032e+10  5.93200928e-02 
 1.70215321e+10  6.24370806e-02 
 1.74181941e+10  6.58003517e-02 
 1.78240998e+10  6.94198040e-02 
 1.82394645e+10  7.32310546e-02 
 1.86645086e+10  7.70205168e-02 
 1.90994578e+10  8.07016947e-02 
 1.95445429e+10  8.50024391e-02 
 2.00000000e+10  9.06295692e-02 
