 1.00000000e+08  1.90850727e-02 
 1.02330354e+08  1.91181037e-02 
 1.04715014e+08  1.91389544e-02 
 1.07155245e+08  1.91457825e-02 
 1.09652342e+08  1.91366549e-02 
 1.12207630e+08  1.91095789e-02 
 1.14822466e+08  1.90625430e-02 
 1.17498236e+08  1.89935677e-02 
 1.20236362e+08  1.89007662e-02 
 1.23038295e+08  1.87824125e-02 
 1.25905523e+08  1.86370154e-02 
 1.28839568e+08  1.84633945e-02 
 1.31841987e+08  1.82607540e-02 
 1.34914372e+08  1.80287478e-02 
 1.38058355e+08  1.77675324e-02 
 1.41275604e+08  1.74778006e-02 
 1.44567827e+08  1.71607932e-02 
 1.47936769e+08  1.68182861e-02 
 1.51384220e+08  1.64525522e-02 
 1.54912009e+08  1.60663009e-02 
 1.58522008e+08  1.56625983e-02 
 1.62216133e+08  1.52447751e-02 
 1.65996343e+08  1.48163268e-02 
 1.69864646e+08  1.43808154e-02 
 1.73823095e+08  1.39417760e-02 
 1.77873789e+08  1.35026352e-02 
 1.82018879e+08  1.30666431e-02 
 1.86260564e+08  1.26368212e-02 
 1.90601095e+08  1.22159264e-02 
 1.95042776e+08  1.18064303e-02 
 1.99587964e+08  1.14105104e-02 
 2.04239071e+08  1.10300540e-02 
 2.08998565e+08  1.06666684e-02 
 2.13868972e+08  1.03216981e-02 
 2.18852877e+08  9.99624580e-03 
 2.23952925e+08  9.69119447e-03 
 2.29171822e+08  9.40723099e-03 
 2.34512337e+08  9.14486928e-03 
 2.39977306e+08  8.90447310e-03 
 2.45569627e+08  8.68627858e-03 
 2.51292270e+08  8.49041716e-03 
 2.57148271e+08  8.31694029e-03 
 2.63140737e+08  8.16584764e-03 
 2.69272848e+08  8.03712229e-03 
 2.75547860e+08  7.93077758e-03 
 2.81969102e+08  7.84692437e-03 
 2.88539981e+08  7.78587441e-03 
 2.95263985e+08  7.74831027e-03 
 3.02144683e+08  7.73558752e-03 
 3.09185725e+08  7.75032227e-03 
 3.16390848e+08  7.79766745e-03 
 3.23763876e+08  7.88852023e-03 
 3.31308722e+08  8.04942172e-03 
 3.39029389e+08  8.36455113e-03 
 3.46929975e+08  9.28237275e-03 
 3.55014673e+08  1.19249918e-02 
 3.63287773e+08  9.31599695e-03 
 3.71753666e+08  1.11183153e-02 
 3.80416844e+08  1.25650438e-02 
 3.89281904e+08  9.07109373e-03 
 3.98353552e+08  8.46370743e-03 
 4.07636602e+08  8.51844006e-03 
 4.17135980e+08  8.78886525e-03 
 4.26856726e+08  9.49483863e-03 
 4.36804001e+08  9.97275598e-03 
 4.46983082e+08  1.25930105e-02 
 4.57399372e+08  1.09027478e-02 
 4.68058398e+08  1.29765988e-02 
 4.78965818e+08  1.97277370e-02 
 4.90127419e+08  1.51357242e-02 
 5.01549125e+08  9.63489937e-03 
 5.13236997e+08  9.22428185e-03 
 5.25197238e+08  9.47168779e-03 
 5.37436195e+08  8.17078714e-03 
 5.49960363e+08  7.54733007e-03 
 5.62776388e+08  8.14592227e-03 
 5.75891073e+08  9.15591502e-03 
 5.89311376e+08  1.02334179e-02 
 6.03044419e+08  1.05493283e-02 
 6.17097492e+08  9.18583805e-03 
 6.31478050e+08  9.85192281e-03 
 6.46193727e+08  1.02562017e-02 
 6.61252331e+08  9.36158650e-03 
 6.76661854e+08  1.03790211e-02 
 6.92430473e+08  1.08538093e-02 
 7.08566557e+08  1.13796195e-02 
 7.25078669e+08  1.19456561e-02 
 7.41975572e+08  1.25986782e-02 
 7.59266232e+08  1.33872164e-02 
 7.76959826e+08  1.43660391e-02 
 7.95065744e+08  1.55759031e-02 
 8.13593593e+08  1.69574814e-02 
 8.32553207e+08  1.81564400e-02 
 8.51954648e+08  1.84780739e-02 
 8.71808210e+08  1.76170664e-02 
 8.92124431e+08  1.61968582e-02 
 9.12914092e+08  1.49096993e-02 
 9.34188226e+08  1.39759247e-02 
 9.55958123e+08  1.33554385e-02 
 9.78235335e+08  1.29710513e-02 
 1.00103169e+09  1.28215893e-02 
 1.02435927e+09  1.31688835e-02 
 1.04823047e+09  1.40030553e-02 
 1.07265796e+09  1.30286636e-02 
 1.09765469e+09  1.26598428e-02 
 1.12323393e+09  1.27984455e-02 
 1.14940927e+09  1.33260036e-02 
 1.17619457e+09  1.39112503e-02 
 1.20360408e+09  1.44479125e-02 
 1.23165232e+09  1.48850992e-02 
 1.26035418e+09  1.52176529e-02 
 1.28972490e+09  1.54698307e-02 
 1.31978006e+09  1.56750935e-02 
 1.35053561e+09  1.58616489e-02 
 1.38200788e+09  1.60475740e-02 
 1.41421356e+09  1.62421597e-02 
 1.44716975e+09  1.64490125e-02 
 1.48089393e+09  1.66686376e-02 
 1.51540401e+09  1.69000157e-02 
 1.55071830e+09  1.71413926e-02 
 1.58685553e+09  1.73906227e-02 
 1.62383489e+09  1.76453935e-02 
 1.66167599e+09  1.79036215e-02 
 1.70039893e+09  1.81641715e-02 
 1.74002425e+09  1.84276480e-02 
 1.78057299e+09  1.86965525e-02 
 1.82206665e+09  1.89743315e-02 
 1.86452726e+09  1.92638990e-02 
 1.90797735e+09  1.95667473e-02 
 1.95243999e+09  1.98830237e-02 
 1.99793876e+09  2.02120989e-02 
 2.04449781e+09  2.05530781e-02 
 2.09214185e+09  2.09050440e-02 
 2.14089617e+09  2.12670492e-02 
 2.19078664e+09  2.16379402e-02 
 2.24183974e+09  2.20161958e-02 
 2.29408255e+09  2.24002924e-02 
 2.34754280e+09  2.27902955e-02 
 2.40224887e+09  2.31895533e-02 
 2.45822978e+09  2.36028884e-02 
 2.51551525e+09  2.40326252e-02 
 2.57413567e+09  2.44781451e-02 
 2.63412215e+09  2.49380175e-02 
 2.69550653e+09  2.54112720e-02 
 2.75832139e+09  2.58975443e-02 
 2.82260005e+09  2.63968804e-02 
 2.88837664e+09  2.69095589e-02 
 2.95568605e+09  2.74359891e-02 
 3.02456401e+09  2.79766626e-02 
 3.09504707e+09  2.85321398e-02 
 3.16717263e+09  2.91030639e-02 
 3.24097898e+09  2.96902164e-02 
 3.31650528e+09  3.02946812e-02 
 3.39379160e+09  3.09184337e-02 
 3.47287898e+09  3.15675805e-02 
 3.55380937e+09  3.23124774e-02 
 3.63662572e+09  3.28085705e-02 
 3.72137199e+09  3.35355933e-02 
 3.80809314e+09  3.42586951e-02 
 3.89683521e+09  3.49991569e-02 
 3.98764528e+09  3.57613031e-02 
 4.08057155e+09  3.65476312e-02 
 4.17566333e+09  3.73605502e-02 
 4.27297108e+09  3.82031817e-02 
 4.37254645e+09  3.90861627e-02 
 4.47444228e+09  3.99841321e-02 
 4.57871264e+09  4.09453117e-02 
 4.68541287e+09  4.19668505e-02 
 4.79459960e+09  4.30988223e-02 
 4.90633076e+09  4.47314425e-02 
 5.02066566e+09  4.52138575e-02 
 5.13766496e+09  4.84553311e-02 
 5.25739076e+09  4.57678555e-02 
 5.37990660e+09  4.93293769e-02 
 5.50527749e+09  4.37146558e-02 
 5.63356997e+09  4.62219860e-02 
 5.76485211e+09  5.01205943e-02 
 5.89919360e+09  5.22820729e-02 
 6.03666571e+09  5.14291373e-02 
 6.17734142e+09  5.43518248e-02 
 6.32129537e+09  5.64411686e-02 
 6.46860395e+09  5.86853163e-02 
 6.61934535e+09  6.14748192e-02 
 6.77359956e+09  5.57784805e-02 
 6.93144843e+09  6.76586226e-02 
 7.09297575e+09  6.53111091e-02 
 7.25826722e+09  5.22838063e-02 
 7.42741057e+09  6.57673748e-02 
 7.60049556e+09  5.20462520e-02 
 7.77761404e+09  6.00071709e-02 
 7.95886001e+09  5.15716135e-02 
 8.14432966e+09  6.30013831e-02 
 8.33412140e+09  6.72181142e-02 
 8.52833597e+09  6.40567503e-02 
 8.72707642e+09  6.89648505e-02 
 8.93044823e+09  7.17402963e-02 
 9.13855932e+09  7.36941084e-02 
 9.35152014e+09  7.60463151e-02 
 9.56944371e+09  7.91830544e-02 
 9.79244566e+09  8.10391985e-02 
 1.00206443e+10  8.35688241e-02 
 1.02541609e+10  8.60403958e-02 
 1.04931192e+10  8.85720497e-02 
 1.07376460e+10  9.11925843e-02 
 1.09878712e+10  9.39244363e-02 
 1.12439276e+10  9.67910668e-02 
 1.15059509e+10  9.98196719e-02 
 1.17740804e+10  1.03042815e-01 
 1.20484582e+10  1.06498527e-01 
 1.23292299e+10  1.10224952e-01 
 1.26165447e+10  1.14234797e-01 
 1.29105549e+10  1.18413612e-01 
 1.32114166e+10  1.22118241e-01 
 1.35192894e+10  1.22632626e-01 
 1.38343368e+10  1.11626150e-01 
 1.41567259e+10  8.97057363e-02 
 1.44866277e+10  1.01733919e-01 
 1.48242175e+10  1.03315125e-01 
 1.51696743e+10  1.06205561e-01 
 1.55231815e+10  1.18024835e-01 
 1.58849266e+10  1.21296030e-01 
 1.62551017e+10  1.24115760e-01 
 1.66339032e+10  1.27886014e-01 
 1.70215321e+10  1.32142237e-01 
 1.74181941e+10  1.36592314e-01 
 1.78240998e+10  1.41040264e-01 
 1.82394645e+10  1.45177734e-01 
 1.86645086e+10  1.48455101e-01 
 1.90994578e+10  1.50792578e-01 
 1.95445429e+10  1.53683548e-01 
 2.00000000e+10  1.57992177e-01 
