 1.00000000e+08  1.85463486e-02 
 1.02330354e+08  1.85845399e-02 
 1.04715014e+08  1.86109271e-02 
 1.07155245e+08  1.86237078e-02 
 1.09652342e+08  1.86209889e-02 
 1.12207630e+08  1.86008164e-02 
 1.14822466e+08  1.85612152e-02 
 1.17498236e+08  1.85002376e-02 
 1.20236362e+08  1.84160225e-02 
 1.23038295e+08  1.83068612e-02 
 1.25905523e+08  1.81712699e-02 
 1.28839568e+08  1.80080633e-02 
 1.31841987e+08  1.78164264e-02 
 1.34914372e+08  1.75959790e-02 
 1.38058355e+08  1.73468268e-02 
 1.41275604e+08  1.70695951e-02 
 1.44567827e+08  1.67654407e-02 
 1.47936769e+08  1.64360401e-02 
 1.51384220e+08  1.60835526e-02 
 1.54912009e+08  1.57105615e-02 
 1.58522008e+08  1.53199977e-02 
 1.62216133e+08  1.49150487e-02 
 1.65996343e+08  1.44990626e-02 
 1.69864646e+08  1.40754512e-02 
 1.73823095e+08  1.36475994e-02 
 1.77873789e+08  1.32187846e-02 
 1.82018879e+08  1.27921107e-02 
 1.86260564e+08  1.23704565e-02 
 1.90601095e+08  1.19564407e-02 
 1.95042776e+08  1.15524010e-02 
 1.99587964e+08  1.11603867e-02 
 2.04239071e+08  1.07821614e-02 
 2.08998565e+08  1.04192148e-02 
 2.13868972e+08  1.00727798e-02 
 2.18852877e+08  9.74385373e-03 
 2.23952925e+08  9.43322178e-03 
 2.29171822e+08  9.14148110e-03 
 2.34512337e+08  8.86906476e-03 
 2.39977306e+08  8.61626517e-03 
 2.45569627e+08  8.38325682e-03 
 2.51292270e+08  8.17011876e-03 
 2.57148271e+08  7.97685769e-03 
 2.63140737e+08  7.80343326e-03 
 2.69272848e+08  7.64978807e-03 
 2.75547860e+08  7.51588662e-03 
 2.81969102e+08  7.40177055e-03 
 2.88539981e+08  7.30764378e-03 
 2.95263985e+08  7.23401432e-03 
 3.02144683e+08  7.18195086e-03 
 3.09185725e+08  7.15359079e-03 
 3.16390848e+08  7.15326493e-03 
 3.23763876e+08  7.19037892e-03 
 3.31308722e+08  7.28849898e-03 
 3.39029389e+08  7.52492142e-03 
 3.46929975e+08  8.33097195e-03 
 3.55014673e+08  1.10891518e-02 
 3.63287773e+08  8.47063266e-03 
 3.71753666e+08  1.01616092e-02 
 3.80416844e+08  1.19714671e-02 
 3.89281904e+08  8.49114616e-03 
 3.98353552e+08  7.69479471e-03 
 4.07636602e+08  7.62349404e-03 
 4.17135980e+08  7.86907946e-03 
 4.26856726e+08  9.30126662e-03 
 4.36804001e+08  8.37622677e-03 
 4.46983082e+08  1.07318266e-02 
 4.57399372e+08  8.48789914e-03 
 4.68058398e+08  8.53240947e-03 
 4.78965818e+08  1.04278093e-02 
 4.90127419e+08  9.52039661e-03 
 5.01549125e+08  8.45561131e-03 
 5.13236997e+08  8.44899505e-03 
 5.25197238e+08  8.63118403e-03 
 5.37436195e+08  8.89683683e-03 
 5.49960363e+08  9.63989092e-03 
 5.62776388e+08  1.00284290e-02 
 5.75891073e+08  9.15777314e-03 
 5.89311376e+08  7.31925565e-03 
 6.03044419e+08  8.24426781e-03 
 6.17097492e+08  8.68162431e-03 
 6.31478050e+08  9.12321244e-03 
 6.46193727e+08  9.48291889e-03 
 6.61252331e+08  1.01026630e-02 
 6.76661854e+08  9.17643723e-03 
 6.92430473e+08  1.01229609e-02 
 7.08566557e+08  1.06852500e-02 
 7.25078669e+08  1.12500361e-02 
 7.41975572e+08  1.18915265e-02 
 7.59266232e+08  1.26591938e-02 
 7.76959826e+08  1.35998057e-02 
 7.95065744e+08  1.47375318e-02 
 8.13593593e+08  1.59883394e-02 
 8.32553207e+08  1.69802496e-02 
 8.51954648e+08  1.70488000e-02 
 8.71808210e+08  1.59721118e-02 
 8.92124431e+08  1.44261901e-02 
 9.12914092e+08  1.30950560e-02 
 9.34188226e+08  1.21754687e-02 
 9.55958123e+08  1.16134050e-02 
 9.78235335e+08  1.13287111e-02 
 1.00103169e+09  1.13134638e-02 
 1.02435927e+09  1.17327008e-02 
 1.04823047e+09  1.23541877e-02 
 1.07265796e+09  1.19201284e-02 
 1.09765469e+09  1.22101016e-02 
 1.12323393e+09  1.28196647e-02 
 1.14940927e+09  1.35131063e-02 
 1.17619457e+09  1.41046740e-02 
 1.20360408e+09  1.45285249e-02 
 1.23165232e+09  1.47796045e-02 
 1.26035418e+09  1.48960289e-02 
 1.28972490e+09  1.49361876e-02 
 1.31978006e+09  1.49541070e-02 
 1.35053561e+09  1.49856500e-02 
 1.38200788e+09  1.50479826e-02 
 1.41421356e+09  1.51455160e-02 
 1.44716975e+09  1.52760367e-02 
 1.48089393e+09  1.54347216e-02 
 1.51540401e+09  1.56161516e-02 
 1.55071830e+09  1.58150745e-02 
 1.58685553e+09  1.60265808e-02 
 1.62383489e+09  1.62461988e-02 
 1.66167599e+09  1.64702951e-02 
 1.70039893e+09  1.66969334e-02 
 1.74002425e+09  1.69267822e-02 
 1.78057299e+09  1.71631010e-02 
 1.82206665e+09  1.74102630e-02 
 1.86452726e+09  1.76717207e-02 
 1.90797735e+09  1.79489126e-02 
 1.95243999e+09  1.82415009e-02 
 1.99793876e+09  1.85482081e-02 
 2.04449781e+09  1.88675114e-02 
 2.09214185e+09  1.91979458e-02 
 2.14089617e+09  1.95380666e-02 
 2.19078664e+09  1.98862009e-02 
 2.24183974e+09  2.02402380e-02 
 2.29408255e+09  2.05981368e-02 
 2.34754280e+09  2.09600338e-02 
 2.40224887e+09  2.13303803e-02 
 2.45822978e+09  2.17154092e-02 
 2.51551525e+09  2.21179268e-02 
 2.57413567e+09  2.25368851e-02 
 2.63412215e+09  2.29702516e-02 
 2.69550653e+09  2.34166565e-02 
 2.75832139e+09  2.38755491e-02 
 2.82260005e+09  2.43469232e-02 
 2.88837664e+09  2.48310790e-02 
 2.95568605e+09  2.53284873e-02 
 3.02456401e+09  2.58397277e-02 
 3.09504707e+09  2.63654713e-02 
 3.16717263e+09  2.69064992e-02 
 3.24097898e+09  2.74637745e-02 
 3.31650528e+09  2.80386516e-02 
 3.39379160e+09  2.86336231e-02 
 3.47287898e+09  2.92564215e-02 
 3.55380937e+09  2.99956682e-02 
 3.63662572e+09  3.04162716e-02 
 3.72137199e+09  3.11250541e-02 
 3.80809314e+09  3.18245891e-02 
 3.89683521e+09  3.25420643e-02 
 3.98764528e+09  3.32831231e-02 
 4.08057155e+09  3.40511367e-02 
 4.17566333e+09  3.48494303e-02 
 4.27297108e+09  3.56823387e-02 
 4.37254645e+09  3.65643118e-02 
 4.47444228e+09  3.74616548e-02 
 4.57871264e+09  3.84392017e-02 
 4.68541287e+09  3.94934250e-02 
 4.79459960e+09  4.06908802e-02 
 4.90633076e+09  4.25439417e-02 
 5.02066566e+09  4.28894215e-02 
 5.13766496e+09  4.68582651e-02 
 5.25739076e+09  4.30733519e-02 
 5.37990660e+09  4.75094520e-02 
 5.50527749e+09  3.97334362e-02 
 5.63356997e+09  4.25405083e-02 
 5.76485211e+09  4.76988693e-02 
 5.89919360e+09  5.06301997e-02 
 6.03666571e+09  4.81453450e-02 
 6.17734142e+09  5.23835884e-02 
 6.32129537e+09  5.51953639e-02 
 6.46860395e+09  5.83136584e-02 
 6.61934535e+09  6.24324543e-02 
 6.77359956e+09  5.41352959e-02 
 6.93144843e+09  7.38464858e-02 
 7.09297575e+09  7.21850757e-02 
 7.25826722e+09  4.00645492e-02 
 7.42741057e+09  5.69038418e-02 
 7.60049556e+09  5.27093369e-02 
 7.77761404e+09  6.68093314e-02 
 7.95886001e+09  3.80208948e-02 
 8.14432966e+09  7.62800381e-02 
 8.33412140e+09  6.25528958e-02 
 8.52833597e+09  2.49156722e-02 
 8.72707642e+09  5.39458789e-02 
 8.93044823e+09  6.54150514e-02 
 9.13855932e+09  4.45679450e-02 
 9.35152014e+09  5.32413444e-02 
 9.56944371e+09  5.99139618e-02 
 9.79244566e+09  5.36951510e-02 
 1.00206443e+10  6.70479303e-02 
 1.02541609e+10  7.06083059e-02 
 1.04931192e+10  7.37287923e-02 
 1.07376460e+10  7.67249082e-02 
 1.09878712e+10  7.97130983e-02 
 1.12439276e+10  8.27634620e-02 
 1.15059509e+10  8.59322110e-02 
 1.17740804e+10  8.92737972e-02 
 1.20484582e+10  9.28463751e-02 
 1.23292299e+10  9.67105577e-02 
 1.26165447e+10  1.00908450e-01 
 1.29105549e+10  1.05367475e-01 
 1.32114166e+10  1.09498157e-01 
 1.35192894e+10  1.10570358e-01 
 1.38343368e+10  9.94755438e-02 
 1.41567259e+10  7.35589801e-02 
 1.44866277e+10  8.38487230e-02 
 1.48242175e+10  8.64629076e-02 
 1.51696743e+10  8.75304171e-02 
 1.55231815e+10  1.00182822e-01 
 1.58849266e+10  1.03289637e-01 
 1.62551017e+10  1.05722754e-01 
 1.66339032e+10  1.09189581e-01 
 1.70215321e+10  1.13204966e-01 
 1.74181941e+10  1.17443491e-01 
 1.78240998e+10  1.21684913e-01 
 1.82394645e+10  1.25580482e-01 
 1.86645086e+10  1.28486941e-01 
 1.90994578e+10  1.30241726e-01 
 1.95445429e+10  1.32513179e-01 
 2.00000000e+10  1.36372411e-01 
