 1.00000000e+08  1.92084812e-02 
 1.02330354e+08  1.92427570e-02 
 1.04715014e+08  1.92638949e-02 
 1.07155245e+08  1.92700468e-02 
 1.09652342e+08  1.92592920e-02 
 1.12207630e+08  1.92296719e-02 
 1.14822466e+08  1.91792335e-02 
 1.17498236e+08  1.91060844e-02 
 1.20236362e+08  1.90084555e-02 
 1.23038295e+08  1.88847722e-02 
 1.25905523e+08  1.87337303e-02 
 1.28839568e+08  1.85543726e-02 
 1.31841987e+08  1.83461627e-02 
 1.34914372e+08  1.81090488e-02 
 1.38058355e+08  1.78435137e-02 
 1.41275604e+08  1.75506043e-02 
 1.44567827e+08  1.72319383e-02 
 1.47936769e+08  1.68896850e-02 
 1.51384220e+08  1.65265197e-02 
 1.54912009e+08  1.61455563e-02 
 1.58522008e+08  1.57502593e-02 
 1.62216133e+08  1.53443443e-02 
 1.65996343e+08  1.49316714e-02 
 1.69864646e+08  1.45161394e-02 
 1.73823095e+08  1.41015863e-02 
 1.77873789e+08  1.36917014e-02 
 1.82018879e+08  1.32899517e-02 
 1.86260564e+08  1.28995238e-02 
 1.90601095e+08  1.25232823e-02 
 1.95042776e+08  1.21637437e-02 
 1.99587964e+08  1.18230624e-02 
 2.04239071e+08  1.15030289e-02 
 2.08998565e+08  1.12050771e-02 
 2.13868972e+08  1.09302981e-02 
 2.18852877e+08  1.06794598e-02 
 2.23952925e+08  1.04530308e-02 
 2.29171822e+08  1.02512072e-02 
 2.34512337e+08  1.00739423e-02 
 2.39977306e+08  9.92097887e-03 
 2.45569627e+08  9.79188266e-03 
 2.51292270e+08  9.68607890e-03 
 2.57148271e+08  9.60289048e-03 
 2.63140737e+08  9.54157919e-03 
 2.69272848e+08  9.50139098e-03 
 2.75547860e+08  9.48160810e-03 
 2.81969102e+08  9.48161318e-03 
 2.88539981e+08  9.50097568e-03 
 2.95263985e+08  9.53958148e-03 
 3.02144683e+08  9.59785034e-03 
 3.09185725e+08  9.67714462e-03 
 3.16390848e+08  9.78063727e-03 
 3.23763876e+08  9.91544389e-03 
 3.31308722e+08  1.00990004e-02 
 3.39029389e+08  1.03848148e-02 
 3.46929975e+08  1.10343461e-02 
 3.55014673e+08  1.20622011e-02 
 3.63287773e+08  1.08591133e-02 
 3.71753666e+08  1.21628231e-02 
 3.80416844e+08  1.28963720e-02 
 3.89281904e+08  1.08441397e-02 
 3.98353552e+08  1.06778618e-02 
 4.07636602e+08  1.08393725e-02 
 4.17135980e+08  1.11088656e-02 
 4.26856726e+08  1.17392846e-02 
 4.36804001e+08  1.16119752e-02 
 4.46983082e+08  1.26053319e-02 
 4.57399372e+08  1.20312955e-02 
 4.68058398e+08  1.24559542e-02 
 4.78965818e+08  1.33039204e-02 
 4.90127419e+08  1.29782080e-02 
 5.01549125e+08  1.34362761e-02 
 5.13236997e+08  1.47194980e-02 
 5.25197238e+08  1.55317484e-02 
 5.37436195e+08  1.55869272e-02 
 5.49960363e+08  2.15985735e-02 
 5.62776388e+08  1.67468404e-02 
 5.75891073e+08  1.71265050e-02 
 5.89311376e+08  1.64296432e-02 
 6.03044419e+08  6.86859489e-03 
 6.17097492e+08  9.64412442e-03 
 6.31478050e+08  1.11779066e-02 
 6.46193727e+08  1.21593550e-02 
 6.61252331e+08  1.30179680e-02 
 6.76661854e+08  1.35632632e-02 
 6.92430473e+08  1.42872837e-02 
 7.08566557e+08  1.51100940e-02 
 7.25078669e+08  1.60404132e-02 
 7.41975572e+08  1.71550304e-02 
 7.59266232e+08  1.85432394e-02 
 7.76959826e+08  2.03094365e-02 
 7.95065744e+08  2.25335935e-02 
 8.13593593e+08  2.51139009e-02 
 8.32553207e+08  2.74107777e-02 
 8.51954648e+08  2.81373348e-02 
 8.71808210e+08  2.66318976e-02 
 8.92124431e+08  2.39114033e-02 
 9.12914092e+08  2.12432316e-02 
 9.34188226e+08  1.91179087e-02 
 9.55958123e+08  1.75471627e-02 
 9.78235335e+08  1.64581277e-02 
 1.00103169e+09  1.59351171e-02 
 1.02435927e+09  1.65860623e-02 
 1.04823047e+09  1.81606856e-02 
 1.07265796e+09  1.66713143e-02 
 1.09765469e+09  1.72386082e-02 
 1.12323393e+09  1.91577009e-02 
 1.14940927e+09  2.15240722e-02 
 1.17619457e+09  2.37370545e-02 
 1.20360408e+09  2.54757342e-02 
 1.23165232e+09  2.66036859e-02 
 1.26035418e+09  2.71463345e-02 
 1.28972490e+09  2.72486304e-02 
 1.31978006e+09  2.70988396e-02 
 1.35053561e+09  2.68592848e-02 
 1.38200788e+09  2.66338966e-02 
 1.41421356e+09  2.64679933e-02 
 1.44716975e+09  2.63636687e-02 
 1.48089393e+09  2.62992502e-02 
 1.51540401e+09  2.62469632e-02 
 1.55071830e+09  2.61853194e-02 
 1.58685553e+09  2.61046282e-02 
 1.62383489e+09  2.60065097e-02 
 1.66167599e+09  2.58998925e-02 
 1.70039893e+09  2.57958566e-02 
 1.74002425e+09  2.57029671e-02 
 1.78057299e+09  2.56245900e-02 
 1.82206665e+09  2.55592493e-02 
 1.86452726e+09  2.55032348e-02 
 1.90797735e+09  2.54531499e-02 
 1.95243999e+09  2.54069437e-02 
 1.99793876e+09  2.53637615e-02 
 2.04449781e+09  2.53235619e-02 
 2.09214185e+09  2.52870128e-02 
 2.14089617e+09  2.52556427e-02 
 2.19078664e+09  2.52319515e-02 
 2.24183974e+09  2.52191897e-02 
 2.29408255e+09  2.52207779e-02 
 2.34754280e+09  2.52396802e-02 
 2.40224887e+09  2.52775209e-02 
 2.45822978e+09  2.53332420e-02 
 2.51551525e+09  2.54033979e-02 
 2.57413567e+09  2.54843486e-02 
 2.63412215e+09  2.55736063e-02 
 2.69550653e+09  2.56697830e-02 
 2.75832139e+09  2.57721626e-02 
 2.82260005e+09  2.58803938e-02 
 2.88837664e+09  2.59943300e-02 
 2.95568605e+09  2.61139507e-02 
 3.02456401e+09  2.62393239e-02 
 3.09504707e+09  2.63705908e-02 
 3.16717263e+09  2.65079634e-02 
 3.24097898e+09  2.66517415e-02 
 3.31650528e+09  2.68023720e-02 
 3.39379160e+09  2.69606647e-02 
 3.47287898e+09  2.71289646e-02 
 3.55380937e+09  2.73300322e-02 
 3.63662572e+09  2.74448617e-02 
 3.72137199e+09  2.76460063e-02 
 3.80809314e+09  2.78461478e-02 
 3.89683521e+09  2.80543052e-02 
 3.98764528e+09  2.82725233e-02 
 4.08057155e+09  2.85021419e-02 
 4.17566333e+09  2.87444267e-02 
 4.27297108e+09  2.90004123e-02 
 4.37254645e+09  2.92612603e-02 
 4.47444228e+09  2.95781457e-02 
 4.57871264e+09  2.98939871e-02 
 4.68541287e+09  3.02448241e-02 
 4.79459960e+09  3.06531512e-02 
 4.90633076e+09  3.13015827e-02 
 5.02066566e+09  3.14216202e-02 
 5.13766496e+09  3.28415257e-02 
 5.25739076e+09  3.15099948e-02 
 5.37990660e+09  3.31544227e-02 
 5.50527749e+09  3.02001846e-02 
 5.63356997e+09  3.12710690e-02 
 5.76485211e+09  3.32872624e-02 
 5.89919360e+09  3.44008009e-02 
 6.03666571e+09  3.38868511e-02 
 6.17734142e+09  3.55316272e-02 
 6.32129537e+09  3.68181111e-02 
 6.46860395e+09  3.83533640e-02 
 6.61934535e+09  4.04794214e-02 
 6.77359956e+09  3.73159212e-02 
 6.93144843e+09  4.67652678e-02 
 7.09297575e+09  4.54395832e-02 
 7.25826722e+09  3.20380836e-02 
 7.42741057e+09  4.56340776e-02 
 7.60049556e+09  3.34055023e-02 
 7.77761404e+09  8.20736717e-02 
 7.95886001e+09  1.80743420e-02 
 8.14432966e+09  2.54041357e-02 
 8.33412140e+09  2.98712152e-02 
 8.52833597e+09  2.91035485e-02 
 8.72707642e+09  2.99515791e-02 
 8.93044823e+09  3.27722066e-02 
 9.13855932e+09  3.49317753e-02 
 9.35152014e+09  2.81929997e-02 
 9.56944371e+09  3.61239064e-02 
 9.79244566e+09  3.73147059e-02 
 1.00206443e+10  3.87418879e-02 
 1.02541609e+10  4.00057471e-02 
 1.04931192e+10  4.12512196e-02 
 1.07376460e+10  4.25173558e-02 
 1.09878712e+10  4.38294116e-02 
 1.12439276e+10  4.52098404e-02 
 1.15059509e+10  4.66825799e-02 
 1.17740804e+10  4.82760019e-02 
 1.20484582e+10  5.00256346e-02 
 1.23292299e+10  5.19760867e-02 
 1.26165447e+10  5.41774673e-02 
 1.29105549e+10  5.66541991e-02 
 1.32114166e+10  5.92448225e-02 
 1.35192894e+10  6.08709705e-02 
 1.38343368e+10  5.73428804e-02 
 1.41567259e+10  4.61229764e-02 
 1.44866277e+10  5.06103544e-02 
 1.48242175e+10  5.36283599e-02 
 1.51696743e+10  4.66100518e-02 
 1.55231815e+10  5.09830256e-02 
 1.58849266e+10  5.63144900e-02 
 1.62551017e+10  5.93080323e-02 
 1.66339032e+10  6.20538817e-02 
 1.70215321e+10  6.49230160e-02 
 1.74181941e+10  6.79798515e-02 
 1.78240998e+10  7.12266926e-02 
 1.82394645e+10  7.45815831e-02 
 1.86645086e+10  7.78018736e-02 
 1.90994578e+10  8.07717880e-02 
 1.95445429e+10  8.42097909e-02 
 2.00000000e+10  8.87893800e-02 
