 1.00000000e+08  1.90735631e-02 
 1.02330354e+08  1.90277357e-02 
 1.04715014e+08  1.89646347e-02 
 1.07155245e+08  1.88827690e-02 
 1.09652342e+08  1.87807277e-02 
 1.12207630e+08  1.86572288e-02 
 1.14822466e+08  1.85111704e-02 
 1.17498236e+08  1.83416841e-02 
 1.20236362e+08  1.81481863e-02 
 1.23038295e+08  1.79304247e-02 
 1.25905523e+08  1.76885169e-02 
 1.28839568e+08  1.74229766e-02 
 1.31841987e+08  1.71347266e-02 
 1.34914372e+08  1.68250947e-02 
 1.38058355e+08  1.64957928e-02 
 1.41275604e+08  1.61488801e-02 
 1.44567827e+08  1.57867115e-02 
 1.47936769e+08  1.54118750e-02 
 1.51384220e+08  1.50271222e-02 
 1.54912009e+08  1.46352947e-02 
 1.58522008e+08  1.42392526e-02 
 1.62216133e+08  1.38418076e-02 
 1.65996343e+08  1.34456639e-02 
 1.69864646e+08  1.30533691e-02 
 1.73823095e+08  1.26672762e-02 
 1.77873789e+08  1.22895166e-02 
 1.82018879e+08  1.19219837e-02 
 1.86260564e+08  1.15663262e-02 
 1.90601095e+08  1.12239492e-02 
 1.95042776e+08  1.08960221e-02 
 1.99587964e+08  1.05834912e-02 
 2.04239071e+08  1.02870967e-02 
 2.08998565e+08  1.00073913e-02 
 2.13868972e+08  9.74476120e-03 
 2.18852877e+08  9.49944838e-03 
 2.23952925e+08  9.27157443e-03 
 2.29171822e+08  9.06116673e-03 
 2.34512337e+08  8.86818916e-03 
 2.39977306e+08  8.69258144e-03 
 2.45569627e+08  8.53431597e-03 
 2.51292270e+08  8.39349062e-03 
 2.57148271e+08  8.27049975e-03 
 2.63140737e+08  8.16638864e-03 
 2.69272848e+08  8.08368057e-03 
 2.75547860e+08  8.02859136e-03 
 2.81969102e+08  8.01809615e-03 
 2.88539981e+08  8.10882427e-03 
 2.95263985e+08  8.57165678e-03 
 3.02144683e+08  1.19227260e-02 
 3.09185725e+08  1.31421972e-02 
 3.16390848e+08  8.96165165e-03 
 3.23763876e+08  8.33757644e-03 
 3.31308722e+08  8.23392492e-03 
 3.39029389e+08  8.42205528e-03 
 3.46929975e+08  9.61206115e-03 
 3.55014673e+08  1.52913210e-02 
 3.63287773e+08  8.97836683e-03 
 3.71753666e+08  8.35201987e-03 
 3.80416844e+08  8.30131002e-03 
 3.89281904e+08  8.40408076e-03 
 3.98353552e+08  8.65457845e-03 
 4.07636602e+08  9.35655756e-03 
 4.17135980e+08  1.18687581e-02 
 4.26856726e+08  9.34236207e-03 
 4.36804001e+08  1.22834430e-02 
 4.46983082e+08  8.77971447e-03 
 4.57399372e+08  8.82947284e-03 
 4.68058398e+08  9.07320627e-03 
 4.78965818e+08  9.44171568e-03 
 4.90127419e+08  1.01502207e-02 
 5.01549125e+08  1.15235107e-02 
 5.13236997e+08  1.03060227e-02 
 5.25197238e+08  1.15475258e-02 
 5.37436195e+08  1.43289798e-02 
 5.49960363e+08  1.36955696e-02 
 5.62776388e+08  1.16079607e-02 
 5.75891073e+08  1.10233527e-02 
 5.89311376e+08  1.20077216e-02 
 6.03044419e+08  1.17974993e-02 
 6.17097492e+08  1.35757419e-02 
 6.31478050e+08  1.37244009e-02 
 6.46193727e+08  1.50832543e-02 
 6.61252331e+08  2.22979856e-02 
 6.76661854e+08  2.69820793e-02 
 6.92430473e+08  1.08482995e-02 
 7.08566557e+08  9.16445440e-03 
 7.25078669e+08  1.05206848e-02 
 7.41975572e+08  1.10553016e-02 
 7.59266232e+08  1.08347084e-02 
 7.76959826e+08  9.67969963e-03 
 7.95065744e+08  1.13051568e-02 
 8.13593593e+08  1.27918486e-02 
 8.32553207e+08  1.03820281e-02 
 8.51954648e+08  1.13342052e-02 
 8.71808210e+08  1.26045345e-02 
 8.92124431e+08  1.43709877e-02 
 9.12914092e+08  1.36234621e-02 
 9.34188226e+08  1.53552238e-02 
 9.55958123e+08  1.53752614e-02 
 9.78235335e+08  1.71005640e-02 
 1.00103169e+09  1.56992337e-02 
 1.02435927e+09  1.61439311e-02 
 1.04823047e+09  1.66632761e-02 
 1.07265796e+09  1.60494115e-02 
 1.09765469e+09  2.17406426e-02 
 1.12323393e+09  2.12731004e-02 
 1.14940927e+09  1.77618362e-02 
 1.17619457e+09  1.82596637e-02 
 1.20360408e+09  9.80202654e-03 
 1.23165232e+09  1.41867999e-02 
 1.26035418e+09  1.25383583e-02 
 1.28972490e+09  1.20633619e-02 
 1.31978006e+09  1.33037690e-02 
 1.35053561e+09  1.46728625e-02 
 1.38200788e+09  1.57427690e-02 
 1.41421356e+09  1.73535346e-02 
 1.44716975e+09  1.52873727e-02 
 1.48089393e+09  1.89089850e-02 
 1.51540401e+09  2.11274074e-02 
 1.55071830e+09  2.31762115e-02 
 1.58685553e+09  2.71308980e-02 
 1.62383489e+09  3.28904027e-02 
 1.66167599e+09  2.46612211e-02 
 1.70039893e+09  1.61926009e-02 
 1.74002425e+09  1.62714571e-02 
 1.78057299e+09  2.00173490e-02 
 1.82206665e+09  2.46937270e-02 
 1.86452726e+09  3.24426164e-02 
 1.90797735e+09  1.32801685e-02 
 1.95243999e+09  1.96318079e-02 
 1.99793876e+09  2.11513634e-02 
 2.04449781e+09  2.34614976e-02 
 2.09214185e+09  2.53343080e-02 
 2.14089617e+09  2.70002213e-02 
 2.19078664e+09  2.85767611e-02 
 2.24183974e+09  3.01368070e-02 
 2.29408255e+09  3.17611616e-02 
 2.34754280e+09  3.35353230e-02 
 2.40224887e+09  3.36464091e-02 
 2.45822978e+09  2.36655519e-02 
 2.51551525e+09  2.96717526e-02 
 2.57413567e+09  3.22764502e-02 
 2.63412215e+09  3.38114669e-02 
 2.69550653e+09  3.49368774e-02 
 2.75832139e+09  3.58485911e-02 
 2.82260005e+09  3.66240339e-02 
 2.88837664e+09  3.73001715e-02 
 2.95568605e+09  3.78969126e-02 
 3.02456401e+09  3.84257903e-02 
 3.09504707e+09  3.88937805e-02 
 3.16717263e+09  3.93052435e-02 
 3.24097898e+09  3.96630398e-02 
 3.31650528e+09  3.99692282e-02 
 3.39379160e+09  4.02255223e-02 
 3.47287898e+09  4.04335886e-02 
 3.55380937e+09  4.05952326e-02 
 3.63662572e+09  4.07125009e-02 
 3.72137199e+09  4.07877203e-02 
 3.80809314e+09  4.08234926e-02 
 3.89683521e+09  4.08226573e-02 
 3.98764528e+09  4.07882356e-02 
 4.08057155e+09  4.07233652e-02 
 4.17566333e+09  4.06312323e-02 
 4.27297108e+09  4.05150082e-02 
 4.37254645e+09  4.03777924e-02 
 4.47444228e+09  4.02225650e-02 
 4.57871264e+09  4.00521498e-02 
 4.68541287e+09  3.98691866e-02 
 4.79459960e+09  3.96761134e-02 
 4.90633076e+09  3.94751569e-02 
 5.02066566e+09  3.92683294e-02 
 5.13766496e+09  3.90574315e-02 
 5.25739076e+09  3.88440595e-02 
 5.37990660e+09  3.86296153e-02 
 5.50527749e+09  3.84153183e-02 
 5.63356997e+09  3.82022196e-02 
 5.76485211e+09  3.79912154e-02 
 5.89919360e+09  3.77830617e-02 
 6.03666571e+09  3.75783872e-02 
 6.17734142e+09  3.73777072e-02 
 6.32129537e+09  3.71814347e-02 
 6.46860395e+09  3.69898916e-02 
 6.61934535e+09  3.68033176e-02 
 6.77359956e+09  3.66218771e-02 
 6.93144843e+09  3.64456631e-02 
 7.09297575e+09  3.62746963e-02 
 7.25826722e+09  3.61089144e-02 
 7.42741057e+09  3.59481412e-02 
 7.60049556e+09  3.57920049e-02 
 7.77761404e+09  3.56397053e-02 
 7.95886001e+09  3.54892152e-02 
 8.14432966e+09  3.53334277e-02 
 8.33412140e+09  3.51213769e-02 
 8.52833597e+09  3.12246144e-02 
 8.72707642e+09  3.50185620e-02 
 8.93044823e+09  3.48982652e-02 
 9.13855932e+09  3.47816851e-02 
 9.35152014e+09  3.46707369e-02 
 9.56944371e+09  3.45649804e-02 
 9.79244566e+09  3.44639800e-02 
 1.00206443e+10  3.43674123e-02 
 1.02541609e+10  3.42750240e-02 
 1.04931192e+10  3.41866032e-02 
 1.07376460e+10  3.41019621e-02 
 1.09878712e+10  3.40209280e-02 
 1.12439276e+10  3.39433375e-02 
 1.15059509e+10  3.38690327e-02 
 1.17740804e+10  3.37978569e-02 
 1.20484582e+10  3.37296501e-02 
 1.23292299e+10  3.36642405e-02 
 1.26165447e+10  3.36014281e-02 
 1.29105549e+10  3.35409474e-02 
 1.32114166e+10  3.34823647e-02 
 1.35192894e+10  3.34247265e-02 
 1.38343368e+10  3.33647942e-02 
 1.41567259e+10  3.32756334e-02 
 1.44866277e+10  3.32834583e-02 
 1.48242175e+10  3.32576120e-02 
 1.51696743e+10  3.32088875e-02 
 1.55231815e+10  3.31647453e-02 
 1.58849266e+10  3.31235472e-02 
 1.62551017e+10  3.30846436e-02 
 1.66339032e+10  3.30477171e-02 
 1.70215321e+10  3.30125766e-02 
 1.74181941e+10  3.29790877e-02 
 1.78240998e+10  3.29471455e-02 
 1.82394645e+10  3.29166619e-02 
 1.86645086e+10  3.28875596e-02 
 1.90994578e+10  3.28597689e-02 
 1.95445429e+10  3.28332256e-02 
 2.00000000e+10  3.28078700e-02 
