 1.00000000e+08  1.92658848e-02 
 1.02330354e+08  1.92343808e-02 
 1.04715014e+08  1.91853237e-02 
 1.07155245e+08  1.91171459e-02 
 1.09652342e+08  1.90283633e-02 
 1.12207630e+08  1.89176272e-02 
 1.14822466e+08  1.87837813e-02 
 1.17498236e+08  1.86259209e-02 
 1.20236362e+08  1.84434509e-02 
 1.23038295e+08  1.82361407e-02 
 1.25905523e+08  1.80041694e-02 
 1.28839568e+08  1.77481602e-02 
 1.31841987e+08  1.74691989e-02 
 1.34914372e+08  1.71688345e-02 
 1.38058355e+08  1.68490606e-02 
 1.41275604e+08  1.65122772e-02 
 1.44567827e+08  1.61612357e-02 
 1.47936769e+08  1.57989692e-02 
 1.51384220e+08  1.54287131e-02 
 1.54912009e+08  1.50538193e-02 
 1.58522008e+08  1.46776713e-02 
 1.62216133e+08  1.43036015e-02 
 1.65996343e+08  1.39348176e-02 
 1.69864646e+08  1.35743380e-02 
 1.73823095e+08  1.32249396e-02 
 1.77873789e+08  1.28891180e-02 
 1.82018879e+08  1.25690601e-02 
 1.86260564e+08  1.22666277e-02 
 1.90601095e+08  1.19833520e-02 
 1.95042776e+08  1.17204373e-02 
 1.99587964e+08  1.14787720e-02 
 2.04239071e+08  1.12589467e-02 
 2.08998565e+08  1.10612783e-02 
 2.13868972e+08  1.08858395e-02 
 2.18852877e+08  1.07324931e-02 
 2.23952925e+08  1.06009329e-02 
 2.29171822e+08  1.04907338e-02 
 2.34512337e+08  1.04014147e-02 
 2.39977306e+08  1.03325299e-02 
 2.45569627e+08  1.02838167e-02 
 2.51292270e+08  1.02554745e-02 
 2.57148271e+08  1.02487781e-02 
 2.63140737e+08  1.02676589e-02 
 2.69272848e+08  1.03235986e-02 
 2.75547860e+08  1.04549427e-02 
 2.81969102e+08  1.08362551e-02 
 2.88539981e+08  1.27998346e-02 
 2.95263985e+08  1.42848892e-02 
 3.02144683e+08  1.15226684e-02 
 3.09185725e+08  1.11330599e-02 
 3.16390848e+08  1.11965810e-02 
 3.23763876e+08  1.15695429e-02 
 3.31308722e+08  1.28647376e-02 
 3.39029389e+08  2.04157782e-02 
 3.46929975e+08  1.34568765e-02 
 3.55014673e+08  1.15313612e-02 
 3.63287773e+08  1.12949210e-02 
 3.71753666e+08  1.13083351e-02 
 3.80416844e+08  1.12669039e-02 
 3.89281904e+08  1.14321544e-02 
 3.98353552e+08  1.16367482e-02 
 4.07636602e+08  1.17978156e-02 
 4.17135980e+08  1.19653870e-02 
 4.26856726e+08  1.21485759e-02 
 4.36804001e+08  1.23652190e-02 
 4.46983082e+08  1.27778844e-02 
 4.57399372e+08  1.28993274e-02 
 4.68058398e+08  1.33176901e-02 
 4.78965818e+08  1.36628790e-02 
 4.90127419e+08  1.52089720e-02 
 5.01549125e+08  1.35244566e-02 
 5.13236997e+08  1.35095177e-02 
 5.25197238e+08  1.38114910e-02 
 5.37436195e+08  1.45397853e-02 
 5.49960363e+08  1.53365344e-02 
 5.62776388e+08  1.68070549e-02 
 5.75891073e+08  1.88901210e-02 
 5.89311376e+08  2.05906475e-02 
 6.03044419e+08  1.96339301e-02 
 6.17097492e+08  1.68646137e-02 
 6.31478050e+08  2.15197568e-02 
 6.46193727e+08  2.07548741e-02 
 6.61252331e+08  2.83624436e-02 
 6.76661854e+08  1.67146580e-02 
 6.92430473e+08  1.29720193e-02 
 7.08566557e+08  1.23965817e-02 
 7.25078669e+08  1.06484170e-02 
 7.41975572e+08  1.26027346e-02 
 7.59266232e+08  1.34163909e-02 
 7.76959826e+08  1.34070595e-02 
 7.95065744e+08  8.87974250e-03 
 8.13593593e+08  1.42736473e-02 
 8.32553207e+08  1.62601118e-02 
 8.51954648e+08  9.72248246e-03 
 8.71808210e+08  1.54455910e-02 
 8.92124431e+08  1.51034658e-02 
 9.12914092e+08  1.46165637e-02 
 9.34188226e+08  1.55628571e-02 
 9.55958123e+08  1.56354376e-02 
 9.78235335e+08  1.57844957e-02 
 1.00103169e+09  1.78046989e-02 
 1.02435927e+09  1.24710748e-02 
 1.04823047e+09  1.59868558e-02 
 1.07265796e+09  1.63619946e-02 
 1.09765469e+09  1.60927722e-02 
 1.12323393e+09  1.72202111e-02 
 1.14940927e+09  1.76706616e-02 
 1.17619457e+09  1.72876931e-02 
 1.20360408e+09  1.81016090e-02 
 1.23165232e+09  1.94406163e-02 
 1.26035418e+09  1.79044651e-02 
 1.28972490e+09  2.01480698e-02 
 1.31978006e+09  1.82581525e-02 
 1.35053561e+09  1.88322461e-02 
 1.38200788e+09  2.02804128e-02 
 1.41421356e+09  2.06788805e-02 
 1.44716975e+09  2.24009322e-02 
 1.48089393e+09  2.50967083e-02 
 1.51540401e+09  2.20235602e-02 
 1.55071830e+09  2.13958265e-02 
 1.58685553e+09  2.28639302e-02 
 1.62383489e+09  2.30647676e-02 
 1.66167599e+09  2.04515419e-02 
 1.70039893e+09  2.11269486e-02 
 1.74002425e+09  2.36979458e-02 
 1.78057299e+09  2.33929219e-02 
 1.82206665e+09  2.31677017e-02 
 1.86452726e+09  2.33696481e-02 
 1.90797735e+09  2.29128775e-02 
 1.95243999e+09  2.42043775e-02 
 1.99793876e+09  2.33392521e-02 
 2.04449781e+09  2.46529507e-02 
 2.09214185e+09  2.55807836e-02 
 2.14089617e+09  2.68900755e-02 
 2.19078664e+09  2.81216725e-02 
 2.24183974e+09  2.93374624e-02 
 2.29408255e+09  3.05150031e-02 
 2.34754280e+09  3.10316223e-02 
 2.40224887e+09  2.76848083e-02 
 2.45822978e+09  2.85325941e-02 
 2.51551525e+09  3.07680029e-02 
 2.57413567e+09  3.22002218e-02 
 2.63412215e+09  3.32832046e-02 
 2.69550653e+09  3.41976533e-02 
 2.75832139e+09  3.50183371e-02 
 2.82260005e+09  3.57828263e-02 
 2.88837664e+09  3.65128104e-02 
 2.95568605e+09  3.72218007e-02 
 3.02456401e+09  3.79183805e-02 
 3.09504707e+09  3.86078146e-02 
 3.16717263e+09  3.92929857e-02 
 3.24097898e+09  3.99750161e-02 
 3.31650528e+09  4.06537202e-02 
 3.39379160e+09  4.13279539e-02 
 3.47287898e+09  4.19958895e-02 
 3.55380937e+09  4.26552388e-02 
 3.63662572e+09  4.33034335e-02 
 3.72137199e+09  4.39377737e-02 
 3.80809314e+09  4.45555499e-02 
 3.89683521e+09  4.51541428e-02 
 3.98764528e+09  4.57311039e-02 
 4.08057155e+09  4.62842201e-02 
 4.17566333e+09  4.68115617e-02 
 4.27297108e+09  4.73115169e-02 
 4.37254645e+09  4.77828134e-02 
 4.47444228e+09  4.82245274e-02 
 4.57871264e+09  4.86360819e-02 
 4.68541287e+09  4.90172362e-02 
 4.79459960e+09  4.93680667e-02 
 4.90633076e+09  4.96889422e-02 
 5.02066566e+09  4.99804943e-02 
 5.13766496e+09  5.02435845e-02 
 5.25739076e+09  5.04792707e-02 
 5.37990660e+09  5.06887724e-02 
 5.50527749e+09  5.08734373e-02 
 5.63356997e+09  5.10347103e-02 
 5.76485211e+09  5.11741038e-02 
 5.89919360e+09  5.12931714e-02 
 6.03666571e+09  5.13934825e-02 
 6.17734142e+09  5.14765973e-02 
 6.32129537e+09  5.15440313e-02 
 6.46860395e+09  5.15971807e-02 
 6.61934535e+09  5.16370526e-02 
 6.77359956e+09  5.16623532e-02 
 6.93144843e+09  5.16498003e-02 
 7.09297575e+09  5.18560882e-02 
 7.25826722e+09  5.17343278e-02 
 7.42741057e+09  5.17197721e-02 
 7.60049556e+09  5.17555742e-02 
 7.77761404e+09  5.17946856e-02 
 7.95886001e+09  5.18261140e-02 
 8.14432966e+09  5.19017138e-02 
 8.33412140e+09  5.20684123e-02 
 8.52833597e+09  5.25502210e-02 
 8.72707642e+09  4.40720106e-02 
 8.93044823e+09  4.98496702e-02 
 9.13855932e+09  5.04487863e-02 
 9.35152014e+09  5.06332992e-02 
 9.56944371e+09  5.07017954e-02 
 9.79244566e+09  5.07220831e-02 
 1.00206443e+10  5.07179060e-02 
 1.02541609e+10  5.06997655e-02 
 1.04931192e+10  5.06730568e-02 
 1.07376460e+10  5.06408585e-02 
 1.09878712e+10  5.06050682e-02 
 1.12439276e+10  5.05669240e-02 
 1.15059509e+10  5.05272673e-02 
 1.17740804e+10  5.04866834e-02 
 1.20484582e+10  5.04455778e-02 
 1.23292299e+10  5.04042148e-02 
 1.26165447e+10  5.03627221e-02 
 1.29105549e+10  5.03210468e-02 
 1.32114166e+10  5.02787856e-02 
 1.35192894e+10  5.02345398e-02 
 1.38343368e+10  5.01824588e-02 
 1.41567259e+10  5.00664201e-02 
 1.44866277e+10  4.99809305e-02 
 1.48242175e+10  5.01201607e-02 
 1.51696743e+10  5.00843575e-02 
 1.55231815e+10  5.00488311e-02 
 1.58849266e+10  5.00149992e-02 
 1.62551017e+10  4.99826488e-02 
 1.66339032e+10  4.99516001e-02 
 1.70215321e+10  4.99217388e-02 
 1.74181941e+10  4.98929886e-02 
 1.78240998e+10  4.98652944e-02 
 1.82394645e+10  4.98386122e-02 
 1.86645086e+10  4.98129044e-02 
 1.90994578e+10  4.97881374e-02 
 1.95445429e+10  4.97642796e-02 
 2.00000000e+10  4.97413006e-02 
