 1.00000000e+08  1.52174849e-02 
 1.02330354e+08  1.50745305e-02 
 1.04715014e+08  1.49157949e-02 
 1.07155245e+08  1.47410283e-02 
 1.09652342e+08  1.45501632e-02 
 1.12207630e+08  1.43433323e-02 
 1.14822466e+08  1.41208805e-02 
 1.17498236e+08  1.38833721e-02 
 1.20236362e+08  1.36315903e-02 
 1.23038295e+08  1.33665305e-02 
 1.25905523e+08  1.30893853e-02 
 1.28839568e+08  1.28015237e-02 
 1.31841987e+08  1.25044646e-02 
 1.34914372e+08  1.21998458e-02 
 1.38058355e+08  1.18893897e-02 
 1.41275604e+08  1.15748686e-02 
 1.44567827e+08  1.12580700e-02 
 1.47936769e+08  1.09407638e-02 
 1.51384220e+08  1.06246732e-02 
 1.54912009e+08  1.03114489e-02 
 1.58522008e+08  1.00026489e-02 
 1.62216133e+08  9.69972242e-03 
 1.65996343e+08  9.40399994e-03 
 1.69864646e+08  9.11668734e-03 
 1.73823095e+08  8.83886538e-03 
 1.77873789e+08  8.57149385e-03 
 1.82018879e+08  8.31542095e-03 
 1.86260564e+08  8.07139910e-03 
 1.90601095e+08  7.84010985e-03 
 1.95042776e+08  7.62220387e-03 
 1.99587964e+08  7.41836866e-03 
 2.04239071e+08  7.22945143e-03 
 2.08998565e+08  7.05670046e-03 
 2.13868972e+08  6.90228179e-03 
 2.18852877e+08  6.77049956e-03 
 2.23952925e+08  6.67104290e-03 
 2.29171822e+08  6.62904896e-03 
 2.34512337e+08  6.72332079e-03 
 2.39977306e+08  7.27491141e-03 
 2.45569627e+08  9.79689018e-03 
 2.51292270e+08  1.04763445e-02 
 2.57148271e+08  7.70200403e-03 
 2.63140737e+08  6.87364433e-03 
 2.69272848e+08  6.68839769e-03 
 2.75547860e+08  7.14912304e-03 
 2.81969102e+08  1.08554855e-02 
 2.88539981e+08  1.24948491e-02 
 2.95263985e+08  8.27101267e-03 
 3.02144683e+08  7.27939064e-03 
 3.09185725e+08  6.94950608e-03 
 3.16390848e+08  6.83842388e-03 
 3.23763876e+08  6.84010474e-03 
 3.31308722e+08  6.93245034e-03 
 3.39029389e+08  7.12760463e-03 
 3.46929975e+08  7.55249880e-03 
 3.55014673e+08  8.54393675e-03 
 3.63287773e+08  1.19938536e-02 
 3.71753666e+08  1.34112236e-02 
 3.80416844e+08  8.22494503e-03 
 3.89281904e+08  7.29062529e-03 
 3.98353552e+08  7.09938684e-03 
 4.07636602e+08  7.17671811e-03 
 4.17135980e+08  7.36716145e-03 
 4.26856726e+08  7.66372919e-03 
 4.36804001e+08  8.13472802e-03 
 4.46983082e+08  9.11146902e-03 
 4.57399372e+08  9.91731659e-03 
 4.68058398e+08  1.43399589e-02 
 4.78965818e+08  1.46283258e-02 
 4.90127419e+08  7.97942692e-03 
 5.01549125e+08  7.28919633e-03 
 5.13236997e+08  6.51831305e-03 
 5.25197238e+08  6.45610156e-03 
 5.37436195e+08  7.04912342e-03 
 5.49960363e+08  7.20616583e-03 
 5.62776388e+08  7.51101742e-03 
 5.75891073e+08  8.21146517e-03 
 5.89311376e+08  7.52198459e-03 
 6.03044419e+08  7.59816355e-03 
 6.17097492e+08  8.10512353e-03 
 6.31478050e+08  8.37466564e-03 
 6.46193727e+08  8.53398235e-03 
 6.61252331e+08  8.70757808e-03 
 6.76661854e+08  8.90674455e-03 
 6.92430473e+08  9.64883340e-03 
 7.08566557e+08  9.81632729e-03 
 7.25078669e+08  1.03037027e-02 
 7.41975572e+08  1.09444188e-02 
 7.59266232e+08  1.18079017e-02 
 7.76959826e+08  1.29842883e-02 
 7.95065744e+08  1.44445782e-02 
 8.13593593e+08  1.55336334e-02 
 8.32553207e+08  1.49651672e-02 
 8.51954648e+08  1.31882821e-02 
 8.71808210e+08  1.17007742e-02 
 8.92124431e+08  1.08468013e-02 
 9.12914092e+08  1.04291355e-02 
 9.34188226e+08  1.02578439e-02 
 9.55958123e+08  1.02215312e-02 
 9.78235335e+08  1.02608686e-02 
 1.00103169e+09  1.03452970e-02 
 1.02435927e+09  1.04612016e-02 
 1.04823047e+09  1.06090653e-02 
 1.07265796e+09  1.08115302e-02 
 1.09765469e+09  1.10841953e-02 
 1.12323393e+09  1.14721238e-02 
 1.14940927e+09  1.19051723e-02 
 1.17619457e+09  1.20839190e-02 
 1.20360408e+09  1.21986121e-02 
 1.23165232e+09  1.23401859e-02 
 1.26035418e+09  1.25064525e-02 
 1.28972490e+09  1.26860907e-02 
 1.31978006e+09  1.28757727e-02 
 1.35053561e+09  1.30772010e-02 
 1.38200788e+09  1.32909833e-02 
 1.41421356e+09  1.35161950e-02 
 1.44716975e+09  1.37520087e-02 
 1.48089393e+09  1.39977524e-02 
 1.51540401e+09  1.42525961e-02 
 1.55071830e+09  1.45155320e-02 
 1.58685553e+09  1.47852774e-02 
 1.62383489e+09  1.50599451e-02 
 1.66167599e+09  1.53366513e-02 
 1.70039893e+09  1.56115669e-02 
 1.74002425e+09  1.58812056e-02 
 1.78057299e+09  1.61450225e-02 
 1.82206665e+09  1.64071131e-02 
 1.86452726e+09  1.66743670e-02 
 1.90797735e+09  1.69525779e-02 
 1.95243999e+09  1.72444095e-02 
 1.99793876e+09  1.75499739e-02 
 2.04449781e+09  1.78682050e-02 
 2.09214185e+09  1.81977881e-02 
 2.14089617e+09  1.85375392e-02 
 2.19078664e+09  1.88865139e-02 
 2.24183974e+09  1.92441015e-02 
 2.29408255e+09  1.96101855e-02 
 2.34754280e+09  1.99852284e-02 
 2.40224887e+09  2.03700718e-02 
 2.45822978e+09  2.07655298e-02 
 2.51551525e+09  2.11721114e-02 
 2.57413567e+09  2.15900237e-02 
 2.63412215e+09  2.20193226e-02 
 2.69550653e+09  2.24600475e-02 
 2.75832139e+09  2.29122874e-02 
 2.82260005e+09  2.33761977e-02 
 2.88837664e+09  2.38519934e-02 
 2.95568605e+09  2.43399369e-02 
 3.02456401e+09  2.48403270e-02 
 3.09504707e+09  2.53534899e-02 
 3.16717263e+09  2.58797746e-02 
 3.24097898e+09  2.64195486e-02 
 3.31650528e+09  2.69731968e-02 
 3.39379160e+09  2.75411207e-02 
 3.47287898e+09  2.81237386e-02 
 3.55380937e+09  2.87214870e-02 
 3.63662572e+09  2.93348224e-02 
 3.72137199e+09  2.99642238e-02 
 3.80809314e+09  3.06101966e-02 
 3.89683521e+09  3.12732777e-02 
 3.98764528e+09  3.19540436e-02 
 4.08057155e+09  3.26531212e-02 
 4.17566333e+09  3.33712066e-02 
 4.27297108e+09  3.41090973e-02 
 4.37254645e+09  3.48677532e-02 
 4.47444228e+09  3.56484313e-02 
 4.57871264e+09  3.64530370e-02 
 4.68541287e+09  3.72853064e-02 
 4.79459960e+09  3.81569285e-02 
 4.90633076e+09  3.91855110e-02 
 5.02066566e+09  3.97221444e-02 
 5.13766496e+09  4.07423264e-02 
 5.25739076e+09  4.17350835e-02 
 5.37990660e+09  4.27984544e-02 
 5.50527749e+09  4.36376202e-02 
 5.63356997e+09  4.48243952e-02 
 5.76485211e+09  4.70701057e-02 
 5.89919360e+09  4.70360225e-02 
 6.03666571e+09  4.60197562e-02 
 6.17734142e+09  4.82820862e-02 
 6.32129537e+09  5.00857075e-02 
 6.46860395e+09  5.15646693e-02 
 6.61934535e+09  5.31297424e-02 
 6.77359956e+09  5.49995128e-02 
 6.93144843e+09  5.87097182e-02 
 7.09297575e+09  5.61185684e-02 
 7.25826722e+09  5.97063712e-02 
 7.42741057e+09  6.26360229e-02 
 7.60049556e+09  5.68226781e-02 
 7.77761404e+09  5.45159433e-02 
 7.95886001e+09  5.96029479e-02 
 8.14432966e+09  6.39550877e-02 
 8.33412140e+09  7.15429919e-02 
 8.52833597e+09  6.52909875e-02 
 8.72707642e+09  5.36001024e-02 
 8.93044823e+09  6.37633678e-02 
 9.13855932e+09  6.71371759e-02 
 9.35152014e+09  6.94452386e-02 
 9.56944371e+09  7.18340161e-02 
 9.79244566e+09  7.39795328e-02 
 1.00206443e+10  7.60799513e-02 
 1.02541609e+10  7.81778704e-02 
 1.04931192e+10  8.02960986e-02 
 1.07376460e+10  8.24497953e-02 
 1.09878712e+10  8.46506951e-02 
 1.12439276e+10  8.69092464e-02 
 1.15059509e+10  8.92360708e-02 
 1.17740804e+10  9.16433717e-02 
 1.20484582e+10  9.41468198e-02 
 1.23292299e+10  9.67687455e-02 
 1.26165447e+10  9.95444670e-02 
 1.29105549e+10  1.02536701e-01 
 1.32114166e+10  1.05874111e-01 
 1.35192894e+10  1.09880921e-01 
 1.38343368e+10  1.15717937e-01 
 1.41567259e+10  1.33166723e-01 
 1.44866277e+10  9.88382113e-02 
 1.48242175e+10  9.00495006e-02 
 1.51696743e+10  1.12784232e-01 
 1.55231815e+10  1.18397135e-01 
 1.58849266e+10  1.22813418e-01 
 1.62551017e+10  1.26911507e-01 
 1.66339032e+10  1.30937440e-01 
 1.70215321e+10  1.34998141e-01 
 1.74181941e+10  1.39151927e-01 
 1.78240998e+10  1.43430406e-01 
 1.82394645e+10  1.47831524e-01 
 1.86645086e+10  1.52271771e-01 
 1.90994578e+10  1.56436518e-01 
 1.95445429e+10  1.59422683e-01 
 2.00000000e+10  1.59596030e-01 
