 1.00000000e+08  1.51841558e-02 
 1.02330354e+08  1.50392107e-02 
 1.04715014e+08  1.48784795e-02 
 1.07155245e+08  1.47017121e-02 
 1.09652342e+08  1.45088407e-02 
 1.12207630e+08  1.42999971e-02 
 1.14822466e+08  1.40755255e-02 
 1.17498236e+08  1.38359892e-02 
 1.20236362e+08  1.35821708e-02 
 1.23038295e+08  1.33150647e-02 
 1.25905523e+08  1.30358632e-02 
 1.28839568e+08  1.27459353e-02 
 1.31841987e+08  1.24468006e-02 
 1.34914372e+08  1.21400981e-02 
 1.38058355e+08  1.18275529e-02 
 1.41275604e+08  1.15109410e-02 
 1.44567827e+08  1.11920552e-02 
 1.47936769e+08  1.08726728e-02 
 1.51384220e+08  1.05545262e-02 
 1.54912009e+08  1.02392780e-02 
 1.58522008e+08  9.92850064e-03 
 1.62216133e+08  9.62366109e-03 
 1.65996343e+08  9.32611087e-03 
 1.69864646e+08  9.03708089e-03 
 1.73823095e+08  8.75768124e-03 
 1.77873789e+08  8.48890609e-03 
 1.82018879e+08  8.23164385e-03 
 1.86260564e+08  7.98669416e-03 
 1.90601095e+08  7.75479455e-03 
 1.95042776e+08  7.53666307e-03 
 1.99587964e+08  7.33307011e-03 
 2.04239071e+08  7.14496787e-03 
 2.08998565e+08  6.97374246e-03 
 2.13868972e+08  6.82174847e-03 
 2.18852877e+08  6.69355934e-03 
 2.23952925e+08  6.59926237e-03 
 2.29171822e+08  6.56457675e-03 
 2.34512337e+08  6.66893264e-03 
 2.39977306e+08  7.23159109e-03 
 2.45569627e+08  9.73621834e-03 
 2.51292270e+08  1.03566241e-02 
 2.57148271e+08  7.62824539e-03 
 2.63140737e+08  6.86342592e-03 
 2.69272848e+08  6.78653935e-03 
 2.75547860e+08  7.51493208e-03 
 2.81969102e+08  1.20965708e-02 
 2.88539981e+08  1.35273745e-02 
 2.95263985e+08  8.45866982e-03 
 3.02144683e+08  7.27183473e-03 
 3.09185725e+08  6.87672084e-03 
 3.16390848e+08  6.73638172e-03 
 3.23763876e+08  6.72065461e-03 
 3.31308722e+08  6.79859955e-03 
 3.39029389e+08  7.01234863e-03 
 3.46929975e+08  7.39373634e-03 
 3.55014673e+08  8.32718768e-03 
 3.63287773e+08  1.16200839e-02 
 3.71753666e+08  1.30578156e-02 
 3.80416844e+08  8.06222363e-03 
 3.89281904e+08  7.29511408e-03 
 3.98353552e+08  6.96465368e-03 
 4.07636602e+08  7.01113431e-03 
 4.17135980e+08  7.16316227e-03 
 4.26856726e+08  7.40353422e-03 
 4.36804001e+08  7.77677494e-03 
 4.46983082e+08  8.53353519e-03 
 4.57399372e+08  9.15913387e-03 
 4.68058398e+08  1.22982343e-02 
 4.78965818e+08  1.18970615e-02 
 4.90127419e+08  7.86134946e-03 
 5.01549125e+08  8.92907407e-03 
 5.13236997e+08  8.01357187e-03 
 5.25197238e+08  7.70101604e-03 
 5.37436195e+08  9.30458688e-03 
 5.49960363e+08  7.03493225e-03 
 5.62776388e+08  7.04542343e-03 
 5.75891073e+08  7.26162048e-03 
 5.89311376e+08  7.64483590e-03 
 6.03044419e+08  7.76644548e-03 
 6.17097492e+08  7.91371725e-03 
 6.31478050e+08  8.14901390e-03 
 6.46193727e+08  8.70570133e-03 
 6.61252331e+08  8.70395019e-03 
 6.76661854e+08  9.27434109e-03 
 6.92430473e+08  9.53352734e-03 
 7.08566557e+08  9.69412808e-03 
 7.25078669e+08  1.02423799e-02 
 7.41975572e+08  1.09284014e-02 
 7.59266232e+08  1.18458622e-02 
 7.76959826e+08  1.30985489e-02 
 7.95065744e+08  1.46644372e-02 
 8.13593593e+08  1.58610135e-02 
 8.32553207e+08  1.53159122e-02 
 8.51954648e+08  1.34556142e-02 
 8.71808210e+08  1.18562357e-02 
 8.92124431e+08  1.09104224e-02 
 9.12914092e+08  1.04279306e-02 
 9.34188226e+08  1.02132423e-02 
 9.55958123e+08  1.01490485e-02 
 9.78235335e+08  1.01726176e-02 
 1.00103169e+09  1.02533979e-02 
 1.02435927e+09  1.03841849e-02 
 1.04823047e+09  1.05924255e-02 
 1.07265796e+09  1.10202806e-02 
 1.09765469e+09  1.14015418e-02 
 1.12323393e+09  1.08129140e-02 
 1.14940927e+09  1.12337448e-02 
 1.17619457e+09  1.15612030e-02 
 1.20360408e+09  1.17755517e-02 
 1.23165232e+09  1.19729617e-02 
 1.26035418e+09  1.21746095e-02 
 1.28972490e+09  1.23805797e-02 
 1.31978006e+09  1.25905054e-02 
 1.35053561e+09  1.28045009e-02 
 1.38200788e+09  1.30216157e-02 
 1.41421356e+09  1.32428207e-02 
 1.44716975e+09  1.34716139e-02 
 1.48089393e+09  1.37107804e-02 
 1.51540401e+09  1.39608868e-02 
 1.55071830e+09  1.42210149e-02 
 1.58685553e+09  1.44895395e-02 
 1.62383489e+09  1.47642371e-02 
 1.66167599e+09  1.50420477e-02 
 1.70039893e+09  1.53191497e-02 
 1.74002425e+09  1.55921741e-02 
 1.78057299e+09  1.58606222e-02 
 1.82206665e+09  1.61283883e-02 
 1.86452726e+09  1.64019353e-02 
 1.90797735e+09  1.66866090e-02 
 1.95243999e+09  1.69847545e-02 
 1.99793876e+09  1.72962831e-02 
 2.04449781e+09  1.76199452e-02 
 2.09214185e+09  1.79541587e-02 
 2.14089617e+09  1.82973250e-02 
 2.19078664e+09  1.86479690e-02 
 2.24183974e+09  1.90050440e-02 
 2.29408255e+09  1.93684903e-02 
 2.34754280e+09  1.97396199e-02 
 2.40224887e+09  2.01206916e-02 
 2.45822978e+09  2.05138249e-02 
 2.51551525e+09  2.09201969e-02 
 2.57413567e+09  2.13400294e-02 
 2.63412215e+09  2.17730239e-02 
 2.69550653e+09  2.22187686e-02 
 2.75832139e+09  2.26769521e-02 
 2.82260005e+09  2.31474245e-02 
 2.88837664e+09  2.36301872e-02 
 2.95568605e+09  2.41253611e-02 
 3.02456401e+09  2.46331548e-02 
 3.09504707e+09  2.51538400e-02 
 3.16717263e+09  2.56877346e-02 
 3.24097898e+09  2.62351916e-02 
 3.31650528e+09  2.67965915e-02 
 3.39379160e+09  2.73723395e-02 
 3.47287898e+09  2.79628626e-02 
 3.55380937e+09  2.85686104e-02 
 3.63662572e+09  2.91900556e-02 
 3.72137199e+09  2.98276969e-02 
 3.80809314e+09  3.04820622e-02 
 3.89683521e+09  3.11537144e-02 
 3.98764528e+09  3.18432595e-02 
 4.08057155e+09  3.25513583e-02 
 4.17566333e+09  3.32787456e-02 
 4.27297108e+09  3.40262635e-02 
 4.37254645e+09  3.47949242e-02 
 4.47444228e+09  3.55860458e-02 
 4.57871264e+09  3.64016066e-02 
 4.68541287e+09  3.72454301e-02 
 4.79459960e+09  3.81293114e-02 
 4.90633076e+09  3.91709209e-02 
 5.02066566e+09  3.97219163e-02 
 5.13766496e+09  4.07577105e-02 
 5.25739076e+09  4.17684605e-02 
 5.37990660e+09  4.28569541e-02 
 5.50527749e+09  4.36899770e-02 
 5.63356997e+09  4.49045029e-02 
 5.76485211e+09  4.71470683e-02 
 5.89919360e+09  4.71758729e-02 
 6.03666571e+09  4.61980820e-02 
 6.17734142e+09  4.85122507e-02 
 6.32129537e+09  5.03514600e-02 
 6.46860395e+09  5.18865704e-02 
 6.61934535e+09  5.35236724e-02 
 6.77359956e+09  5.54847427e-02 
 6.93144843e+09  5.92632393e-02 
 7.09297575e+09  5.70948577e-02 
 7.25826722e+09  6.10691612e-02 
 7.42741057e+09  6.48447188e-02 
 7.60049556e+09  5.96611445e-02 
 7.77761404e+09  5.88349873e-02 
 7.95886001e+09  5.57579404e-02 
 8.14432966e+09  6.16576626e-02 
 8.33412140e+09  6.87624088e-02 
 8.52833597e+09  6.56658958e-02 
 8.72707642e+09  5.59507701e-02 
 8.93044823e+09  6.46737476e-02 
 9.13855932e+09  6.93762023e-02 
 9.35152014e+09  5.97502787e-02 
 9.56944371e+09  6.97949607e-02 
 9.79244566e+09  7.26724198e-02 
 1.00206443e+10  7.50562318e-02 
 1.02541609e+10  7.73073100e-02 
 1.04931192e+10  7.95225976e-02 
 1.07376460e+10  8.17436804e-02 
 1.09878712e+10  8.39940902e-02 
 1.12439276e+10  8.62903403e-02 
 1.15059509e+10  8.86464765e-02 
 1.17740804e+10  9.10767510e-02 
 1.20484582e+10  9.35980823e-02 
 1.23292299e+10  9.62335112e-02 
 1.26165447e+10  9.90186168e-02 
 1.29105549e+10  1.02015841e-01 
 1.32114166e+10  1.05352615e-01 
 1.35192894e+10  1.09349370e-01 
 1.38343368e+10  1.15152500e-01 
 1.41567259e+10  1.32415109e-01 
 1.44866277e+10  9.85308024e-02 
 1.48242175e+10  9.00026603e-02 
 1.51696743e+10  1.12425752e-01 
 1.55231815e+10  1.18000859e-01 
 1.58849266e+10  1.22398403e-01 
 1.62551017e+10  1.26482843e-01 
 1.66339032e+10  1.30496528e-01 
 1.70215321e+10  1.34544823e-01 
 1.74181941e+10  1.38685156e-01 
 1.78240998e+10  1.42948512e-01 
 1.82394645e+10  1.47332411e-01 
 1.86645086e+10  1.51753364e-01 
 1.90994578e+10  1.55898292e-01 
 1.95445429e+10  1.58870337e-01 
 2.00000000e+10  1.59049949e-01 
