 1.00000000e+08  1.54444973e-02 
 1.02330354e+08  1.53001669e-02 
 1.04715014e+08  1.51399611e-02 
 1.07155245e+08  1.49636470e-02 
 1.09652342e+08  1.47711780e-02 
 1.12207630e+08  1.45627119e-02 
 1.14822466e+08  1.43386240e-02 
 1.17498236e+08  1.40995132e-02 
 1.20236362e+08  1.38462026e-02 
 1.23038295e+08  1.35797322e-02 
 1.25905523e+08  1.33013437e-02 
 1.28839568e+08  1.30124597e-02 
 1.31841987e+08  1.27146566e-02 
 1.34914372e+08  1.24096328e-02 
 1.38058355e+08  1.20991741e-02 
 1.41275604e+08  1.17851179e-02 
 1.44567827e+08  1.14693178e-02 
 1.47936769e+08  1.11536097e-02 
 1.51384220e+08  1.08397808e-02 
 1.54912009e+08  1.05295430e-02 
 1.58522008e+08  1.02245103e-02 
 1.62216133e+08  9.92618061e-03 
 1.65996343e+08  9.63592226e-03 
 1.69864646e+08  9.35496443e-03 
 1.73823095e+08  9.08439097e-03 
 1.77873789e+08  8.82513692e-03 
 1.82018879e+08  8.57798689e-03 
 1.86260564e+08  8.34357431e-03 
 1.90601095e+08  8.12238079e-03 
 1.95042776e+08  7.91473416e-03 
 1.99587964e+08  7.72080438e-03 
 2.04239071e+08  7.54059609e-03 
 2.08998565e+08  7.37393825e-03 
 2.13868972e+08  7.22047732e-03 
 2.18852877e+08  7.07970803e-03 
 2.23952925e+08  6.95119867e-03 
 2.29171822e+08  6.83579730e-03 
 2.34512337e+08  6.74257978e-03 
 2.39977306e+08  6.74100028e-03 
 2.45569627e+08  7.47624997e-03 
 2.51292270e+08  8.53319246e-03 
 2.57148271e+08  7.61598143e-03 
 2.63140737e+08  7.33830757e-03 
 2.69272848e+08  7.41176776e-03 
 2.75547860e+08  8.11442989e-03 
 2.81969102e+08  1.22413447e-02 
 2.88539981e+08  1.33827104e-02 
 2.95263985e+08  8.83681277e-03 
 3.02144683e+08  7.86260845e-03 
 3.09185725e+08  7.56697683e-03 
 3.16390848e+08  7.47827747e-03 
 3.23763876e+08  7.48485843e-03 
 3.31308722e+08  7.56192430e-03 
 3.39029389e+08  7.61561791e-03 
 3.46929975e+08  7.82717005e-03 
 3.55014673e+08  8.17485429e-03 
 3.63287773e+08  9.22860616e-03 
 3.71753666e+08  9.18820263e-03 
 3.80416844e+08  8.08880732e-03 
 3.89281904e+08  8.44179567e-03 
 3.98353552e+08  9.37780285e-03 
 4.07636602e+08  8.26328008e-03 
 4.17135980e+08  8.28931825e-03 
 4.26856726e+08  8.50647378e-03 
 4.36804001e+08  8.78511186e-03 
 4.46983082e+08  9.17605545e-03 
 4.57399372e+08  9.17365745e-03 
 4.68058398e+08  9.61418023e-03 
 4.78965818e+08  1.02264815e-02 
 4.90127419e+08  1.11361406e-02 
 5.01549125e+08  1.20687788e-02 
 5.13236997e+08  1.39071768e-02 
 5.25197238e+08  1.48247583e-02 
 5.37436195e+08  1.53136602e-02 
 5.49960363e+08  2.11073510e-02 
 5.62776388e+08  2.34572324e-02 
 5.75891073e+08  1.21214972e-02 
 5.89311376e+08  1.01684668e-02 
 6.03044419e+08  8.15769907e-03 
 6.17097492e+08  7.03297470e-03 
 6.31478050e+08  8.07185049e-03 
 6.46193727e+08  8.79835097e-03 
 6.61252331e+08  9.45148693e-03 
 6.76661854e+08  1.01178588e-02 
 6.92430473e+08  1.09265790e-02 
 7.08566557e+08  1.16566392e-02 
 7.25078669e+08  1.27155592e-02 
 7.41975572e+08  1.40749773e-02 
 7.59266232e+08  1.59023727e-02 
 7.76959826e+08  1.83944641e-02 
 7.95065744e+08  2.15229734e-02 
 8.13593593e+08  2.40609955e-02 
 8.32553207e+08  2.34187800e-02 
 8.51954648e+08  2.00883421e-02 
 8.71808210e+08  1.69184176e-02 
 8.92124431e+08  1.48516397e-02 
 9.12914092e+08  1.36960982e-02 
 9.34188226e+08  1.31456559e-02 
 9.55958123e+08  1.29931552e-02 
 9.78235335e+08  1.31268850e-02 
 1.00103169e+09  1.35088861e-02 
 1.02435927e+09  1.41725479e-02 
 1.04823047e+09  1.52534995e-02 
 1.07265796e+09  1.70729253e-02 
 1.09765469e+09  1.98886899e-02 
 1.12323393e+09  2.37905707e-02 
 1.14940927e+09  2.61875527e-02 
 1.17619457e+09  2.64038691e-02 
 1.20360408e+09  2.69414004e-02 
 1.23165232e+09  2.81700283e-02 
 1.26035418e+09  2.94377468e-02 
 1.28972490e+09  3.00219260e-02 
 1.31978006e+09  2.95853198e-02 
 1.35053561e+09  2.82776918e-02 
 1.38200788e+09  2.64055161e-02 
 1.41421356e+09  2.42386376e-02 
 1.44716975e+09  2.20337433e-02 
 1.48089393e+09  1.99949951e-02 
 1.51540401e+09  1.82232200e-02 
 1.55071830e+09  1.67333717e-02 
 1.58685553e+09  1.54970757e-02 
 1.62383489e+09  1.44725921e-02 
 1.66167599e+09  1.36187199e-02 
 1.70039893e+09  1.28993129e-02 
 1.74002425e+09  1.22838563e-02 
 1.78057299e+09  1.17472241e-02 
 1.82206665e+09  1.12697835e-02 
 1.86452726e+09  1.08372467e-02 
 1.90797735e+09  1.04395933e-02 
 1.95243999e+09  1.00699457e-02 
 1.99793876e+09  9.72470538e-03 
 2.04449781e+09  9.40524915e-03 
 2.09214185e+09  9.12039558e-03 
 2.14089617e+09  8.88751750e-03 
 2.19078664e+09  8.72891582e-03 
 2.24183974e+09  8.66196626e-03 
 2.29408255e+09  8.68842553e-03 
 2.34754280e+09  8.79235565e-03 
 2.40224887e+09  8.94847827e-03 
 2.45822978e+09  9.13276643e-03 
 2.51551525e+09  9.32806123e-03 
 2.57413567e+09  9.52441740e-03 
 2.63412215e+09  9.71711534e-03 
 2.69550653e+09  9.90453483e-03 
 2.75832139e+09  1.00866495e-02 
 2.82260005e+09  1.02641424e-02 
 2.88837664e+09  1.04379446e-02 
 2.95568605e+09  1.06090162e-02 
 3.02456401e+09  1.07782551e-02 
 3.09504707e+09  1.09464685e-02 
 3.16717263e+09  1.11143710e-02 
 3.24097898e+09  1.12825947e-02 
 3.31650528e+09  1.14517028e-02 
 3.39379160e+09  1.16222021e-02 
 3.47287898e+09  1.17945546e-02 
 3.55380937e+09  1.19691881e-02 
 3.63662572e+09  1.21465038e-02 
 3.72137199e+09  1.23268844e-02 
 3.80809314e+09  1.25106997e-02 
 3.89683521e+09  1.26983132e-02 
 3.98764528e+09  1.28900873e-02 
 4.08057155e+09  1.30863903e-02 
 4.17566333e+09  1.32876033e-02 
 4.27297108e+09  1.34941305e-02 
 4.37254645e+09  1.37064142e-02 
 4.47444228e+09  1.39249607e-02 
 4.57871264e+09  1.41503954e-02 
 4.68541287e+09  1.43836194e-02 
 4.79459960e+09  1.46265310e-02 
 4.90633076e+09  1.48931137e-02 
 5.02066566e+09  1.51122244e-02 
 5.13766496e+09  1.53937044e-02 
 5.25739076e+09  1.56842867e-02 
 5.37990660e+09  1.60038068e-02 
 5.50527749e+09  1.63174863e-02 
 5.63356997e+09  1.67678243e-02 
 5.76485211e+09  1.95218592e-02 
 5.89919360e+09  1.72190726e-02 
 6.03666571e+09  1.34840527e-02 
 6.17734142e+09  1.71492321e-02 
 6.32129537e+09  1.77589986e-02 
 6.46860395e+09  1.82370056e-02 
 6.61934535e+09  1.87114668e-02 
 6.77359956e+09  1.92363998e-02 
 6.93144843e+09  2.00629836e-02 
 7.09297575e+09  2.00682626e-02 
 7.25826722e+09  2.09731803e-02 
 7.42741057e+09  2.20293758e-02 
 7.60049556e+09  2.19871603e-02 
 7.77761404e+09  2.51374719e-02 
 7.95886001e+09  1.71315315e-02 
 8.14432966e+09  2.06692826e-02 
 8.33412140e+09  2.26730166e-02 
 8.52833597e+09  2.51558319e-02 
 8.72707642e+09  1.66694025e-02 
 8.93044823e+09  2.08837219e-02 
 9.13855932e+09  2.22981793e-02 
 9.35152014e+09  2.13837291e-02 
 9.56944371e+09  2.35142899e-02 
 9.79244566e+09  2.42667094e-02 
 1.00206443e+10  2.49486711e-02 
 1.02541609e+10  2.56094139e-02 
 1.04931192e+10  2.62655544e-02 
 1.07376460e+10  2.69256121e-02 
 1.09878712e+10  2.75949740e-02 
 1.12439276e+10  2.82775952e-02 
 1.15059509e+10  2.89767879e-02 
 1.17740804e+10  2.96957042e-02 
 1.20484582e+10  3.04377576e-02 
 1.23292299e+10  3.12071643e-02 
 1.26165447e+10  3.20098939e-02 
 1.29105549e+10  3.28557446e-02 
 1.32114166e+10  3.37638343e-02 
 1.35192894e+10  3.47811054e-02 
 1.38343368e+10  3.60748430e-02 
 1.41567259e+10  3.90978206e-02 
 1.44866277e+10  3.48419868e-02 
 1.48242175e+10  3.44788227e-02 
 1.51696743e+10  3.77663454e-02 
 1.55231815e+10  3.91114029e-02 
 1.58849266e+10  4.03232536e-02 
 1.62551017e+10  4.15209416e-02 
 1.66339032e+10  4.27405497e-02 
 1.70215321e+10  4.40002145e-02 
 1.74181941e+10  4.53124216e-02 
 1.78240998e+10  4.66872678e-02 
 1.82394645e+10  4.81319078e-02 
 1.86645086e+10  4.96441783e-02 
 1.90994578e+10  5.11902541e-02 
 1.95445429e+10  5.26450690e-02 
 2.00000000e+10  5.37446404e-02 
