 1.00000000e+08  1.55733007e-02 
 1.02330354e+08  1.54167979e-02 
 1.04715014e+08  1.52443431e-02 
 1.07155245e+08  1.50557434e-02 
 1.09652342e+08  1.48509977e-02 
 1.12207630e+08  1.46303150e-02 
 1.14822466e+08  1.43941271e-02 
 1.17498236e+08  1.41430952e-02 
 1.20236362e+08  1.38781093e-02 
 1.23038295e+08  1.36002811e-02 
 1.25905523e+08  1.33109282e-02 
 1.28839568e+08  1.30115532e-02 
 1.31841987e+08  1.27038160e-02 
 1.34914372e+08  1.23895019e-02 
 1.38058355e+08  1.20704871e-02 
 1.41275604e+08  1.17487030e-02 
 1.44567827e+08  1.14261009e-02 
 1.47936769e+08  1.11046188e-02 
 1.51384220e+08  1.07861513e-02 
 1.54912009e+08  1.04725239e-02 
 1.58522008e+08  1.01654718e-02 
 1.62216133e+08  9.86662393e-03 
 1.65996343e+08  9.57749178e-03 
 1.69864646e+08  9.29946356e-03 
 1.73823095e+08  9.03380317e-03 
 1.77873789e+08  8.78165433e-03 
 1.82018879e+08  8.54405060e-03 
 1.86260564e+08  8.32193289e-03 
 1.90601095e+08  8.11617820e-03 
 1.95042776e+08  7.92764651e-03 
 1.99587964e+08  7.75726079e-03 
 2.04239071e+08  7.60615038e-03 
 2.08998565e+08  7.47592611e-03 
 2.13868972e+08  7.36925081e-03 
 2.18852877e+08  7.29113961e-03 
 2.23952925e+08  7.25229572e-03 
 2.29171822e+08  7.27908213e-03 
 2.34512337e+08  7.45009938e-03 
 2.39977306e+08  8.07109919e-03 
 2.45569627e+08  1.05228793e-02 
 2.51292270e+08  1.08584419e-02 
 2.57148271e+08  8.25925494e-03 
 2.63140737e+08  7.65467679e-03 
 2.69272848e+08  7.70043186e-03 
 2.75547860e+08  8.50632475e-03 
 2.81969102e+08  1.29606759e-02 
 2.88539981e+08  1.38592476e-02 
 2.95263985e+08  9.03450396e-03 
 3.02144683e+08  8.05149216e-03 
 3.09185725e+08  7.78224219e-03 
 3.16390848e+08  7.72497388e-03 
 3.23763876e+08  7.76139742e-03 
 3.31308722e+08  7.85801468e-03 
 3.39029389e+08  8.03549211e-03 
 3.46929975e+08  8.25187809e-03 
 3.55014673e+08  8.68768807e-03 
 3.63287773e+08  1.00338431e-02 
 3.71753666e+08  1.01032491e-02 
 3.80416844e+08  8.61268052e-03 
 3.89281904e+08  8.91185497e-03 
 3.98353552e+08  1.00823564e-02 
 4.07636602e+08  8.86138484e-03 
 4.17135980e+08  8.92284739e-03 
 4.26856726e+08  9.17932347e-03 
 4.36804001e+08  9.51774902e-03 
 4.46983082e+08  1.00936586e-02 
 4.57399372e+08  1.02498050e-02 
 4.68058398e+08  1.03291324e-02 
 4.78965818e+08  1.09703933e-02 
 4.90127419e+08  1.19876303e-02 
 5.01549125e+08  1.31212067e-02 
 5.13236997e+08  1.57070281e-02 
 5.25197238e+08  1.73376560e-02 
 5.37436195e+08  1.59046596e-02 
 5.49960363e+08  9.04157584e-03 
 5.62776388e+08  1.19372037e-02 
 5.75891073e+08  1.44479523e-02 
 5.89311376e+08  1.61541412e-02 
 6.03044419e+08  1.08002200e-02 
 6.17097492e+08  9.79638841e-03 
 6.31478050e+08  1.03334801e-02 
 6.46193727e+08  1.08191110e-02 
 6.61252331e+08  1.13608993e-02 
 6.76661854e+08  1.19677568e-02 
 6.92430473e+08  1.27763192e-02 
 7.08566557e+08  1.34503729e-02 
 7.25078669e+08  1.45109371e-02 
 7.41975572e+08  1.58790471e-02 
 7.59266232e+08  1.77257667e-02 
 7.76959826e+08  2.02494832e-02 
 7.95065744e+08  2.34088541e-02 
 8.13593593e+08  2.59095551e-02 
 8.32553207e+08  2.50799754e-02 
 8.51954648e+08  2.15260323e-02 
 8.71808210e+08  1.82335302e-02 
 8.92124431e+08  1.61290090e-02 
 9.12914092e+08  1.49675704e-02 
 9.34188226e+08  1.44096699e-02 
 9.55958123e+08  1.42315938e-02 
 9.78235335e+08  1.43113278e-02 
 1.00103169e+09  1.45987760e-02 
 1.02435927e+09  1.51059435e-02 
 1.04823047e+09  1.59277565e-02 
 1.07265796e+09  1.73158877e-02 
 1.09765469e+09  1.94794912e-02 
 1.12323393e+09  2.25551297e-02 
 1.14940927e+09  2.46918302e-02 
 1.17619457e+09  2.51478083e-02 
 1.20360408e+09  2.58822588e-02 
 1.23165232e+09  2.73689286e-02 
 1.26035418e+09  2.93987422e-02 
 1.28972490e+09  3.16883653e-02 
 1.31978006e+09  3.38864522e-02 
 1.35053561e+09  3.54517618e-02 
 1.38200788e+09  3.57948366e-02 
 1.41421356e+09  3.47568115e-02 
 1.44716975e+09  3.27571342e-02 
 1.48089393e+09  3.03970075e-02 
 1.51540401e+09  2.81013253e-02 
 1.55071830e+09  2.60646754e-02 
 1.58685553e+09  2.43353529e-02 
 1.62383489e+09  2.28946526e-02 
 1.66167599e+09  2.17009985e-02 
 1.70039893e+09  2.07089251e-02 
 1.74002425e+09  1.98752602e-02 
 1.78057299e+09  1.91608353e-02 
 1.82206665e+09  1.85325804e-02 
 1.86452726e+09  1.79663488e-02 
 1.90797735e+09  1.74477511e-02 
 1.95243999e+09  1.69704227e-02 
 1.99793876e+09  1.65337746e-02 
 2.04449781e+09  1.61413427e-02 
 2.09214185e+09  1.57992598e-02 
 2.14089617e+09  1.55142452e-02 
 2.19078664e+09  1.52912421e-02 
 2.24183974e+09  1.51315870e-02 
 2.29408255e+09  1.50327328e-02 
 2.34754280e+09  1.49895647e-02 
 2.40224887e+09  1.49959517e-02 
 2.45822978e+09  1.50453143e-02 
 2.51551525e+09  1.51305835e-02 
 2.57413567e+09  1.52444645e-02 
 2.63412215e+09  1.53800762e-02 
 2.69550653e+09  1.55315221e-02 
 2.75832139e+09  1.56941422e-02 
 2.82260005e+09  1.58644862e-02 
 2.88837664e+09  1.60401382e-02 
 2.95568605e+09  1.62195004e-02 
 3.02456401e+09  1.64015902e-02 
 3.09504707e+09  1.65858741e-02 
 3.16717263e+09  1.67721399e-02 
 3.24097898e+09  1.69604025e-02 
 3.31650528e+09  1.71508369e-02 
 3.39379160e+09  1.73437331e-02 
 3.47287898e+09  1.75394649e-02 
 3.55380937e+09  1.77384726e-02 
 3.63662572e+09  1.79412529e-02 
 3.72137199e+09  1.81483579e-02 
 3.80809314e+09  1.83604004e-02 
 3.89683521e+09  1.85780673e-02 
 3.98764528e+09  1.88021417e-02 
 4.08057155e+09  1.90335385e-02 
 4.17566333e+09  1.92733608e-02 
 4.27297108e+09  1.95229879e-02 
 4.37254645e+09  1.97842229e-02 
 4.47444228e+09  2.00595467e-02 
 4.57871264e+09  2.03525934e-02 
 4.68541287e+09  2.06691412e-02 
 4.79459960e+09  2.10197353e-02 
 4.90633076e+09  2.14383923e-02 
 5.02066566e+09  2.18628594e-02 
 5.13766496e+09  2.25298038e-02 
 5.25739076e+09  2.36976154e-02 
 5.37990660e+09  2.79948070e-02 
 5.50527749e+09  1.72189403e-02 
 5.63356997e+09  2.06123399e-02 
 5.76485211e+09  2.18664678e-02 
 5.89919360e+09  2.24070772e-02 
 6.03666571e+09  2.26848289e-02 
 6.17734142e+09  2.33417566e-02 
 6.32129537e+09  2.39346410e-02 
 6.46860395e+09  2.44822672e-02 
 6.61934535e+09  2.50579526e-02 
 6.77359956e+09  2.57137165e-02 
 6.93144843e+09  2.67664765e-02 
 7.09297575e+09  2.67706350e-02 
 7.25826722e+09  2.80182876e-02 
 7.42741057e+09  2.96601614e-02 
 7.60049556e+09  2.97875438e-02 
 7.77761404e+09  4.73578749e-02 
 7.95886001e+09  2.67499249e-02 
 8.14432966e+09  2.91336117e-02 
 8.33412140e+09  3.25693251e-02 
 8.52833597e+09  4.02309397e-02 
 8.72707642e+09  1.99181477e-02 
 8.93044823e+09  2.61263935e-02 
 9.13855932e+09  2.85678814e-02 
 9.35152014e+09  2.67916883e-02 
 9.56944371e+09  2.97005395e-02 
 9.79244566e+09  3.08185486e-02 
 1.00206443e+10  3.17623200e-02 
 1.02541609e+10  3.26487612e-02 
 1.04931192e+10  3.35156396e-02 
 1.07376460e+10  3.43815147e-02 
 1.09878712e+10  3.52578313e-02 
 1.12439276e+10  3.61529454e-02 
 1.15059509e+10  3.70739509e-02 
 1.17740804e+10  3.80277992e-02 
 1.20484582e+10  3.90222964e-02 
 1.23292299e+10  4.00674091e-02 
 1.26165447e+10  4.11775436e-02 
 1.29105549e+10  4.23764000e-02 
 1.32114166e+10  4.37093501e-02 
 1.35192894e+10  4.52831553e-02 
 1.38343368e+10  4.74526525e-02 
 1.41567259e+10  5.29846592e-02 
 1.44866277e+10  4.60565167e-02 
 1.48242175e+10  2.76226137e-02 
 1.51696743e+10  4.54379495e-02 
 1.55231815e+10  4.85857963e-02 
 1.58849266e+10  5.07516911e-02 
 1.62551017e+10  5.26927476e-02 
 1.66339032e+10  5.45929930e-02 
 1.70215321e+10  5.65276782e-02 
 1.74181941e+10  5.85396920e-02 
 1.78240998e+10  6.06599291e-02 
 1.82394645e+10  6.29122380e-02 
 1.86645086e+10  6.53071668e-02 
 1.90994578e+10  6.78121688e-02 
 1.95445429e+10  7.02683914e-02 
 2.00000000e+10  7.23210049e-02 
