 1.00000000e+08  1.96253197e-02 
 1.02330354e+08  1.97548328e-02 
 1.04715014e+08  1.98807630e-02 
 1.07155245e+08  2.00016689e-02 
 1.09652342e+08  2.01159056e-02 
 1.12207630e+08  2.02216153e-02 
 1.14822466e+08  2.03167225e-02 
 1.17498236e+08  2.03989365e-02 
 1.20236362e+08  2.04657634e-02 
 1.23038295e+08  2.05145296e-02 
 1.25905523e+08  2.05424205e-02 
 1.28839568e+08  2.05465340e-02 
 1.31841987e+08  2.05239533e-02 
 1.34914372e+08  2.04718351e-02 
 1.38058355e+08  2.03875157e-02 
 1.41275604e+08  2.02686276e-02 
 1.44567827e+08  2.01132225e-02 
 1.47936769e+08  1.99198928e-02 
 1.51384220e+08  1.96878805e-02 
 1.54912009e+08  1.94171647e-02 
 1.58522008e+08  1.91085174e-02 
 1.62216133e+08  1.87635201e-02 
 1.65996343e+08  1.83845381e-02 
 1.69864646e+08  1.79746524e-02 
 1.73823095e+08  1.75375534e-02 
 1.77873789e+08  1.70774065e-02 
 1.82018879e+08  1.65986988e-02 
 1.86260564e+08  1.61060812e-02 
 1.90601095e+08  1.56042155e-02 
 1.95042776e+08  1.50976376e-02 
 1.99587964e+08  1.45906424e-02 
 2.04239071e+08  1.40871939e-02 
 2.08998565e+08  1.35908625e-02 
 2.13868972e+08  1.31047853e-02 
 2.18852877e+08  1.26316480e-02 
 2.23952925e+08  1.21736815e-02 
 2.29171822e+08  1.17326694e-02 
 2.34512337e+08  1.13099589e-02 
 2.39977306e+08  1.09064709e-02 
 2.45569627e+08  1.05226998e-02 
 2.51292270e+08  1.01586985e-02 
 2.57148271e+08  9.81403579e-03 
 2.63140737e+08  9.48772436e-03 
 2.69272848e+08  9.17813874e-03 
 2.75547860e+08  8.88310570e-03 
 2.81969102e+08  8.60125830e-03 
 2.88539981e+08  8.34194774e-03 
 2.95263985e+08  8.21109206e-03 
 3.02144683e+08  9.74216272e-03 
 3.09185725e+08  1.73227270e-02 
 3.16390848e+08  1.06568670e-02 
 3.23763876e+08  9.33967704e-03 
 3.31308722e+08  8.83143338e-03 
 3.39029389e+08  8.56316806e-03 
 3.46929975e+08  8.40307516e-03 
 3.55014673e+08  8.30631448e-03 
 3.63287773e+08  8.25406524e-03 
 3.71753666e+08  8.23770108e-03 
 3.80416844e+08  8.25374727e-03 
 3.89281904e+08  8.30239985e-03 
 3.98353552e+08  8.38793666e-03 
 4.07636602e+08  8.52138782e-03 
 4.17135980e+08  8.72853460e-03 
 4.26856726e+08  9.07651414e-03 
 4.36804001e+08  9.81207756e-03 
 4.46983082e+08  1.14370474e-02 
 4.57399372e+08  1.86944892e-02 
 4.68058398e+08  1.59020113e-02 
 4.78965818e+08  9.98954932e-03 
 4.90127419e+08  9.29734438e-03 
 5.01549125e+08  9.91379626e-03 
 5.13236997e+08  9.30599530e-03 
 5.25197238e+08  9.52205160e-03 
 5.37436195e+08  9.88002037e-03 
 5.49960363e+08  1.04930694e-02 
 5.62776388e+08  1.19200192e-02 
 5.75891073e+08  1.34279208e-02 
 5.89311376e+08  1.64052321e-02 
 6.03044419e+08  1.67921999e-02 
 6.17097492e+08  1.17057214e-02 
 6.31478050e+08  1.28415659e-02 
 6.46193727e+08  1.35195105e-02 
 6.61252331e+08  2.10332974e-02 
 6.76661854e+08  1.20273568e-02 
 6.92430473e+08  1.40403937e-02 
 7.08566557e+08  1.16289507e-02 
 7.25078669e+08  1.20088219e-02 
 7.41975572e+08  1.28317698e-02 
 7.59266232e+08  1.33309757e-02 
 7.76959826e+08  9.13055758e-03 
 7.95065744e+08  1.20423225e-02 
 8.13593593e+08  1.12033233e-02 
 8.32553207e+08  1.26769061e-02 
 8.51954648e+08  1.70170201e-02 
 8.71808210e+08  1.47780402e-02 
 8.92124431e+08  1.24659275e-02 
 9.12914092e+08  1.29642295e-02 
 9.34188226e+08  1.40731409e-02 
 9.55958123e+08  1.29047621e-02 
 9.78235335e+08  1.46825021e-02 
 1.00103169e+09  1.34460248e-02 
 1.02435927e+09  2.04365309e-02 
 1.04823047e+09  1.82638739e-02 
 1.07265796e+09  1.55343711e-02 
 1.09765469e+09  1.38877515e-02 
 1.12323393e+09  1.43105373e-02 
 1.14940927e+09  1.58746571e-02 
 1.17619457e+09  1.69622449e-02 
 1.20360408e+09  1.79706462e-02 
 1.23165232e+09  1.97794837e-02 
 1.26035418e+09  1.84180399e-02 
 1.28972490e+09  1.98587051e-02 
 1.31978006e+09  1.92058629e-02 
 1.35053561e+09  2.36004953e-02 
 1.38200788e+09  2.32893007e-02 
 1.41421356e+09  2.36247143e-02 
 1.44716975e+09  2.60783484e-02 
 1.48089393e+09  2.69600973e-02 
 1.51540401e+09  2.65418089e-02 
 1.55071830e+09  1.81240614e-02 
 1.58685553e+09  2.94988916e-02 
 1.62383489e+09  3.22211595e-02 
 1.66167599e+09  2.00486440e-02 
 1.70039893e+09  2.25835601e-02 
 1.74002425e+09  1.87802970e-02 
 1.78057299e+09  1.85358296e-02 
 1.82206665e+09  1.35773759e-02 
 1.86452726e+09  9.47464717e-03 
 1.90797735e+09  1.47512649e-02 
 1.95243999e+09  1.89383188e-02 
 1.99793876e+09  1.71839340e-02 
 2.04449781e+09  1.45638190e-02 
 2.09214185e+09  1.29322339e-02 
 2.14089617e+09  1.20041081e-02 
 2.19078664e+09  1.14455907e-02 
 2.24183974e+09  1.12005842e-02 
 2.29408255e+09  1.12074101e-02 
 2.34754280e+09  1.13254756e-02 
 2.40224887e+09  1.17503533e-02 
 2.45822978e+09  1.21580498e-02 
 2.51551525e+09  1.25486891e-02 
 2.57413567e+09  1.28910281e-02 
 2.63412215e+09  1.31658869e-02 
 2.69550653e+09  1.33686855e-02 
 2.75832139e+09  1.35085202e-02 
 2.82260005e+09  1.36066552e-02 
 2.88837664e+09  1.36914062e-02 
 2.95568605e+09  1.37889112e-02 
 3.02456401e+09  1.39117437e-02 
 3.09504707e+09  1.40545281e-02 
 3.16717263e+09  1.42141821e-02 
 3.24097898e+09  1.44593520e-02 
 3.31650528e+09  1.37324122e-02 
 3.39379160e+09  1.41162230e-02 
 3.47287898e+09  1.42081123e-02 
 3.55380937e+09  1.43150970e-02 
 3.63662572e+09  1.44149446e-02 
 3.72137199e+09  1.45181450e-02 
 3.80809314e+09  1.46280745e-02 
 3.89683521e+09  1.47464491e-02 
 3.98764528e+09  1.48742960e-02 
 4.08057155e+09  1.50118574e-02 
 4.17566333e+09  1.51588383e-02 
 4.27297108e+09  1.53146305e-02 
 4.37254645e+09  1.54782386e-02 
 4.47444228e+09  1.56481955e-02 
 4.57871264e+09  1.58232122e-02 
 4.68541287e+09  1.60037438e-02 
 4.79459960e+09  1.61922782e-02 
 4.90633076e+09  1.63911560e-02 
 5.02066566e+09  1.66010407e-02 
 5.13766496e+09  1.68215466e-02 
 5.25739076e+09  1.70521801e-02 
 5.37990660e+09  1.72926493e-02 
 5.50527749e+09  1.75428633e-02 
 5.63356997e+09  1.78031346e-02 
 5.76485211e+09  1.80765303e-02 
 5.89919360e+09  1.84566243e-02 
 6.03666571e+09  1.85738246e-02 
 6.17734142e+09  1.88501517e-02 
 6.32129537e+09  1.91589107e-02 
 6.46860395e+09  1.94539636e-02 
 6.61934535e+09  1.97414684e-02 
 6.77359956e+09  2.00408363e-02 
 6.93144843e+09  2.03727279e-02 
 7.09297575e+09  2.07402793e-02 
 7.25826722e+09  2.11047774e-02 
 7.42741057e+09  2.14731145e-02 
 7.60049556e+09  2.13636834e-02 
 7.77761404e+09  2.22316058e-02 
 7.95886001e+09  2.24940141e-02 
 8.14432966e+09  2.30573439e-02 
 8.33412140e+09  2.48410932e-02 
 8.52833597e+09  2.32711804e-02 
 8.72707642e+09  2.39562094e-02 
 8.93044823e+09  2.45017893e-02 
 9.13855932e+09  2.50096769e-02 
 9.35152014e+09  2.55175524e-02 
 9.56944371e+09  2.60333094e-02 
 9.79244566e+09  2.65602761e-02 
 1.00206443e+10  2.71003136e-02 
 1.02541609e+10  2.76546944e-02 
 1.04931192e+10  2.82244354e-02 
 1.07376460e+10  2.88104526e-02 
 1.09878712e+10  2.94136498e-02 
 1.12439276e+10  3.00349851e-02 
 1.15059509e+10  3.06755367e-02 
 1.17740804e+10  3.13365891e-02 
 1.20484582e+10  3.20197628e-02 
 1.23292299e+10  3.27272360e-02 
 1.26165447e+10  3.34621539e-02 
 1.29105549e+10  3.42294616e-02 
 1.32114166e+10  3.50377832e-02 
 1.35192894e+10  3.59043346e-02 
 1.38343368e+10  3.68707873e-02 
 1.41567259e+10  3.80765127e-02 
 1.44866277e+10  4.05311244e-02 
 1.48242175e+10  3.57471919e-02 
 1.51696743e+10  3.74228236e-02 
 1.55231815e+10  3.92447552e-02 
 1.58849266e+10  4.06086120e-02 
 1.62551017e+10  4.17474227e-02 
 1.66339032e+10  4.28324827e-02 
 1.70215321e+10  4.39083753e-02 
 1.74181941e+10  4.49930011e-02 
 1.78240998e+10  4.60954488e-02 
 1.82394645e+10  4.72211648e-02 
 1.86645086e+10  4.83738738e-02 
 1.90994578e+10  4.95564168e-02 
 1.95445429e+10  5.07711604e-02 
 2.00000000e+10  5.20202165e-02 
