 1.00000000e+08  2.53466333e-02 
 1.02329299e+08  2.54808477e-02 
 1.04712855e+08  2.56210304e-02 
 1.07151931e+08  2.57674873e-02 
 1.09647820e+08  2.59205416e-02 
 1.12201845e+08  2.60805342e-02 
 1.14815362e+08  2.62478255e-02 
 1.17489755e+08  2.64227962e-02 
 1.20226443e+08  2.66058491e-02 
 1.23026877e+08  2.67974104e-02 
 1.25892541e+08  2.69979314e-02 
 1.28824955e+08  2.72078901e-02 
 1.31825674e+08  2.74277930e-02 
 1.34896288e+08  2.76581776e-02 
 1.38038426e+08  2.78996138e-02 
 1.41253754e+08  2.81527065e-02 
 1.44543977e+08  2.84180977e-02 
 1.47910839e+08  2.86964692e-02 
 1.51356125e+08  2.89885453e-02 
 1.54881662e+08  2.92950947e-02 
 1.58489319e+08  2.96169338e-02 
 1.62181010e+08  2.99549291e-02 
 1.65958691e+08  3.03100000e-02 
 1.69824365e+08  3.06831205e-02 
 1.73780083e+08  3.10753221e-02 
 1.77827941e+08  3.14876949e-02 
 1.81970086e+08  3.19213887e-02 
 1.86208714e+08  3.23776129e-02 
 1.90546072e+08  3.28576351e-02 
 1.94984460e+08  3.33627776e-02 
 1.99526231e+08  3.38944120e-02 
 2.04173794e+08  3.44539496e-02 
 2.08929613e+08  3.50428282e-02 
 2.13796209e+08  3.56624926e-02 
 2.18776162e+08  3.63143676e-02 
 2.23872114e+08  3.69998219e-02 
 2.29086765e+08  3.77201187e-02 
 2.34422882e+08  3.84763512e-02 
 2.39883292e+08  3.92693583e-02 
 2.45470892e+08  4.00996149e-02 
 2.51188643e+08  4.09670935e-02 
 2.57039578e+08  4.18710885e-02 
 2.63026799e+08  4.28099982e-02 
 2.69153480e+08  4.37810602e-02 
 2.75422870e+08  4.47800341e-02 
 2.81838293e+08  4.58008354e-02 
 2.88403150e+08  4.68351265e-02 
 2.95120923e+08  4.78718863e-02 
 3.01995172e+08  4.88969953e-02 
 3.09029543e+08  4.98928950e-02 
 3.16227766e+08  5.08384090e-02 
 3.23593657e+08  5.17088336e-02 
 3.31131121e+08  5.24764264e-02 
 3.38844156e+08  5.31114067e-02 
 3.46736850e+08  5.35835379e-02 
 3.54813389e+08  5.38642633e-02 
 3.63078055e+08  5.39292283e-02 
 3.71535229e+08  5.37608678e-02 
 3.80189396e+08  5.33506233e-02 
 3.89045145e+08  5.27003420e-02 
 3.98107171e+08  5.18225261e-02 
 4.07380278e+08  5.07393398e-02 
 4.16869383e+08  4.94805523e-02 
 4.26579519e+08  4.80808192e-02 
 4.36515832e+08  4.65767922e-02 
 4.46683592e+08  4.50045040e-02 
 4.57088190e+08  4.33973253e-02 
 4.67735141e+08  4.17846168e-02 
 4.78630092e+08  4.01910504e-02 
 4.89778819e+08  3.86364778e-02 
 5.01187234e+08  3.71361878e-02 
 5.12861384e+08  3.57013981e-02 
 5.24807460e+08  3.43398581e-02 
 5.37031796e+08  3.30564696e-02 
 5.49540874e+08  3.18538718e-02 
 5.62341325e+08  3.07329576e-02 
 5.75439937e+08  2.96933115e-02 
 5.88843655e+08  2.87335682e-02 
 6.02559586e+08  2.78516989e-02 
 6.16595002e+08  2.70452358e-02 
 6.30957344e+08  2.63114450e-02 
 6.45654229e+08  2.56474576e-02 
 6.60693448e+08  2.50503690e-02 
 6.76082975e+08  2.45173137e-02 
 6.91830971e+08  2.40455220e-02 
 7.07945784e+08  2.36323634e-02 
 7.24435960e+08  2.32753807e-02 
 7.41310241e+08  2.29723193e-02 
 7.58577575e+08  2.27211504e-02 
 7.76247117e+08  2.25200935e-02 
 7.94328235e+08  2.23676355e-02 
 8.12830516e+08  2.22625473e-02 
 8.31763771e+08  2.22038954e-02 
 8.51138038e+08  2.21910447e-02 
 8.70963590e+08  2.22236455e-02 
 8.91250938e+08  2.23015919e-02 
 9.12010839e+08  2.24249335e-02 
 9.33254301e+08  2.25937096e-02 
 9.54992586e+08  2.28076602e-02 
 9.77237221e+08  2.30657521e-02 
 1.00000000e+09  2.33654365e-02 
 1.02329299e+09  2.37015554e-02 
 1.04712855e+09  2.40648582e-02 
 1.07151931e+09  2.44402397e-02 
 1.09647820e+09  2.48051490e-02 
 1.12201845e+09  2.51291599e-02 
 1.14815362e+09  2.53762281e-02 
 1.17489755e+09  2.55110144e-02 
 1.20226443e+09  2.55089273e-02 
 1.23026877e+09  2.53663413e-02 
 1.25892541e+09  2.51052692e-02 
 1.28824955e+09  2.47688726e-02 
 1.31825674e+09  2.44099719e-02 
 1.34896288e+09  2.40789106e-02 
 1.38038426e+09  2.38161324e-02 
 1.41253754e+09  2.36507529e-02 
 1.44543977e+09  2.36033022e-02 
 1.47910839e+09  2.36901295e-02 
 1.51356125e+09  2.39276439e-02 
 1.54881662e+09  2.43352268e-02 
 1.58489319e+09  2.49355314e-02 
 1.62181010e+09  2.57498542e-02 
 1.65958691e+09  2.67855113e-02 
 1.69824365e+09  2.80159810e-02 
 1.73780083e+09  2.93671149e-02 
 1.77827941e+09  3.07290612e-02 
 1.81970086e+09  3.19863794e-02 
 1.86208714e+09  3.30356307e-02 
 1.90546072e+09  3.37927709e-02 
 1.94984460e+09  3.42119585e-02 
 1.99526231e+09  3.43059197e-02 
 2.04173794e+09  3.41457766e-02 
 2.08929613e+09  3.38401624e-02 
 2.13796209e+09  3.35058039e-02 
 2.18776162e+09  3.32354651e-02 
 2.23872114e+09  3.30724044e-02 
 2.29086765e+09  3.30108420e-02 
 2.34422882e+09  3.30227044e-02 
 2.39883292e+09  3.30836868e-02 
 2.45470892e+09  3.31820042e-02 
 2.51188643e+09  3.33156507e-02 
 2.57039578e+09  3.34877826e-02 
 2.63026799e+09  3.37040517e-02 
 2.69153480e+09  3.39720369e-02 
 2.75422870e+09  3.43023033e-02 
 2.81838293e+09  3.47112982e-02 
 2.88403150e+09  3.52279007e-02 
 2.95120923e+09  3.59099748e-02 
 3.01995172e+09  3.68950534e-02 
 3.09029543e+09  3.85965624e-02 
 3.16227766e+09  4.08363444e-02 
 3.23593657e+09  2.93636327e-02 
 3.31131121e+09  2.69473522e-02 
 3.38844156e+09  3.38728079e-02 
 3.46736850e+09  3.58219178e-02 
 3.54813389e+09  3.73396295e-02 
 3.63078055e+09  3.90330651e-02 
 3.71535229e+09  4.24029582e-02 
 3.80189396e+09  3.52832183e-02 
 3.89045145e+09  4.05708252e-02 
 3.98107171e+09  4.37299914e-02 
 4.07380278e+09  4.93280975e-02 
 4.16869383e+09  3.02140919e-02 
 4.26579519e+09  4.29149859e-02 
 4.36515832e+09  5.01223700e-02 
 4.46683592e+09  5.62988639e-02 
 4.57088190e+09  4.35480147e-02 
 4.67735141e+09  3.04415184e-02 
 4.78630092e+09  3.97839489e-02 
 4.89778819e+09  5.11393699e-02 
 5.01187234e+09  4.01586820e-02 
 5.12861384e+09  4.44722235e-02 
 5.24807460e+09  5.21911275e-02 
 5.37031796e+09  6.06025660e-02 
 5.49540874e+09  5.03945359e-02 
 5.62341325e+09  6.06293195e-02 
 5.75439937e+09  5.38841646e-02 
 5.88843655e+09  5.30362690e-02 
 6.02559586e+09  4.42333527e-02 
 6.16595002e+09  3.92677318e-02 
 6.30957344e+09  3.95168204e-02 
 6.45654229e+09  4.49584069e-02 
 6.60693448e+09  6.21370126e-02 
 6.76082975e+09  6.73915741e-02 
 6.91830971e+09  9.50829215e-02 
 7.07945784e+09  6.97484081e-02 
 7.24435960e+09  3.69935823e-02 
 7.41310241e+09  1.77057553e-01 
 7.58577575e+09  2.57805830e-02 
 7.76247117e+09  4.35798959e-02 
 7.94328235e+09  2.37676394e-02 
 8.12830516e+09  3.29191059e-02 
 8.31763771e+09  3.92363972e-02 
 8.51138038e+09  4.01030990e-02 
 8.70963590e+09  4.57429648e-02 
 8.91250938e+09  1.92566736e-02 
 9.12010839e+09  3.79262769e-02 
 9.33254301e+09  4.46300151e-02 
 9.54992586e+09  5.16966655e-02 
 9.77237221e+09  4.77697971e-02 
 1.00000000e+10  5.27082144e-02 
 1.02329299e+10  5.60923859e-02 
 1.04712855e+10  5.92947752e-02 
 1.07151931e+10  6.25596545e-02 
 1.09647820e+10  6.60047223e-02 
 1.12201845e+10  6.97349454e-02 
 1.14815362e+10  7.38773218e-02 
 1.17489755e+10  7.86148301e-02 
 1.20226443e+10  8.42468164e-02 
 1.23026877e+10  9.13275077e-02 
 1.25892541e+10  1.01048377e-01 
 1.28824955e+10  1.16549629e-01 
 1.31825674e+10  1.48422026e-01 
 1.34896288e+10  1.56341826e-01 
 1.38038426e+10  4.33079133e-02 
 1.41253754e+10  7.87094859e-02 
 1.44543977e+10  9.36548477e-02 
 1.47910839e+10  8.59047963e-02 
 1.51356125e+10  1.54384827e-01 
 1.54881662e+10  8.92024818e-02 
 1.58489319e+10  1.08712713e-01 
 1.62181010e+10  1.23606366e-01 
 1.65958691e+10  1.38936606e-01 
 1.69824365e+10  1.56275005e-01 
 1.73780083e+10  1.76923554e-01 
 1.77827941e+10  2.02437930e-01 
 1.81970086e+10  2.34815598e-01 
 1.86208714e+10  2.76184534e-01 
 1.90546072e+10  3.26377858e-01 
 1.94984460e+10  3.74135034e-01 
 1.99526231e+10  3.87154874e-01 
