 1.00000000e+08  2.18348973e-02 
 1.02329299e+08  2.19891761e-02 
 1.04712855e+08  2.21492663e-02 
 1.07151931e+08  2.23154819e-02 
 1.09647820e+08  2.24881537e-02 
 1.12201845e+08  2.26676294e-02 
 1.14815362e+08  2.28542758e-02 
 1.17489755e+08  2.30484791e-02 
 1.20226443e+08  2.32506468e-02 
 1.23026877e+08  2.34612090e-02 
 1.25892541e+08  2.36806202e-02 
 1.28824955e+08  2.39093608e-02 
 1.31825674e+08  2.41479387e-02 
 1.34896288e+08  2.43968921e-02 
 1.38038426e+08  2.46567907e-02 
 1.41253754e+08  2.49282385e-02 
 1.44543977e+08  2.52118761e-02 
 1.47910839e+08  2.55083832e-02 
 1.51356125e+08  2.58184809e-02 
 1.54881662e+08  2.61429351e-02 
 1.58489319e+08  2.64825587e-02 
 1.62181010e+08  2.68382145e-02 
 1.65958691e+08  2.72108180e-02 
 1.69824365e+08  2.76013400e-02 
 1.73780083e+08  2.80108088e-02 
 1.77827941e+08  2.84403120e-02 
 1.81970086e+08  2.88909981e-02 
 1.86208714e+08  2.93640763e-02 
 1.90546072e+08  2.98608156e-02 
 1.94984460e+08  3.03825422e-02 
 1.99526231e+08  3.09306340e-02 
 2.04173794e+08  3.15065123e-02 
 2.08929613e+08  3.21116288e-02 
 2.13796209e+08  3.27474473e-02 
 2.18776162e+08  3.34154179e-02 
 2.23872114e+08  3.41169418e-02 
 2.29086765e+08  3.48533239e-02 
 2.34422882e+08  3.56257099e-02 
 2.39883292e+08  3.64350039e-02 
 2.45470892e+08  3.72817619e-02 
 2.51188643e+08  3.81660555e-02 
 2.57039578e+08  3.90872999e-02 
 2.63026799e+08  4.00440396e-02 
 2.69153480e+08  4.10336870e-02 
 2.75422870e+08  4.20522091e-02 
 2.81838293e+08  4.30937642e-02 
 2.88403150e+08  4.41502944e-02 
 2.95120923e+08  4.52110947e-02 
 3.01995172e+08  4.62623933e-02 
 3.09029543e+08  4.72870008e-02 
 3.16227766e+08  4.82641131e-02 
 3.23593657e+08  4.91693752e-02 
 3.31131121e+08  4.99753305e-02 
 3.38844156e+08  5.06523732e-02 
 3.46736850e+08  5.11702737e-02 
 3.54813389e+08  5.15002573e-02 
 3.63078055e+08  5.16174763e-02 
 3.71535229e+08  5.15035672e-02 
 3.80189396e+08  5.11488683e-02 
 3.89045145e+08  5.05538545e-02 
 3.98107171e+08  4.97294589e-02 
 4.07380278e+08  4.86961762e-02 
 4.16869383e+08  4.74821149e-02 
 4.26579519e+08  4.61203800e-02 
 4.36515832e+08  4.46462644e-02 
 4.46683592e+08  4.30946868e-02 
 4.57088190e+08  4.14981729e-02 
 4.67735141e+08  3.98855067e-02 
 4.78630092e+08  3.82810330e-02 
 4.89778819e+08  3.67044978e-02 
 5.01187234e+08  3.51712734e-02 
 5.12861384e+08  3.36928207e-02 
 5.24807460e+08  3.22772659e-02 
 5.37031796e+08  3.09300018e-02 
 5.49540874e+08  2.96542583e-02 
 5.62341325e+08  2.84516107e-02 
 5.75439937e+08  2.73224132e-02 
 5.88843655e+08  2.62661578e-02 
 6.02559586e+08  2.52817627e-02 
 6.16595002e+08  2.43678010e-02 
 6.30957344e+08  2.35226782e-02 
 6.45654229e+08  2.27447696e-02 
 6.60693448e+08  2.20325246e-02 
 6.76082975e+08  2.13845466e-02 
 6.91830971e+08  2.07996538e-02 
 7.07945784e+08  2.02769268e-02 
 7.24435960e+08  1.98157466e-02 
 7.41310241e+08  1.94158249e-02 
 7.58577575e+08  1.90772324e-02 
 7.76247117e+08  1.88004220e-02 
 7.94328235e+08  1.85862520e-02 
 8.12830516e+08  1.84360047e-02 
 8.31763771e+08  1.83513997e-02 
 8.51138038e+08  1.83345953e-02 
 8.70963590e+08  1.83881673e-02 
 8.91250938e+08  1.85150464e-02 
 9.12010839e+08  1.87183840e-02 
 9.33254301e+08  1.90013002e-02 
 9.54992586e+08  1.93664398e-02 
 9.77237221e+08  1.98152350e-02 
 1.00000000e+09  2.03467398e-02 
 1.02329299e+09  2.09558845e-02 
 1.04712855e+09  2.16310537e-02 
 1.07151931e+09  2.23510883e-02 
 1.09647820e+09  2.30822961e-02 
 1.12201845e+09  2.37768780e-02 
 1.14815362e+09  2.43751068e-02 
 1.17489755e+09  2.48137054e-02 
 1.20226443e+09  2.50407565e-02 
 1.23026877e+09  2.50328620e-02 
 1.25892541e+09  2.48062647e-02 
 1.28824955e+09  2.44152152e-02 
 1.31825674e+09  2.39384340e-02 
 1.34896288e+09  2.34614641e-02 
 1.38038426e+09  2.30630511e-02 
 1.41253754e+09  2.28088783e-02 
 1.44543977e+09  2.27512184e-02 
 1.47910839e+09  2.29309594e-02 
 1.51356125e+09  2.33781532e-02 
 1.54881662e+09  2.41070200e-02 
 1.58489319e+09  2.51006051e-02 
 1.62181010e+09  2.62812202e-02 
 1.65958691e+09  2.74731058e-02 
 1.69824365e+09  2.83934932e-02 
 1.73780083e+09  2.87360218e-02 
 1.77827941e+09  2.83458194e-02 
 1.81970086e+09  2.73279151e-02 
 1.86208714e+09  2.59566837e-02 
 1.90546072e+09  2.45008839e-02 
 1.94984460e+09  2.31323550e-02 
 1.99526231e+09  2.19299818e-02 
 2.04173794e+09  2.09146453e-02 
 2.08929613e+09  2.00778230e-02 
 2.13796209e+09  1.93986215e-02 
 2.18776162e+09  1.88536608e-02 
 2.23872114e+09  1.84228184e-02 
 2.29086765e+09  1.80914086e-02 
 2.34422882e+09  1.78494410e-02 
 2.39883292e+09  1.76896208e-02 
 2.45470892e+09  1.76055356e-02 
 2.51188643e+09  1.75906818e-02 
 2.57039578e+09  1.76384469e-02 
 2.63026799e+09  1.77427565e-02 
 2.69153480e+09  1.78989834e-02 
 2.75422870e+09  1.81049669e-02 
 2.81838293e+09  1.83624511e-02 
 2.88403150e+09  1.86800600e-02 
 2.95120923e+09  1.90812845e-02 
 3.01995172e+09  1.96312786e-02 
 3.09029543e+09  2.05599082e-02 
 3.16227766e+09  2.26552480e-02 
 3.23593657e+09  1.70712349e-02 
 3.31131121e+09  1.82544634e-02 
 3.38844156e+09  1.93525065e-02 
 3.46736850e+09  2.00804266e-02 
 3.54813389e+09  2.06997144e-02 
 3.63078055e+09  2.12940828e-02 
 3.71535229e+09  2.18394273e-02 
 3.80189396e+09  2.26539666e-02 
 3.89045145e+09  2.34800225e-02 
 3.98107171e+09  2.45396641e-02 
 4.07380278e+09  2.64802792e-02 
 4.16869383e+09  2.10972249e-02 
 4.26579519e+09  2.51427315e-02 
 4.36515832e+09  2.79554067e-02 
 4.46683592e+09  2.97904249e-02 
 4.57088190e+09  2.48722116e-02 
 4.67735141e+09  2.24207281e-02 
 4.78630092e+09  2.60075340e-02 
 4.89778819e+09  3.09446446e-02 
 5.01187234e+09  2.93146238e-02 
 5.12861384e+09  2.58943290e-02 
 5.24807460e+09  2.92396224e-02 
 5.37031796e+09  3.37474482e-02 
 5.49540874e+09  2.68246720e-02 
 5.62341325e+09  3.27218096e-02 
 5.75439937e+09  3.19487289e-02 
 5.88843655e+09  3.49258418e-02 
 6.02559586e+09  2.46331819e-02 
 6.16595002e+09  2.75661368e-02 
 6.30957344e+09  2.86291869e-02 
 6.45654229e+09  3.13057020e-02 
 6.60693448e+09  3.69666402e-02 
 6.76082975e+09  3.10527126e-02 
 6.91830971e+09  3.04014246e-02 
 7.07945784e+09  4.48225871e-02 
 7.24435960e+09  2.77650037e-02 
 7.41310241e+09  3.81576591e-02 
 7.58577575e+09  3.93281935e-02 
 7.76247117e+09  3.38582960e-02 
 7.94328235e+09  3.57825637e-02 
 8.12830516e+09  3.02436568e-02 
 8.31763771e+09  3.47700760e-02 
 8.51138038e+09  3.90224206e-02 
 8.70963590e+09  3.74551182e-02 
 8.91250938e+09  4.00914951e-02 
 9.12010839e+09  4.12605348e-02 
 9.33254301e+09  4.33435867e-02 
 9.54992586e+09  4.54077472e-02 
 9.77237221e+09  4.62841841e-02 
 1.00000000e+10  4.63963993e-02 
 1.02329299e+10  4.94777353e-02 
 1.04712855e+10  5.15389530e-02 
 1.07151931e+10  5.36054119e-02 
 1.09647820e+10  5.57718248e-02 
 1.12201845e+10  5.80899823e-02 
 1.14815362e+10  6.06145781e-02 
 1.17489755e+10  6.34216396e-02 
 1.20226443e+10  6.66337883e-02 
 1.23026877e+10  7.04755785e-02 
 1.25892541e+10  7.54231832e-02 
 1.28824955e+10  8.26978059e-02 
 1.31825674e+10  9.59752522e-02 
 1.34896288e+10  8.44458209e-02 
 1.38038426e+10  5.24028268e-02 
 1.41253754e+10  7.00411605e-02 
 1.44543977e+10  7.66640562e-02 
 1.47910839e+10  7.56723606e-02 
 1.51356125e+10  8.55187654e-02 
 1.54881662e+10  8.88831156e-02 
 1.58489319e+10  9.58198228e-02 
 1.62181010e+10  1.02947176e-01 
 1.65958691e+10  1.10739434e-01 
 1.69824365e+10  1.19522980e-01 
 1.73780083e+10  1.29650780e-01 
 1.77827941e+10  1.41545023e-01 
 1.81970086e+10  1.55678453e-01 
 1.86208714e+10  1.72361208e-01 
 1.90546072e+10  1.90867912e-01 
 1.94984460e+10  2.07315891e-01 
 1.99526231e+10  2.15867789e-01 
