 1.00000000e+08  1.98052877e-02 
 1.02330354e+08  1.97186773e-02 
 1.04715014e+08  1.96136911e-02 
 1.07155245e+08  1.94891753e-02 
 1.09652342e+08  1.93441245e-02 
 1.12207630e+08  1.91777285e-02 
 1.14822466e+08  1.89894181e-02 
 1.17498236e+08  1.87789089e-02 
 1.20236362e+08  1.85462394e-02 
 1.23038295e+08  1.82918007e-02 
 1.25905523e+08  1.80163557e-02 
 1.28839568e+08  1.77210445e-02 
 1.31841987e+08  1.74073762e-02 
 1.34914372e+08  1.70772055e-02 
 1.38058355e+08  1.67326954e-02 
 1.41275604e+08  1.63762680e-02 
 1.44567827e+08  1.60105458e-02 
 1.47936769e+08  1.56382872e-02 
 1.51384220e+08  1.52623190e-02 
 1.54912009e+08  1.48854713e-02 
 1.58522008e+08  1.45105156e-02 
 1.62216133e+08  1.41401104e-02 
 1.65996343e+08  1.37767555e-02 
 1.69864646e+08  1.34227562e-02 
 1.73823095e+08  1.30801967e-02 
 1.77873789e+08  1.27509243e-02 
 1.82018879e+08  1.24365419e-02 
 1.86260564e+08  1.21384088e-02 
 1.90601095e+08  1.18576490e-02 
 1.95042776e+08  1.15951652e-02 
 1.99587964e+08  1.13516594e-02 
 2.04239071e+08  1.11276592e-02 
 2.08998565e+08  1.09235511e-02 
 2.13868972e+08  1.07396233e-02 
 2.18852877e+08  1.05761235e-02 
 2.23952925e+08  1.04333415e-02 
 2.29171822e+08  1.03117376e-02 
 2.34512337e+08  1.02121580e-02 
 2.39977306e+08  1.01362325e-02 
 2.45569627e+08  1.00871765e-02 
 2.51292270e+08  1.00715792e-02 
 2.57148271e+08  1.01039023e-02 
 2.63140737e+08  1.02196430e-02 
 2.69272848e+08  1.05225824e-02 
 2.75547860e+08  1.14108769e-02 
 2.81969102e+08  1.50667313e-02 
 2.88539981e+08  1.91056941e-02 
 2.95263985e+08  1.24863910e-02 
 3.02144683e+08  1.10267812e-02 
 3.09185725e+08  1.07194753e-02 
 3.16390848e+08  1.08483574e-02 
 3.23763876e+08  1.16437741e-02 
 3.31308722e+08  1.62167776e-02 
 3.39029389e+08  1.44068598e-02 
 3.46929975e+08  1.10908332e-02 
 3.55014673e+08  1.06537840e-02 
 3.63287773e+08  1.06165675e-02 
 3.71753666e+08  1.07005498e-02 
 3.80416844e+08  1.08356207e-02 
 3.89281904e+08  1.09992046e-02 
 3.98353552e+08  1.12410813e-02 
 4.07636602e+08  1.16008967e-02 
 4.17135980e+08  1.22064947e-02 
 4.26856726e+08  1.30348818e-02 
 4.36804001e+08  1.25356141e-02 
 4.46983082e+08  1.24054391e-02 
 4.57399372e+08  1.52295969e-02 
 4.68058398e+08  1.19411481e-02 
 4.78965818e+08  1.21227634e-02 
 4.90127419e+08  1.25378734e-02 
 5.01549125e+08  1.31934400e-02 
 5.13236997e+08  1.51334189e-02 
 5.25197238e+08  1.47727494e-02 
 5.37436195e+08  1.72032071e-02 
 5.49960363e+08  1.66967578e-02 
 5.62776388e+08  1.57005362e-02 
 5.75891073e+08  1.21288339e-02 
 5.89311376e+08  1.10634810e-02 
 6.03044419e+08  1.19193106e-02 
 6.17097492e+08  1.28005610e-02 
 6.31478050e+08  1.28342959e-02 
 6.46193727e+08  1.34954194e-02 
 6.61252331e+08  1.45357474e-02 
 6.76661854e+08  1.62663164e-02 
 6.92430473e+08  1.61499386e-02 
 7.08566557e+08  1.24279923e-02 
 7.25078669e+08  1.70612331e-02 
 7.41975572e+08  2.04678516e-02 
 7.59266232e+08  1.42869486e-02 
 7.76959826e+08  1.50669714e-02 
 7.95065744e+08  1.54011373e-02 
 8.13593593e+08  1.89609263e-02 
 8.32553207e+08  1.58510540e-02 
 8.51954648e+08  1.80957032e-02 
 8.71808210e+08  1.66190047e-02 
 8.92124431e+08  1.86699279e-02 
 9.12914092e+08  2.08449024e-02 
 9.34188226e+08  2.06255832e-02 
 9.55958123e+08  1.33049527e-02 
 9.78235335e+08  1.10677880e-02 
 1.00103169e+09  1.49751883e-02 
 1.02435927e+09  1.78617438e-02 
 1.04823047e+09  1.75181791e-02 
 1.07265796e+09  2.17670805e-02 
 1.09765469e+09  2.00192284e-02 
 1.12323393e+09  1.34487583e-02 
 1.14940927e+09  1.56758318e-02 
 1.17619457e+09  1.75007022e-02 
 1.20360408e+09  1.97366428e-02 
 1.23165232e+09  1.96712527e-02 
 1.26035418e+09  1.86839115e-02 
 1.28972490e+09  2.16401844e-02 
 1.31978006e+09  1.69727978e-02 
 1.35053561e+09  1.44201716e-02 
 1.38200788e+09  1.74378394e-02 
 1.41421356e+09  1.67737686e-02 
 1.44716975e+09  1.69232494e-02 
 1.48089393e+09  1.80805229e-02 
 1.51540401e+09  1.91186331e-02 
 1.55071830e+09  2.00250545e-02 
 1.58685553e+09  2.07823115e-02 
 1.62383489e+09  2.23445686e-02 
 1.66167599e+09  2.14044842e-02 
 1.70039893e+09  2.31163512e-02 
 1.74002425e+09  2.47873040e-02 
 1.78057299e+09  2.65879019e-02 
 1.82206665e+09  2.77500421e-02 
 1.86452726e+09  2.61051706e-02 
 1.90797735e+09  3.06208490e-02 
 1.95243999e+09  2.67357386e-02 
 1.99793876e+09  1.97810909e-02 
 2.04449781e+09  2.18000645e-02 
 2.09214185e+09  2.44728685e-02 
 2.14089617e+09  2.63948145e-02 
 2.19078664e+09  2.79400500e-02 
 2.24183974e+09  2.92065504e-02 
 2.29408255e+09  3.00443119e-02 
 2.34754280e+09  2.94881109e-02 
 2.40224887e+09  2.76525726e-02 
 2.45822978e+09  2.95111055e-02 
 2.51551525e+09  3.15641034e-02 
 2.57413567e+09  3.28783446e-02 
 2.63412215e+09  3.38398551e-02 
 2.69550653e+09  3.46201753e-02 
 2.75832139e+09  3.52929811e-02 
 2.82260005e+09  3.58948955e-02 
 2.88837664e+09  3.64461620e-02 
 2.95568605e+09  3.69585667e-02 
 3.02456401e+09  3.74389588e-02 
 3.09504707e+09  3.78910723e-02 
 3.16717263e+09  3.83166057e-02 
 3.24097898e+09  3.87159359e-02 
 3.31650528e+09  3.90886251e-02 
 3.39379160e+09  3.94337931e-02 
 3.47287898e+09  3.97503956e-02 
 3.55380937e+09  4.00374289e-02 
 3.63662572e+09  4.02940766e-02 
 3.72137199e+09  4.05198075e-02 
 3.80809314e+09  4.07144348e-02 
 3.89683521e+09  4.08781411e-02 
 3.98764528e+09  4.10114781e-02 
 4.08057155e+09  4.11153443e-02 
 4.17566333e+09  4.11909486e-02 
 4.27297108e+09  4.12397634e-02 
 4.37254645e+09  4.12634719e-02 
 4.47444228e+09  4.12639137e-02 
 4.57871264e+09  4.12430320e-02 
 4.68541287e+09  4.12028244e-02 
 4.79459960e+09  4.11452982e-02 
 4.90633076e+09  4.10724333e-02 
 5.02066566e+09  4.09861506e-02 
 5.13766496e+09  4.08882872e-02 
 5.25739076e+09  4.07805782e-02 
 5.37990660e+09  4.06646436e-02 
 5.50527749e+09  4.05419802e-02 
 5.63356997e+09  4.04139575e-02 
 5.76485211e+09  4.02818161e-02 
 5.89919360e+09  4.01466689e-02 
 6.03666571e+09  4.00095070e-02 
 6.17734142e+09  3.98669609e-02 
 6.32129537e+09  3.97321888e-02 
 6.46860395e+09  3.95932678e-02 
 6.61934535e+09  3.94539525e-02 
 6.77359956e+09  3.93089095e-02 
 6.93144843e+09  3.92394899e-02 
 7.09297575e+09  3.90731123e-02 
 7.25826722e+09  3.89411358e-02 
 7.42741057e+09  3.88151451e-02 
 7.60049556e+09  3.86935945e-02 
 7.77761404e+09  3.85764021e-02 
 7.95886001e+09  3.84637156e-02 
 8.14432966e+09  3.83549651e-02 
 8.33412140e+09  3.82412639e-02 
 8.52833597e+09  3.79010152e-02 
 8.72707642e+09  3.53178988e-02 
 8.93044823e+09  3.76204551e-02 
 9.13855932e+09  3.76699704e-02 
 9.35152014e+09  3.76214004e-02 
 9.56944371e+09  3.75521526e-02 
 9.79244566e+09  3.74770869e-02 
 1.00206443e+10  3.74008656e-02 
 1.02541609e+10  3.73253561e-02 
 1.04931192e+10  3.72514140e-02 
 1.07376460e+10  3.71794574e-02 
 1.09878712e+10  3.71096884e-02 
 1.12439276e+10  3.70421910e-02 
 1.15059509e+10  3.69769767e-02 
 1.17740804e+10  3.69140073e-02 
 1.20484582e+10  3.68532010e-02 
 1.23292299e+10  3.67944283e-02 
 1.26165447e+10  3.67374880e-02 
 1.29105549e+10  3.66820442e-02 
 1.32114166e+10  3.66274470e-02 
 1.35192894e+10  3.65721201e-02 
 1.38343368e+10  3.65104892e-02 
 1.41567259e+10  3.63953244e-02 
 1.44866277e+10  3.64281001e-02 
 1.48242175e+10  3.64137325e-02 
 1.51696743e+10  3.54067914e-02 
 1.55231815e+10  3.63695594e-02 
 1.58849266e+10  3.63251212e-02 
 1.62551017e+10  3.62859149e-02 
 1.66339032e+10  3.62499185e-02 
 1.70215321e+10  3.62162169e-02 
 1.74181941e+10  3.61843829e-02 
 1.78240998e+10  3.61541754e-02 
 1.82394645e+10  3.61254366e-02 
 1.86645086e+10  3.60980518e-02 
 1.90994578e+10  3.60719303e-02 
 1.95445429e+10  3.60469962e-02 
 2.00000000e+10  3.60231839e-02 
