0.03521739130434783
0.03521739130434783
0.03521739130434783
0.03521739130434783
0.03521739130434783
0.03521739130434783
0.03521739130434783
0.03521739130434783
0.03521739130434783
0.03521739130434783
0.03521739130434783
0.03521739130434783
0.03521739130434783
0.03521739130434783
0.03521739130434783
0.03521739130434783
0.03521739130434783
0.03521739130434783
0.03521739130434783
0.03521739130434783
0.03521739130434783
0.03521739130434783
0.03521739130434783
0.03521739130434783
0.03521739130434783
0.03521739130434783
0.03521739130434783
0.03521739130434783
0.03521739130434783
0.03521739130434783
0.03521739130434783
0.03521739130434783
0.03521739130434783
0.03521739130434783
0.03521739130434783
0.03521739130434783
0.03521739130434783
0.03521739130434783
0.03521739130434783
0.03521739130434783
0.03521739130434783
0.03521739130434783
0.03521739130434783
0.03521739130434783
0.03521739130434783
0.03521739130434783
0.03521739130434783
0.03521739130434783
0.03521739130434783
0.03521739130434783
0.03521739130434783
0.03521739130434783
0.03521739130434783
0.03521739130434783
0.03521739130434783
0.03521739130434783
0.03521739130434783
0.03521739130434783
0.03521739130434783
0.03521739130434783
0.03521739130434783
0.03521739130434783
0.03521739130434783
0.03521739130434783
0.03521739130434783
0.03521739130434783
0.03521739130434783
0.03521739130434783
0.03521739130434783
0.03521739130434783
0.03521739130434783
0.03521739130434783
0.03521739130434783
0.03521739130434783
0.03521739130434783
0.03521739130434783
0.03521739130434783
0.03521739130434783
0.03521739130434783
0.03521739130434783
0.03521739130434783
0.03521739130434783
0.03521739130434783
0.03521739130434783
0.03521739130434783
0.03521739130434783
0.03521739130434783
0.03521739130434783
0.03521739130434783
0.03521739130434783
0.03521739130434783
0.03521739130434783
0.03521739130434783
0.03521739130434783
0.03521739130434783
0.03521739130434783
0.03521739130434783
0.03521739130434783
0.03521739130434783
0.03521739130434783
0.03521739130434783
0.03521739130434783
0.03521739130434783
0.03521739130434783
0.03521739130434783
0.03521739130434783
0.03521739130434783
0.03521739130434783
0.03521739130434783
0.03521739130434783
0.03521739130434783
0.03521739130434783
0.03521739130434783
0.03521739130434783
0.03521739130434783
0.03521739130434783
0.03521739130434783
0.03521739130434783
0.03521739130434783
0.03521739130434783
0.03521739130434783
0.03521739130434783
0.03521739130434783
0.03521739130434783
0.03521739130434783
0.03521739130434783
0.03521739130434783
0.03521739130434783
0.03521739130434783
0.03521739130434783
0.03521739130434783
0.03521739130434783
0.03521739130434783
0.03521739130434783
0.03521739130434783
0.03521739130434783
0.03521739130434783
0.03521739130434783
0.03521739130434783
0.03521739130434783
0.03521739130434783
0.03521739130434783
0.03521739130434783
0.03521739130434783
0.03521739130434783
0.03521739130434783
0.03521739130434783
0.03521739130434783
0.03521739130434783
0.03521739130434783
0.03521739130434783
0.03521739130434783
0.03521739130434783
0.03521739130434783
0.03521739130434783
0.03575882720124232
0.03659213457391317
0.03744486101739133
0.03831745892422375
0.03921039155403728
0.04012413263105594
0.04105916714906847
0.04201599127080758
0.04299511273043481
0.04399705123602484
0.04502233846956532
0.046071518489441174
0.04714514813291935
0.048243797217391346
0.0493680486409938
0.05051849918757768
0.05169575922484476
0.05290045360993796
0.05413322168944109
0.05539471760124243
0.05668561087826115
0.058006586448447285
0.05935834554037286
0.060741605280745486
0.06215710000248438
0.06360558074161501
0.0650878161428573
0.06660459296273315
0.06815671606956537
0.06974500904720504
0.071370315
0.07303349625093171
0.07473543554906838
0.07647703606956542
0.0782592220173912
0.08008293923105592
0.08194915558509323
0.08385886129192566
0.08581307000869567
0.0878128186360247
0.08985916852546619
0.09195320558012442
0.09409604116024861
0.09628881248571466
0.09853268303850955
0.10082884326708087
0.10317851340372688
0.10558293853416181
0.10804339453416154
0.11056118847204997
0.11313765659627349
0.11577416433540431
0.11847211334161539
0.12123293344099395
0.12405808967701866
0.12694908331677027
0.12990744681987632
0.13293475088198783
0.1360326014161496
0.13920264357764006
0.142446558745342
0.14576606754037263
0.14916293385093177
0.1526389587950315
0.15619598776397522
0.15983590740372702
0.1635606506459631
0.1673721936894415
0.17127255901863417
0.1752638164099381
0.1793480849440999
0.18352753099378924
0.18780437224844734
0.19218087972670853
0.19665937576397513
0.20124223602484476
