 1.00000000e+08  1.96592782e-02 
 1.02330354e+08  1.97767578e-02 
 1.04715014e+08  1.98990956e-02 
 1.07155245e+08  2.00264854e-02 
 1.09652342e+08  2.01591292e-02 
 1.12207630e+08  2.02972369e-02 
 1.14822466e+08  2.04410277e-02 
 1.17498236e+08  2.05907295e-02 
 1.20236362e+08  2.07465804e-02 
 1.23038295e+08  2.09088283e-02 
 1.25905523e+08  2.10777321e-02 
 1.28839568e+08  2.12535621e-02 
 1.31841987e+08  2.14366006e-02 
 1.34914372e+08  2.16271427e-02 
 1.38058355e+08  2.18254971e-02 
 1.41275604e+08  2.20319867e-02 
 1.44567827e+08  2.22469496e-02 
 1.47936769e+08  2.24707402e-02 
 1.51384220e+08  2.27037300e-02 
 1.54912009e+08  2.29463087e-02 
 1.58522008e+08  2.31988857e-02 
 1.62216133e+08  2.34618910e-02 
 1.65996343e+08  2.37357766e-02 
 1.69864646e+08  2.40210183e-02 
 1.73823095e+08  2.43181169e-02 
 1.77873789e+08  2.46276003e-02 
 1.82018879e+08  2.49500248e-02 
 1.86260564e+08  2.52859776e-02 
 1.90601095e+08  2.56360784e-02 
 1.95042776e+08  2.60009819e-02 
 1.99587964e+08  2.63813800e-02 
 2.04239071e+08  2.67780042e-02 
 2.08998565e+08  2.71916284e-02 
 2.13868972e+08  2.76230713e-02 
 2.18852877e+08  2.80731992e-02 
 2.23952925e+08  2.85429288e-02 
 2.29171822e+08  2.90332301e-02 
 2.34512337e+08  2.95451287e-02 
 2.39977306e+08  3.00797087e-02 
 2.45569627e+08  3.06381145e-02 
 2.51292270e+08  3.12215528e-02 
 2.57148271e+08  3.18312932e-02 
 2.63140737e+08  3.24686682e-02 
 2.69272848e+08  3.31350715e-02 
 2.75547860e+08  3.38319545e-02 
 2.81969102e+08  3.45608197e-02 
 2.88539981e+08  3.53232109e-02 
 2.95263985e+08  3.61206976e-02 
 3.02144683e+08  3.69548543e-02 
 3.09185725e+08  3.78272298e-02 
 3.16390848e+08  3.87393067e-02 
 3.23763876e+08  3.96924457e-02 
 3.31308722e+08  4.06878119e-02 
 3.39029389e+08  4.17262769e-02 
 3.46929975e+08  4.28082918e-02 
 3.55014673e+08  4.39337223e-02 
 3.63287773e+08  4.51016377e-02 
 3.71753666e+08  4.63100443e-02 
 3.80416844e+08  4.75555529e-02 
 3.89281904e+08  4.88329732e-02 
 3.98353552e+08  5.01348272e-02 
 4.07636602e+08  5.14507881e-02 
 4.17135980e+08  5.27670571e-02 
 4.26856726e+08  5.40657195e-02 
 4.36804001e+08  5.53241469e-02 
 4.46983082e+08  5.65145585e-02 
 4.57399372e+08  5.76038992e-02 
 4.68058398e+08  5.85542353e-02 
 4.78965818e+08  5.93238837e-02 
 4.90127419e+08  5.98694543e-02 
 5.01549125e+08  6.01488598e-02 
 5.13236997e+08  6.01251342e-02 
 5.25197238e+08  5.97706155e-02 
 5.37436195e+08  5.90707947e-02 
 5.49960363e+08  5.80270119e-02 
 5.62776388e+08  5.66573226e-02 
 5.75891073e+08  5.49952360e-02 
 5.89311376e+08  5.30865552e-02 
 6.03044419e+08  5.09849946e-02 
 6.17097492e+08  4.87474667e-02 
 6.31478050e+08  4.64298588e-02 
 6.46193727e+08  4.40838394e-02 
 6.61252331e+08  4.17548939e-02 
 6.76661854e+08  3.94815039e-02 
 6.92430473e+08  3.72952182e-02 
 7.08566557e+08  3.52213035e-02 
 7.25078669e+08  3.32796936e-02 
 7.41975572e+08  3.14860067e-02 
 7.59266232e+08  2.98524766e-02 
 7.76959826e+08  2.83886959e-02 
 7.95065744e+08  2.71021226e-02 
 8.13593593e+08  2.59983367e-02 
 8.32553207e+08  2.50810738e-02 
 8.51954648e+08  2.43520938e-02 
 8.71808210e+08  2.38109760e-02 
 8.92124431e+08  2.34549477e-02 
 9.12914092e+08  2.32788478e-02 
 9.34188226e+08  2.32752915e-02 
 9.55958123e+08  2.34350468e-02 
 9.78235335e+08  2.37475781e-02 
 1.00103169e+09  2.42016731e-02 
 1.02435927e+09  2.47860607e-02 
 1.04823047e+09  2.54899481e-02 
 1.07265796e+09  2.63034328e-02 
 1.09765469e+09  2.72177821e-02 
 1.12323393e+09  2.82255913e-02 
 1.14940927e+09  2.93208476e-02 
 1.17619457e+09  3.04989293e-02 
 1.20360408e+09  3.17565639e-02 
 1.23165232e+09  3.30917692e-02 
 1.26035418e+09  3.45037917e-02 
 1.28972490e+09  3.59930517e-02 
 1.31978006e+09  3.75611049e-02 
 1.35053561e+09  3.92106221e-02 
 1.38200788e+09  4.09453911e-02 
 1.41421356e+09  4.27703412e-02 
 1.44716975e+09  4.46915922e-02 
 1.48089393e+09  4.67165256e-02 
 1.51540401e+09  4.88538784e-02 
 1.55071830e+09  5.11138544e-02 
 1.58685553e+09  5.35082461e-02 
 1.62383489e+09  5.60505528e-02 
 1.66167599e+09  5.87560665e-02 
 1.70039893e+09  6.16418785e-02 
 1.74002425e+09  6.47267185e-02 
 1.78057299e+09  6.80304741e-02 
 1.82206665e+09  7.15731258e-02 
 1.86452726e+09  7.53726394e-02 
 1.90797735e+09  7.94410403e-02 
 1.95243999e+09  8.37773786e-02 
 1.99793876e+09  8.83555328e-02 
 2.04449781e+09  9.31038520e-02 
 2.09214185e+09  9.78730177e-02 
 2.14089617e+09  1.02389994e-01 
 2.19078664e+09  1.06203857e-01 
 2.24183974e+09  1.08650442e-01 
 2.29408255e+09  1.08897559e-01 
 2.34754280e+09  1.06147554e-01 
 2.40224887e+09  9.99890893e-02 
 2.45822978e+09  9.06927641e-02 
 2.51551525e+09  7.91727813e-02 
 2.57413567e+09  6.66130078e-02 
 2.63412215e+09  5.40744810e-02 
 2.69550653e+09  4.23578782e-02 
 2.75832139e+09  3.21819321e-02 
 2.82260005e+09  2.47151228e-02 
 2.88837664e+09  2.22102456e-02 
 2.95568605e+09  2.64378516e-02 
 3.02456401e+09  3.66506761e-02 
 3.09504707e+09  5.34437575e-02 
 3.16717263e+09  8.71575648e-02 
 3.24097898e+09  6.27875781e-02 
 3.31650528e+09  8.46049735e-02 
 3.39379160e+09  1.52837681e-01 
 3.47287898e+09  1.44444815e-01 
 3.55380937e+09  8.93149412e-02 
 3.63662572e+09  5.72260777e-02 
 3.72137199e+09  4.01072053e-02 
 3.80809314e+09  3.15520704e-02 
 3.89683521e+09  2.86176970e-02 
 3.98764528e+09  2.93451634e-02 
 4.08057155e+09  3.21429710e-02 
 4.17566333e+09  3.60214084e-02 
 4.27297108e+09  4.05139000e-02 
 4.37254645e+09  4.54787815e-02 
 4.47444228e+09  5.09972019e-02 
 4.57871264e+09  5.73792427e-02 
 4.68541287e+09  6.54272734e-02 
 4.79459960e+09  7.61798106e-02 
 4.90633076e+09  1.05132783e-01 
 5.02066566e+09  3.00213873e-01 
 5.13766496e+09  3.11284412e-02 
 5.25739076e+09  6.31620396e-02 
 5.37990660e+09  5.77351674e-02 
 5.50527749e+09  6.87466148e-02 
 5.63356997e+09  9.13381250e-02 
 5.76485211e+09  8.54612182e-02 
 5.89919360e+09  9.84035563e-02 
 6.03666571e+09  1.20884863e-01 
 6.17734142e+09  4.93207623e-02 
 6.32129537e+09  1.21217752e-01 
 6.46860395e+09  1.71751743e-01 
 6.61934535e+09  3.71120243e-01 
 6.77359956e+09  3.78842009e-01 
 6.93144843e+09  9.42670621e-02 
 7.09297575e+09  1.06353618e-02 
 7.25826722e+09  9.34305578e-02 
 7.42741057e+09  2.22499098e-01 
 7.60049556e+09  3.64115824e-02 
 7.77761404e+09  3.65004889e-02 
 7.95886001e+09  5.96483411e-02 
 8.14432966e+09  7.16366925e-02 
 8.33412140e+09  9.53511967e-02 
 8.52833597e+09  1.11125005e-01 
 8.72707642e+09  8.07400209e-02 
 8.93044823e+09  9.10241592e-02 
 9.13855932e+09  1.16369136e-01 
 9.35152014e+09  9.96915591e-02 
 9.56944371e+09  1.08565891e-01 
 9.79244566e+09  1.02450404e-01 
 1.00206443e+10  1.17631519e-01 
 1.02541609e+10  1.24394707e-01 
 1.04931192e+10  1.30490729e-01 
 1.07376460e+10  1.36521023e-01 
 1.09878712e+10  1.42667729e-01 
 1.12439276e+10  1.49070898e-01 
 1.15059509e+10  1.55896263e-01 
 1.17740804e+10  1.63390775e-01 
 1.20484582e+10  1.71982500e-01 
 1.23292299e+10  1.82518693e-01 
 1.26165447e+10  1.96921323e-01 
 1.29105549e+10  2.19734702e-01 
 1.32114166e+10  2.33041724e-01 
 1.35192894e+10  1.18214612e-01 
 1.38343368e+10  1.39724278e-01 
 1.41567259e+10  1.60941364e-01 
 1.44866277e+10  1.79863762e-01 
 1.48242175e+10  1.83692222e-01 
 1.51696743e+10  1.90529186e-01 
 1.55231815e+10  1.99821717e-01 
 1.58849266e+10  2.08487942e-01 
 1.62551017e+10  2.16635936e-01 
 1.66339032e+10  2.24598800e-01 
 1.70215321e+10  2.32513890e-01 
 1.74181941e+10  2.40462129e-01 
 1.78240998e+10  2.48498836e-01 
 1.82394645e+10  2.56665567e-01 
 1.86645086e+10  2.64995846e-01 
 1.90994578e+10  2.73518335e-01 
 1.95445429e+10  2.82258745e-01 
 2.00000000e+10  2.91241072e-01 
