 1.00000000e+08  2.10511671e-02 
 1.02330354e+08  2.11785964e-02 
 1.04715014e+08  2.13011335e-02 
 1.07155245e+08  2.14170675e-02 
 1.09652342e+08  2.15244610e-02 
 1.12207630e+08  2.16211450e-02 
 1.14822466e+08  2.17047217e-02 
 1.17498236e+08  2.17725784e-02 
 1.20236362e+08  2.18219135e-02 
 1.23038295e+08  2.18497789e-02 
 1.25905523e+08  2.18531401e-02 
 1.28839568e+08  2.18289556e-02 
 1.31841987e+08  2.17742748e-02 
 1.34914372e+08  2.16863532e-02 
 1.38058355e+08  2.15627793e-02 
 1.41275604e+08  2.14016074e-02 
 1.44567827e+08  2.12014862e-02 
 1.47936769e+08  2.09617723e-02 
 1.51384220e+08  2.06826181e-02 
 1.54912009e+08  2.03650229e-02 
 1.58522008e+08  2.00108415e-02 
 1.62216133e+08  1.96227444e-02 
 1.65996343e+08  1.92041337e-02 
 1.69864646e+08  1.87590197e-02 
 1.73823095e+08  1.82918687e-02 
 1.77873789e+08  1.78074355e-02 
 1.82018879e+08  1.73105929e-02 
 1.86260564e+08  1.68061717e-02 
 1.90601095e+08  1.62988201e-02 
 1.95042776e+08  1.57928896e-02 
 1.99587964e+08  1.52923498e-02 
 2.04239071e+08  1.48007331e-02 
 2.08998565e+08  1.43211055e-02 
 2.13868972e+08  1.38560614e-02 
 2.18852877e+08  1.34077353e-02 
 2.23952925e+08  1.29778287e-02 
 2.29171822e+08  1.25676446e-02 
 2.34512337e+08  1.21781278e-02 
 2.39977306e+08  1.18099071e-02 
 2.45569627e+08  1.14633379e-02 
 2.51292270e+08  1.11385427e-02 
 2.57148271e+08  1.08354484e-02 
 2.63140737e+08  1.05538219e-02 
 2.69272848e+08  1.02933011e-02 
 2.75547860e+08  1.00534236e-02 
 2.81969102e+08  9.83365305e-03 
 2.88539981e+08  9.63340324e-03 
 2.95263985e+08  9.45206152e-03 
 3.02144683e+08  9.28901271e-03 
 3.09185725e+08  9.14366539e-03 
 3.16390848e+08  9.01548369e-03 
 3.23763876e+08  8.90403000e-03 
 3.31308722e+08  8.80902849e-03 
 3.39029389e+08  8.73046894e-03 
 3.46929975e+08  8.66879252e-03 
 3.55014673e+08  8.62525541e-03 
 3.63287773e+08  8.60271591e-03 
 3.71753666e+08  8.60755925e-03 
 3.80416844e+08  8.65522237e-03 
 3.89281904e+08  8.79010382e-03 
 3.98353552e+08  9.18823156e-03 
 4.07636602e+08  1.11818062e-02 
 4.17135980e+08  1.53902016e-02 
 4.26856726e+08  9.53926779e-03 
 4.36804001e+08  9.17503890e-03 
 4.46983082e+08  1.15581348e-02 
 4.57399372e+08  1.01497978e-02 
 4.68058398e+08  2.05605929e-02 
 4.78965818e+08  1.07915987e-02 
 4.90127419e+08  9.18823162e-03 
 5.01549125e+08  8.95996702e-03 
 5.13236997e+08  9.00715409e-03 
 5.25197238e+08  9.38285699e-03 
 5.37436195e+08  1.01132069e-02 
 5.49960363e+08  1.38518170e-02 
 5.62776388e+08  9.81966569e-03 
 5.75891073e+08  1.03726764e-02 
 5.89311376e+08  1.06341642e-02 
 6.03044419e+08  1.05033128e-02 
 6.17097492e+08  1.31815100e-02 
 6.31478050e+08  1.16477163e-02 
 6.46193727e+08  1.18911612e-02 
 6.61252331e+08  1.18368836e-02 
 6.76661854e+08  9.10335475e-03 
 6.92430473e+08  1.00568036e-02 
 7.08566557e+08  1.14666068e-02 
 7.25078669e+08  1.21458412e-02 
 7.41975572e+08  1.26833074e-02 
 7.59266232e+08  1.43574017e-02 
 7.76959826e+08  1.82801785e-02 
 7.95065744e+08  1.13751929e-02 
 8.13593593e+08  9.73139696e-03 
 8.32553207e+08  1.12475883e-02 
 8.51954648e+08  1.00183985e-02 
 8.71808210e+08  1.04736255e-02 
 8.92124431e+08  1.21552303e-02 
 9.12914092e+08  1.11359057e-02 
 9.34188226e+08  1.37546760e-02 
 9.55958123e+08  1.38670011e-02 
 9.78235335e+08  1.03915546e-02 
 1.00103169e+09  1.25441966e-02 
 1.02435927e+09  1.13111385e-02 
 1.04823047e+09  1.27487160e-02 
 1.07265796e+09  1.38469211e-02 
 1.09765469e+09  1.44079089e-02 
 1.12323393e+09  8.93920254e-03 
 1.14940927e+09  1.17864894e-02 
 1.17619457e+09  1.36583962e-02 
 1.20360408e+09  1.47038876e-02 
 1.23165232e+09  1.34595802e-02 
 1.26035418e+09  1.52008453e-02 
 1.28972490e+09  1.42233192e-02 
 1.31978006e+09  2.18035764e-02 
 1.35053561e+09  1.28191369e-02 
 1.38200788e+09  1.43827394e-02 
 1.41421356e+09  1.51917005e-02 
 1.44716975e+09  1.43666186e-02 
 1.48089393e+09  1.66357731e-02 
 1.51540401e+09  1.84641755e-02 
 1.55071830e+09  2.03784689e-02 
 1.58685553e+09  1.85901997e-02 
 1.62383489e+09  2.14965324e-02 
 1.66167599e+09  1.41614275e-02 
 1.70039893e+09  1.46148484e-02 
 1.74002425e+09  1.45385562e-02 
 1.78057299e+09  1.56530307e-02 
 1.82206665e+09  1.85876848e-02 
 1.86452726e+09  1.65589324e-02 
 1.90797735e+09  2.09731998e-02 
 1.95243999e+09  1.72041245e-02 
 1.99793876e+09  1.34760954e-02 
 2.04449781e+09  1.50566681e-02 
 2.09214185e+09  1.64587652e-02 
 2.14089617e+09  1.77106322e-02 
 2.19078664e+09  1.89661556e-02 
 2.24183974e+09  2.04090442e-02 
 2.29408255e+09  2.24866600e-02 
 2.34754280e+09  2.48733721e-02 
 2.40224887e+09  1.79185851e-02 
 2.45822978e+09  1.92033181e-02 
 2.51551525e+09  2.09117417e-02 
 2.57413567e+09  2.21522741e-02 
 2.63412215e+09  2.31957396e-02 
 2.69550653e+09  2.41335217e-02 
 2.75832139e+09  2.50008915e-02 
 2.82260005e+09  2.58123422e-02 
 2.88837664e+09  2.65733312e-02 
 2.95568605e+09  2.72850415e-02 
 3.02456401e+09  2.79466498e-02 
 3.09504707e+09  2.85565582e-02 
 3.16717263e+09  2.91131293e-02 
 3.24097898e+09  2.96151451e-02 
 3.31650528e+09  3.00620845e-02 
 3.39379160e+09  3.04542675e-02 
 3.47287898e+09  3.07928947e-02 
 3.55380937e+09  3.10800039e-02 
 3.63662572e+09  3.13183657e-02 
 3.72137199e+09  3.15113388e-02 
 3.80809314e+09  3.16627045e-02 
 3.89683521e+09  3.17764977e-02 
 3.98764528e+09  3.18568485e-02 
 4.08057155e+09  3.19078431e-02 
 4.17566333e+09  3.19334105e-02 
 4.27297108e+09  3.19372361e-02 
 4.37254645e+09  3.19227024e-02 
 4.47444228e+09  3.18928527e-02 
 4.57871264e+09  3.18503751e-02 
 4.68541287e+09  3.17975994e-02 
 4.79459960e+09  3.17365043e-02 
 4.90633076e+09  3.16687263e-02 
 5.02066566e+09  3.15955611e-02 
 5.13766496e+09  3.15179437e-02 
 5.25739076e+09  3.14363720e-02 
 5.37990660e+09  3.13506767e-02 
 5.50527749e+09  3.12592932e-02 
 5.63356997e+09  3.11561730e-02 
 5.76485211e+09  3.10013165e-02 
 5.89919360e+09  3.10949280e-02 
 6.03666571e+09  3.07464907e-02 
 6.17734142e+09  3.14366787e-02 
 6.32129537e+09  3.10387584e-02 
 6.46860395e+09  3.08992197e-02 
 6.61934535e+09  3.07980781e-02 
 6.77359956e+09  3.07011029e-02 
 6.93144843e+09  3.01044978e-02 
 7.09297575e+09  3.06228115e-02 
 7.25826722e+09  3.05393712e-02 
 7.42741057e+09  3.04432050e-02 
 7.60049556e+09  3.01889597e-02 
 7.77761404e+09  2.70778210e-02 
 7.95886001e+09  2.62886815e-02 
 8.14432966e+09  2.92818942e-02 
 8.33412140e+09  2.91716286e-02 
 8.52833597e+09  2.98481743e-02 
 8.72707642e+09  1.61648473e-02 
 8.93044823e+09  2.79559551e-02 
 9.13855932e+09  2.88978593e-02 
 9.35152014e+09  2.91494446e-02 
 9.56944371e+09  2.92413559e-02 
 9.79244566e+09  2.92745514e-02 
 1.00206443e+10  2.92806130e-02 
 1.02541609e+10  2.92723911e-02 
 1.04931192e+10  2.92560519e-02 
 1.07376460e+10  2.92349069e-02 
 1.09878712e+10  2.92108839e-02 
 1.12439276e+10  2.91851746e-02 
 1.15059509e+10  2.91585500e-02 
 1.17740804e+10  2.91315257e-02 
 1.20484582e+10  2.91044555e-02 
 1.23292299e+10  2.90775865e-02 
 1.26165447e+10  2.90510934e-02 
 1.29105549e+10  2.90250996e-02 
 1.32114166e+10  2.89996926e-02 
 1.35192894e+10  2.89749330e-02 
 1.38343368e+10  2.89508620e-02 
 1.41567259e+10  2.89275060e-02 
 1.44866277e+10  2.89048801e-02 
 1.48242175e+10  2.88829910e-02 
 1.51696743e+10  2.88618386e-02 
 1.55231815e+10  2.88414179e-02 
 1.58849266e+10  2.88217198e-02 
 1.62551017e+10  2.88027323e-02 
 1.66339032e+10  2.87844410e-02 
 1.70215321e+10  2.87668295e-02 
 1.74181941e+10  2.87498805e-02 
 1.78240998e+10  2.87335755e-02 
 1.82394645e+10  2.87178951e-02 
 1.86645086e+10  2.87028197e-02 
 1.90994578e+10  2.86883295e-02 
 1.95445429e+10  2.86744042e-02 
 2.00000000e+10  2.86610240e-02 
