 1.00000000e+08  1.88762432e-02 
 1.02329299e+08  1.90670370e-02 
 1.04712855e+08  1.92670825e-02 
 1.07151931e+08  1.94768513e-02 
 1.09647820e+08  1.96968364e-02 
 1.12201845e+08  1.99275515e-02 
 1.14815362e+08  2.01695300e-02 
 1.17489755e+08  2.04233233e-02 
 1.20226443e+08  2.06894978e-02 
 1.23026877e+08  2.09686308e-02 
 1.25892541e+08  2.12613051e-02 
 1.28824955e+08  2.15681007e-02 
 1.31825674e+08  2.18895851e-02 
 1.34896288e+08  2.22262987e-02 
 1.38038426e+08  2.25787374e-02 
 1.41253754e+08  2.29473291e-02 
 1.44543977e+08  2.33324031e-02 
 1.47910839e+08  2.37341525e-02 
 1.51356125e+08  2.41525849e-02 
 1.54881662e+08  2.45874621e-02 
 1.58489319e+08  2.50382239e-02 
 1.62181010e+08  2.55038949e-02 
 1.65958691e+08  2.59829719e-02 
 1.69824365e+08  2.64732885e-02 
 1.73780083e+08  2.69718573e-02 
 1.77827941e+08  2.74746912e-02 
 1.81970086e+08  2.79766071e-02 
 1.86208714e+08  2.84710235e-02 
 1.90546072e+08  2.89497693e-02 
 1.94984460e+08  2.94029320e-02 
 1.99526231e+08  2.98187836e-02 
 2.04173794e+08  3.01838358e-02 
 2.08929613e+08  3.04830816e-02 
 2.13796209e+08  3.07004793e-02 
 2.18776162e+08  3.08197160e-02 
 2.23872114e+08  3.08252495e-02 
 2.29086765e+08  3.07035665e-02 
 2.34422882e+08  3.04445215e-02 
 2.39883292e+08  3.00425601e-02 
 2.45470892e+08  2.94976005e-02 
 2.51188643e+08  2.88153810e-02 
 2.57039578e+08  2.80071704e-02 
 2.63026799e+08  2.70888749e-02 
 2.69153480e+08  2.60796948e-02 
 2.75422870e+08  2.50005714e-02 
 2.81838293e+08  2.38726717e-02 
 2.88403150e+08  2.27161096e-02 
 2.95120923e+08  2.15490200e-02 
 3.01995172e+08  2.03870119e-02 
 3.09029543e+08  1.92429630e-02 
 3.16227766e+08  1.81270807e-02 
 3.23593657e+08  1.70471445e-02 
 3.31131121e+08  1.60088518e-02 
 3.38844156e+08  1.50162096e-02 
 3.46736850e+08  1.40719298e-02 
 3.54813389e+08  1.31778071e-02 
 3.63078055e+08  1.23350701e-02 
 3.71535229e+08  1.15447069e-02 
 3.80189396e+08  1.08077733e-02 
 3.89045145e+08  1.01256981e-02 
 3.98107171e+08  9.50060279e-03 
 4.07380278e+08  8.93565888e-03 
 4.16869383e+08  8.43551185e-03 
 4.26579519e+08  8.00681816e-03 
 4.36515832e+08  7.65897539e-03 
 4.46683592e+08  7.40521970e-03 
 4.57088190e+08  7.26450576e-03 
 4.67735141e+08  7.26522474e-03 
 4.78630092e+08  7.45359714e-03 
 4.89778819e+08  7.91507679e-03 
 5.01187234e+08  8.83736378e-03 
 5.12861384e+08  1.07392369e-02 
 5.24807460e+08  1.55892865e-02 
 5.37031796e+08  2.65078226e-02 
 5.49540874e+08  1.26219525e-02 
 5.62341325e+08  1.16298282e-02 
 5.75439937e+08  1.17926768e-02 
 5.88843655e+08  5.85130962e-03 
 6.02559586e+08  6.39074489e-03 
 6.16595002e+08  7.84045591e-03 
 6.30957344e+08  9.27909303e-03 
 6.45654229e+08  1.17681687e-02 
 6.60693448e+08  1.49513754e-02 
 6.76082975e+08  1.33692802e-02 
 6.91830971e+08  1.79494044e-02 
 7.07945784e+08  2.51547858e-02 
 7.24435960e+08  2.86781091e-02 
 7.41310241e+08  1.79210763e-02 
 7.58577575e+08  1.06670697e-02 
 7.76247117e+08  1.05725656e-02 
 7.94328235e+08  1.18851944e-02 
 8.12830516e+08  1.67921528e-02 
 8.31763771e+08  2.20125638e-02 
 8.51138038e+08  1.77896645e-02 
 8.70963590e+08  1.14854889e-02 
 8.91250938e+08  1.50754697e-02 
 9.12010839e+08  1.59586648e-02 
 9.33254301e+08  1.59742637e-02 
 9.54992586e+08  1.57816196e-02 
 9.77237221e+08  1.56011121e-02 
 1.00000000e+09  1.55016261e-02 
 1.02329299e+09  1.54969562e-02 
 1.04712855e+09  1.55801438e-02 
 1.07151931e+09  1.57355743e-02 
 1.09647820e+09  1.59425988e-02 
 1.12201845e+09  1.61760241e-02 
 1.14815362e+09  1.64062022e-02 
 1.17489755e+09  1.66009668e-02 
 1.20226443e+09  1.67316178e-02 
 1.23026877e+09  1.67842321e-02 
 1.25892541e+09  1.67755234e-02 
 1.28824955e+09  1.67671659e-02 
 1.31825674e+09  1.64006778e-02 
 1.34896288e+09  1.31421655e-02 
 1.38038426e+09  1.45860372e-02 
 1.41253754e+09  1.49091590e-02 
 1.44543977e+09  1.50888410e-02 
 1.47910839e+09  1.52816018e-02 
 1.51356125e+09  1.55244169e-02 
 1.54881662e+09  1.58263544e-02 
 1.58489319e+09  1.61897346e-02 
 1.62181010e+09  1.66182928e-02 
 1.65958691e+09  1.71236117e-02 
 1.69824365e+09  1.77367635e-02 
 1.73780083e+09  1.85429308e-02 
 1.77827941e+09  1.98331310e-02 
 1.81970086e+09  2.34003674e-02 
 1.86208714e+09  1.32600300e-02 
 1.90546072e+09  1.59462740e-02 
 1.94984460e+09  1.76584517e-02 
 1.99526231e+09  1.86729232e-02 
 2.04173794e+09  1.94715648e-02 
 2.08929613e+09  2.01830907e-02 
 2.13796209e+09  2.08560330e-02 
 2.18776162e+09  2.15130815e-02 
 2.23872114e+09  2.21669052e-02 
 2.29086765e+09  2.28260654e-02 
 2.34422882e+09  2.34974679e-02 
 2.39883292e+09  2.41870626e-02 
 2.45470892e+09  2.48996516e-02 
 2.51188643e+09  2.56388341e-02 
 2.57039578e+09  2.64077720e-02 
 2.63026799e+09  2.72105727e-02 
 2.69153480e+09  2.80538620e-02 
 2.75422870e+09  2.89487933e-02 
 2.81838293e+09  2.99148798e-02 
 2.88403150e+09  3.09894057e-02 
 2.95120923e+09  3.22546735e-02 
 3.01995172e+09  3.39313804e-02 
 3.09029543e+09  3.63997741e-02 
 3.16227766e+09  2.51929321e-02 
 3.23593657e+09  3.15363401e-02 
 3.31131121e+09  3.48616797e-02 
 3.38844156e+09  3.13822606e-02 
 3.46736850e+09  3.55974741e-02 
 3.54813389e+09  3.74179073e-02 
 3.63078055e+09  3.90766451e-02 
 3.71535229e+09  3.90911575e-02 
 3.80189396e+09  4.17023807e-02 
 3.89045145e+09  4.34593132e-02 
 3.98107171e+09  4.52451901e-02 
 4.07380278e+09  4.71557194e-02 
 4.16869383e+09  4.92448988e-02 
 4.26579519e+09  5.16341737e-02 
 4.36515832e+09  5.42497539e-02 
 4.46683592e+09  5.73711467e-02 
 4.57088190e+09  6.11585756e-02 
 4.67735141e+09  6.58399424e-02 
 4.78630092e+09  6.93846619e-02 
 4.89778819e+09  3.50679563e-02 
 5.01187234e+09  5.43630704e-02 
 5.12861384e+09  7.26208607e-02 
 5.24807460e+09  7.52785440e-02 
 5.37031796e+09  9.00233030e-02 
 5.49540874e+09  6.47786044e-02 
 5.62341325e+09  5.35439721e-02 
 5.75439937e+09  2.95947243e-02 
 5.88843655e+09  3.20984578e-02 
 6.02559586e+09  4.76956189e-02 
 6.16595002e+09  9.01471752e-02 
 6.30957344e+09  3.86426868e-02 
 6.45654229e+09  2.97452405e-02 
 6.60693448e+09  3.86761474e-02 
 6.76082975e+09  4.58879858e-02 
 6.91830971e+09  4.99912287e-02 
 7.07945784e+09  7.65599239e-02 
 7.24435960e+09  5.38317454e-02 
 7.41310241e+09  4.37855131e-02 
 7.58577575e+09  6.10792916e-02 
 7.76247117e+09  6.15631076e-02 
 7.94328235e+09  8.04567439e-02 
 8.12830516e+09  8.85770551e-02 
 8.31763771e+09  5.98559936e-02 
 8.51138038e+09  5.03544224e-02 
 8.70963590e+09  4.02823684e-02 
 8.91250938e+09  4.93570785e-02 
 9.12010839e+09  5.93349364e-02 
 9.33254301e+09  3.39926176e-02 
 9.54992586e+09  6.00970067e-02 
 9.77237221e+09  6.72778541e-02 
 1.00000000e+10  7.12489630e-02 
 1.02329299e+10  7.55450334e-02 
 1.04712855e+10  7.96587737e-02 
 1.07151931e+10  8.38195038e-02 
 1.09647820e+10  8.81608031e-02 
 1.12201845e+10  9.28122070e-02 
 1.14815362e+10  9.79319170e-02 
 1.17489755e+10  1.03738770e-01 
 1.20226443e+10  1.10555037e-01 
 1.23026877e+10  1.18849311e-01 
 1.25892541e+10  1.29117869e-01 
 1.28824955e+10  1.40305603e-01 
 1.31825674e+10  1.39354333e-01 
 1.34896288e+10  9.60646583e-02 
 1.38038426e+10  6.19145672e-02 
 1.41253754e+10  6.99116819e-02 
 1.44543977e+10  9.46969008e-02 
 1.47910839e+10  9.03025350e-02 
 1.51356125e+10  1.05152494e-01 
 1.54881662e+10  8.06310110e-02 
 1.58489319e+10  9.83040906e-02 
 1.62181010e+10  1.07724659e-01 
 1.65958691e+10  1.10780824e-01 
 1.69824365e+10  1.12109468e-01 
 1.73780083e+10  1.15341832e-01 
 1.77827941e+10  1.19727368e-01 
 1.81970086e+10  1.24521828e-01 
 1.86208714e+10  1.29512630e-01 
 1.90546072e+10  1.34635161e-01 
 1.94984460e+10  1.39863091e-01 
 1.99526231e+10  1.45198284e-01 
