 1.00000000e+08  1.74095288e-02 
 1.02330354e+08  1.73368802e-02 
 1.04715014e+08  1.72466194e-02 
 1.07155245e+08  1.71375613e-02 
 1.09652342e+08  1.70086493e-02 
 1.12207630e+08  1.68589979e-02 
 1.14822466e+08  1.66879371e-02 
 1.17498236e+08  1.64950530e-02 
 1.20236362e+08  1.62802248e-02 
 1.23038295e+08  1.60436547e-02 
 1.25905523e+08  1.57858869e-02 
 1.28839568e+08  1.55078161e-02 
 1.31841987e+08  1.52106820e-02 
 1.34914372e+08  1.48960508e-02 
 1.38058355e+08  1.45657838e-02 
 1.41275604e+08  1.42219945e-02 
 1.44567827e+08  1.38669976e-02 
 1.47936769e+08  1.35032516e-02 
 1.51384220e+08  1.31332994e-02 
 1.54912009e+08  1.27597103e-02 
 1.58522008e+08  1.23850247e-02 
 1.62216133e+08  1.20117059e-02 
 1.65996343e+08  1.16420997e-02 
 1.69864646e+08  1.12784019e-02 
 1.73823095e+08  1.09226362e-02 
 1.77873789e+08  1.05766395e-02 
 1.82018879e+08  1.02420556e-02 
 1.86260564e+08  9.92033670e-03 
 1.90601095e+08  9.61274982e-03 
 1.95042776e+08  9.32038973e-03 
 1.99587964e+08  9.04419649e-03 
 2.04239071e+08  8.78497856e-03 
 2.08998565e+08  8.54344296e-03 
 2.13868972e+08  8.32023570e-03 
 2.18852877e+08  8.11599925e-03 
 2.23952925e+08  7.93146003e-03 
 2.29171822e+08  7.76757156e-03 
 2.34512337e+08  7.62576627e-03 
 2.39977306e+08  7.50843206e-03 
 2.45569627e+08  7.41988908e-03 
 2.51292270e+08  7.36858296e-03 
 2.57148271e+08  7.37259100e-03 
 2.63140737e+08  7.47557146e-03 
 2.69272848e+08  7.80269711e-03 
 2.75547860e+08  8.81556581e-03 
 2.81969102e+08  1.28363139e-02 
 2.88539981e+08  1.71181319e-02 
 2.95263985e+08  1.00624458e-02 
 3.02144683e+08  8.27763119e-03 
 3.09185725e+08  7.81960505e-03 
 3.16390848e+08  7.90706408e-03 
 3.23763876e+08  8.89127572e-03 
 3.31308722e+08  1.48840675e-02 
 3.39029389e+08  1.38912831e-02 
 3.46929975e+08  9.06606838e-03 
 3.55014673e+08  8.09763718e-03 
 3.63287773e+08  7.81454599e-03 
 3.71753666e+08  7.73681137e-03 
 3.80416844e+08  7.74527130e-03 
 3.89281904e+08  7.81258248e-03 
 3.98353552e+08  7.90810852e-03 
 4.07636602e+08  7.99087146e-03 
 4.17135980e+08  8.14160902e-03 
 4.26856726e+08  8.42865706e-03 
 4.36804001e+08  8.76339695e-03 
 4.46983082e+08  9.05254316e-03 
 4.57399372e+08  1.03505250e-02 
 4.68058398e+08  9.45389759e-03 
 4.78965818e+08  9.77180351e-03 
 4.90127419e+08  1.03555346e-02 
 5.01549125e+08  1.14074897e-02 
 5.13236997e+08  1.39083769e-02 
 5.25197238e+08  1.48877263e-02 
 5.37436195e+08  1.50535197e-02 
 5.49960363e+08  7.60148539e-03 
 5.62776388e+08  7.57046881e-03 
 5.75891073e+08  8.64616755e-03 
 5.89311376e+08  9.64797632e-03 
 6.03044419e+08  1.09533020e-02 
 6.17097492e+08  1.24823435e-02 
 6.31478050e+08  1.25172471e-02 
 6.46193727e+08  9.16748832e-03 
 6.61252331e+08  1.07467295e-02 
 6.76661854e+08  1.35676792e-02 
 6.92430473e+08  1.74972653e-02 
 7.08566557e+08  8.99486047e-03 
 7.25078669e+08  9.98727439e-03 
 7.41975572e+08  1.01937459e-02 
 7.59266232e+08  1.09454022e-02 
 7.76959826e+08  1.23612997e-02 
 7.95065744e+08  1.27593680e-02 
 8.13593593e+08  1.75373990e-02 
 8.32553207e+08  1.20987316e-02 
 8.51954648e+08  1.45563596e-02 
 8.71808210e+08  1.05483722e-02 
 8.92124431e+08  1.18915711e-02 
 9.12914092e+08  1.28646527e-02 
 9.34188226e+08  1.37217354e-02 
 9.55958123e+08  1.44504001e-02 
 9.78235335e+08  1.36172966e-02 
 1.00103169e+09  1.48354115e-02 
 1.02435927e+09  1.66616932e-02 
 1.04823047e+09  1.51749884e-02 
 1.07265796e+09  1.79701174e-02 
 1.09765469e+09  1.49400898e-02 
 1.12323393e+09  1.74174586e-02 
 1.14940927e+09  1.88476198e-02 
 1.17619457e+09  1.79924536e-02 
 1.20360408e+09  2.28597023e-02 
 1.23165232e+09  2.18838152e-02 
 1.26035418e+09  1.61814180e-02 
 1.28972490e+09  1.66815163e-02 
 1.31978006e+09  1.93152826e-02 
 1.35053561e+09  2.58264759e-02 
 1.38200788e+09  1.18796046e-02 
 1.41421356e+09  1.56491747e-02 
 1.44716975e+09  1.75520971e-02 
 1.48089393e+09  1.92052514e-02 
 1.51540401e+09  2.08337935e-02 
 1.55071830e+09  2.23657736e-02 
 1.58685553e+09  2.40432270e-02 
 1.62383489e+09  2.89632240e-02 
 1.66167599e+09  2.37534847e-02 
 1.70039893e+09  2.08226048e-02 
 1.74002425e+09  2.42311084e-02 
 1.78057299e+09  2.65109842e-02 
 1.82206665e+09  2.71044942e-02 
 1.86452726e+09  2.67696612e-02 
 1.90797735e+09  2.93895559e-02 
 1.95243999e+09  2.60807515e-02 
 1.99793876e+09  2.68432438e-02 
 2.04449781e+09  3.00086083e-02 
 2.09214185e+09  3.22506406e-02 
 2.14089617e+09  3.39582188e-02 
 2.19078664e+09  3.53040496e-02 
 2.24183974e+09  3.62288482e-02 
 2.29408255e+09  3.62144428e-02 
 2.34754280e+09  3.29818450e-02 
 2.40224887e+09  2.89552107e-02 
 2.45822978e+09  2.65560610e-02 
 2.51551525e+09  3.27407553e-02 
 2.57413567e+09  3.51293738e-02 
 2.63412215e+09  3.62318892e-02 
 2.69550653e+09  3.68011217e-02 
 2.75832139e+09  3.70939578e-02 
 2.82260005e+09  3.72231499e-02 
 2.88837664e+09  3.72468076e-02 
 2.95568605e+09  3.71980561e-02 
 3.02456401e+09  3.70969733e-02 
 3.09504707e+09  3.69562131e-02 
 3.16717263e+09  3.67840103e-02 
 3.24097898e+09  3.65859387e-02 
 3.31650528e+09  3.63659919e-02 
 3.39379160e+09  3.61272580e-02 
 3.47287898e+09  3.58723326e-02 
 3.55380937e+09  3.56035591e-02 
 3.63662572e+09  3.53231546e-02 
 3.72137199e+09  3.50332641e-02 
 3.80809314e+09  3.47359700e-02 
 3.89683521e+09  3.44332799e-02 
 3.98764528e+09  3.41271033e-02 
 4.08057155e+09  3.38192284e-02 
 4.17566333e+09  3.35113011e-02 
 4.27297108e+09  3.32048114e-02 
 4.37254645e+09  3.29010843e-02 
 4.47444228e+09  3.26012789e-02 
 4.57871264e+09  3.23063902e-02 
 4.68541287e+09  3.20172570e-02 
 4.79459960e+09  3.17345711e-02 
 4.90633076e+09  3.14588893e-02 
 5.02066566e+09  3.11906456e-02 
 5.13766496e+09  3.09301644e-02 
 5.25739076e+09  3.06776729e-02 
 5.37990660e+09  3.04333130e-02 
 5.50527749e+09  3.01971526e-02 
 5.63356997e+09  2.99691951e-02 
 5.76485211e+09  2.97493879e-02 
 5.89919360e+09  2.95376289e-02 
 6.03666571e+09  2.93337694e-02 
 6.17734142e+09  2.91376273e-02 
 6.32129537e+09  2.89488942e-02 
 6.46860395e+09  2.87672197e-02 
 6.61934535e+09  2.85917602e-02 
 6.77359956e+09  2.84185374e-02 
 6.93144843e+09  2.83034275e-02 
 7.09297575e+09  2.81224077e-02 
 7.25826722e+09  2.79712774e-02 
 7.42741057e+09  2.78273534e-02 
 7.60049556e+09  2.76885694e-02 
 7.77761404e+09  2.75533468e-02 
 7.95886001e+09  2.74189660e-02 
 8.14432966e+09  2.72783836e-02 
 8.33412140e+09  2.71032569e-02 
 8.52833597e+09  2.66075145e-02 
 8.72707642e+09  2.56388933e-02 
 8.93044823e+09  2.69203551e-02 
 9.13855932e+09  2.68563356e-02 
 9.35152014e+09  2.67677826e-02 
 9.56944371e+09  2.66803057e-02 
 9.79244566e+09  2.65965109e-02 
 1.00206443e+10  2.65166277e-02 
 1.02541609e+10  2.64405054e-02 
 1.04931192e+10  2.63679337e-02 
 1.07376460e+10  2.62987049e-02 
 1.09878712e+10  2.62326240e-02 
 1.12439276e+10  2.61695079e-02 
 1.15059509e+10  2.61091811e-02 
 1.17740804e+10  2.60514706e-02 
 1.20484582e+10  2.59961980e-02 
 1.23292299e+10  2.59431683e-02 
 1.26165447e+10  2.58921472e-02 
 1.29105549e+10  2.58428124e-02 
 1.32114166e+10  2.57946297e-02 
 1.35192894e+10  2.57464513e-02 
 1.38343368e+10  2.56946273e-02 
 1.41567259e+10  2.56117751e-02 
 1.44866277e+10  2.56456406e-02 
 1.48242175e+10  2.55796866e-02 
 1.51696743e+10  2.35550240e-02 
 1.55231815e+10  2.55778642e-02 
 1.58849266e+10  2.55377347e-02 
 1.62551017e+10  2.55024336e-02 
 1.66339032e+10  2.54706604e-02 
 1.70215321e+10  2.54412848e-02 
 1.74181941e+10  2.54137687e-02 
 1.78240998e+10  2.53878167e-02 
 1.82394645e+10  2.53632429e-02 
 1.86645086e+10  2.53399175e-02 
 1.90994578e+10  2.53177418e-02 
 1.95445429e+10  2.52966361e-02 
 2.00000000e+10  2.52765332e-02 
