 1.00000000e+08  1.56717585e-02 
 1.02330354e+08  1.55220005e-02 
 1.04715014e+08  1.53565613e-02 
 1.07155245e+08  1.51752134e-02 
 1.09652342e+08  1.49779133e-02 
 1.12207630e+08  1.47648200e-02 
 1.14822466e+08  1.45363081e-02 
 1.17498236e+08  1.42929757e-02 
 1.20236362e+08  1.40356448e-02 
 1.23038295e+08  1.37653559e-02 
 1.25905523e+08  1.34833542e-02 
 1.28839568e+08  1.31910702e-02 
 1.31841987e+08  1.28900936e-02 
 1.34914372e+08  1.25821437e-02 
 1.38058355e+08  1.22690357e-02 
 1.41275604e+08  1.19526464e-02 
 1.44567827e+08  1.16348790e-02 
 1.47936769e+08  1.13176308e-02 
 1.51384220e+08  1.10027626e-02 
 1.54912009e+08  1.06920722e-02 
 1.58522008e+08  1.03872727e-02 
 1.62216133e+08  1.00899746e-02 
 1.65996343e+08  9.80167289e-03 
 1.69864646e+08  9.52373882e-03 
 1.73823095e+08  9.25741498e-03 
 1.77873789e+08  9.00381444e-03 
 1.82018879e+08  8.76392293e-03 
 1.86260564e+08  8.53860395e-03 
 1.90601095e+08  8.32860692e-03 
 1.95042776e+08  8.13457871e-03 
 1.99587964e+08  7.95707959e-03 
 2.04239071e+08  7.79660587e-03 
 2.08998565e+08  7.65362284e-03 
 2.13868972e+08  7.52861539e-03 
 2.18852877e+08  7.42216951e-03 
 2.23952925e+08  7.33511131e-03 
 2.29171822e+08  7.26875993e-03 
 2.34512337e+08  7.22542224e-03 
 2.39977306e+08  7.20945054e-03 
 2.45569627e+08  7.22977066e-03 
 2.51292270e+08  7.30689680e-03 
 2.57148271e+08  7.49713673e-03 
 2.63140737e+08  8.01211952e-03 
 2.69272848e+08  9.38940346e-03 
 2.75547860e+08  1.45156923e-02 
 2.81969102e+08  9.84267234e-03 
 2.88539981e+08  7.99580303e-03 
 2.95263985e+08  1.12215602e-02 
 3.02144683e+08  9.52343748e-03 
 3.09185725e+08  7.93476140e-03 
 3.16390848e+08  7.71465619e-03 
 3.23763876e+08  7.70658349e-03 
 3.31308722e+08  7.77217043e-03 
 3.39029389e+08  7.87777154e-03 
 3.46929975e+08  8.01336621e-03 
 3.55014673e+08  8.17780116e-03 
 3.63287773e+08  8.37596224e-03 
 3.71753666e+08  8.62041907e-03 
 3.80416844e+08  8.93735336e-03 
 3.89281904e+08  9.37150924e-03 
 3.98353552e+08  9.83534723e-03 
 4.07636602e+08  9.11760659e-03 
 4.17135980e+08  8.50862301e-03 
 4.26856726e+08  8.82627443e-03 
 4.36804001e+08  9.11998041e-03 
 4.46983082e+08  9.28264369e-03 
 4.57399372e+08  9.60223199e-03 
 4.68058398e+08  9.98912195e-03 
 4.78965818e+08  1.05068685e-02 
 4.90127419e+08  1.10230668e-02 
 5.01549125e+08  1.16479940e-02 
 5.13236997e+08  1.26131840e-02 
 5.25197238e+08  1.45611632e-02 
 5.37436195e+08  1.69572924e-02 
 5.49960363e+08  1.82785245e-02 
 5.62776388e+08  1.77835486e-02 
 5.75891073e+08  2.21319544e-02 
 5.89311376e+08  1.31755930e-02 
 6.03044419e+08  9.56581441e-03 
 6.17097492e+08  9.33162599e-03 
 6.31478050e+08  1.00569455e-02 
 6.46193727e+08  1.06231309e-02 
 6.61252331e+08  1.12553674e-02 
 6.76661854e+08  1.18855147e-02 
 6.92430473e+08  1.25434855e-02 
 7.08566557e+08  1.31682533e-02 
 7.25078669e+08  1.40656802e-02 
 7.41975572e+08  1.51407558e-02 
 7.59266232e+08  1.64871266e-02 
 7.76959826e+08  1.82308797e-02 
 7.95065744e+08  2.05225305e-02 
 8.13593593e+08  2.34070102e-02 
 8.32553207e+08  2.62977400e-02 
 8.51954648e+08  2.72627354e-02 
 8.71808210e+08  2.49782890e-02 
 8.92124431e+08  2.13996486e-02 
 9.12914092e+08  1.85194800e-02 
 9.34188226e+08  1.67002526e-02 
 9.55958123e+08  1.56997935e-02 
 9.78235335e+08  1.52593622e-02 
 1.00103169e+09  1.52232949e-02 
 1.02435927e+09  1.55454464e-02 
 1.04823047e+09  1.62990021e-02 
 1.07265796e+09  1.77181854e-02 
 1.09765469e+09  2.02226827e-02 
 1.12323393e+09  2.39654158e-02 
 1.14940927e+09  2.73155143e-02 
 1.17619457e+09  2.80650057e-02 
 1.20360408e+09  2.80028263e-02 
 1.23165232e+09  2.88089143e-02 
 1.26035418e+09  3.06040118e-02 
 1.28972490e+09  3.30128220e-02 
 1.31978006e+09  3.54310351e-02 
 1.35053561e+09  3.70828971e-02 
 1.38200788e+09  3.73204696e-02 
 1.41421356e+09  3.60388149e-02 
 1.44716975e+09  3.37114010e-02 
 1.48089393e+09  3.09846036e-02 
 1.51540401e+09  2.83240708e-02 
 1.55071830e+09  2.59498156e-02 
 1.58685553e+09  2.39183820e-02 
 1.62383489e+09  2.22083335e-02 
 1.66167599e+09  2.07708185e-02 
 1.70039893e+09  1.95530706e-02 
 1.74002425e+09  1.85075907e-02 
 1.78057299e+09  1.75949612e-02 
 1.82206665e+09  1.67840724e-02 
 1.86452726e+09  1.60510170e-02 
 1.90797735e+09  1.53765800e-02 
 1.95243999e+09  1.47427397e-02 
 1.99793876e+09  1.41313394e-02 
 2.04449781e+09  1.35271366e-02 
 2.09214185e+09  1.29201349e-02 
 2.14089617e+09  1.23041942e-02 
 2.19078664e+09  1.16788063e-02 
 2.24183974e+09  1.10593881e-02 
 2.29408255e+09  1.04899044e-02 
 2.34754280e+09  1.00400794e-02 
 2.40224887e+09  9.77536006e-03 
 2.45822978e+09  9.71960658e-03 
 2.51551525e+09  9.84651850e-03 
 2.57413567e+09  1.01029333e-02 
 2.63412215e+09  1.04360184e-02 
 2.69550653e+09  1.08063594e-02 
 2.75832139e+09  1.11889791e-02 
 2.82260005e+09  1.15697230e-02 
 2.88837664e+09  1.19413795e-02 
 2.95568605e+09  1.23008420e-02 
 3.02456401e+09  1.26473102e-02 
 3.09504707e+09  1.29812245e-02 
 3.16717263e+09  1.33036561e-02 
 3.24097898e+09  1.36159653e-02 
 3.31650528e+09  1.39196154e-02 
 3.39379160e+09  1.42160732e-02 
 3.47287898e+09  1.45067620e-02 
 3.55380937e+09  1.47930423e-02 
 3.63662572e+09  1.50762101e-02 
 3.72137199e+09  1.53575068e-02 
 3.80809314e+09  1.56381374e-02 
 3.89683521e+09  1.59193025e-02 
 3.98764528e+09  1.62022555e-02 
 4.08057155e+09  1.64884581e-02 
 4.17566333e+09  1.67803505e-02 
 4.27297108e+09  1.71041135e-02 
 4.37254645e+09  1.73628718e-02 
 4.47444228e+09  1.76789451e-02 
 4.57871264e+09  1.80039071e-02 
 4.68541287e+09  1.83448238e-02 
 4.79459960e+09  1.87093754e-02 
 4.90633076e+09  1.91112124e-02 
 5.02066566e+09  1.95800988e-02 
 5.13766496e+09  2.01994523e-02 
 5.25739076e+09  2.13377035e-02 
 5.37990660e+09  3.14469127e-02 
 5.50527749e+09  1.80428355e-02 
 5.63356997e+09  1.96291551e-02 
 5.76485211e+09  2.03937424e-02 
 5.89919360e+09  2.09902111e-02 
 6.03666571e+09  2.15474687e-02 
 6.17734142e+09  2.21064160e-02 
 6.32129537e+09  2.28830849e-02 
 6.46860395e+09  2.08552547e-02 
 6.61934535e+09  2.32319203e-02 
 6.77359956e+09  2.40207245e-02 
 6.93144843e+09  2.48332701e-02 
 7.09297575e+09  2.58173589e-02 
 7.25826722e+09  2.70703943e-02 
 7.42741057e+09  2.95574187e-02 
 7.60049556e+09  2.76765821e-02 
 7.77761404e+09  2.40676516e-02 
 7.95886001e+09  2.38335447e-02 
 8.14432966e+09  2.61665399e-02 
 8.33412140e+09  2.88937252e-02 
 8.52833597e+09  3.26662766e-02 
 8.72707642e+09  2.10408824e-02 
 8.93044823e+09  2.58214473e-02 
 9.13855932e+09  2.79501236e-02 
 9.35152014e+09  2.54648661e-02 
 9.56944371e+09  2.85401986e-02 
 9.79244566e+09  2.96546357e-02 
 1.00206443e+10  3.05840802e-02 
 1.02541609e+10  3.14591090e-02 
 1.04931192e+10  3.23181198e-02 
 1.07376460e+10  3.31788545e-02 
 1.09878712e+10  3.40519190e-02 
 1.12439276e+10  3.49449994e-02 
 1.15059509e+10  3.58646780e-02 
 1.17740804e+10  3.68175163e-02 
 1.20484582e+10  3.78110246e-02 
 1.23292299e+10  3.88549600e-02 
 1.26165447e+10  3.99636372e-02 
 1.29105549e+10  4.11609327e-02 
 1.32114166e+10  4.24932713e-02 
 1.35192894e+10  4.40724402e-02 
 1.38343368e+10  4.62879314e-02 
 1.41567259e+10  5.27313967e-02 
 1.44866277e+10  4.56409618e-02 
 1.48242175e+10  2.75676370e-02 
 1.51696743e+10  4.43104230e-02 
 1.55231815e+10  4.74001606e-02 
 1.58849266e+10  4.95371251e-02 
 1.62551017e+10  5.14563948e-02 
 1.66339032e+10  5.33370977e-02 
 1.70215321e+10  5.52525075e-02 
 1.74181941e+10  5.72438144e-02 
 1.78240998e+10  5.93382035e-02 
 1.82394645e+10  6.15479615e-02 
 1.86645086e+10  6.38466580e-02 
 1.90994578e+10  6.61004142e-02 
 1.95445429e+10  6.80263283e-02 
 2.00000000e+10  6.96816492e-02 
