 1.00000000e+08  1.52811281e-02 
 1.02330354e+08  1.51439983e-02 
 1.04715014e+08  1.49914213e-02 
 1.07155245e+08  1.48231264e-02 
 1.09652342e+08  1.46390186e-02 
 1.12207630e+08  1.44391954e-02 
 1.14822466e+08  1.42239605e-02 
 1.17498236e+08  1.39938312e-02 
 1.20236362e+08  1.37495391e-02 
 1.23038295e+08  1.34920248e-02 
 1.25905523e+08  1.32224246e-02 
 1.28839568e+08  1.29420518e-02 
 1.31841987e+08  1.26523710e-02 
 1.34914372e+08  1.23549694e-02 
 1.38058355e+08  1.20515237e-02 
 1.41275604e+08  1.17437663e-02 
 1.44567827e+08  1.14334515e-02 
 1.47936769e+08  1.11223231e-02 
 1.51384220e+08  1.08120849e-02 
 1.54912009e+08  1.05043749e-02 
 1.58522008e+08  1.02007440e-02 
 1.62216133e+08  9.90263903e-03 
 1.65996343e+08  9.61139084e-03 
 1.69864646e+08  9.32820675e-03 
 1.73823095e+08  9.05416705e-03 
 1.77873789e+08  8.79022518e-03 
 1.82018879e+08  8.53721123e-03 
 1.86260564e+08  8.29583811e-03 
 1.90601095e+08  8.06671046e-03 
 1.95042776e+08  7.85033620e-03 
 1.99587964e+08  7.64714139e-03 
 2.04239071e+08  7.45748976e-03 
 2.08998565e+08  7.28170984e-03 
 2.13868972e+08  7.12013514e-03 
 2.18852877e+08  6.97316875e-03 
 2.23952925e+08  6.84139507e-03 
 2.29171822e+08  6.72578899e-03 
 2.34512337e+08  6.62814017e-03 
 2.39977306e+08  6.55199639e-03 
 2.45569627e+08  6.50501028e-03 
 2.51292270e+08  6.50571377e-03 
 2.57148271e+08  6.60782824e-03 
 2.63140737e+08  7.02555601e-03 
 2.69272848e+08  8.38759987e-03 
 2.75547860e+08  1.37945739e-02 
 2.81969102e+08  9.50412469e-03 
 2.88539981e+08  7.11521828e-03 
 2.95263985e+08  9.12962959e-03 
 3.02144683e+08  8.74913040e-03 
 3.09185725e+08  7.17104957e-03 
 3.16390848e+08  6.83415715e-03 
 3.23763876e+08  6.72240457e-03 
 3.31308722e+08  6.69526783e-03 
 3.39029389e+08  6.71419391e-03 
 3.46929975e+08  6.76532215e-03 
 3.55014673e+08  6.84382972e-03 
 3.63287773e+08  6.94982430e-03 
 3.71753666e+08  7.08797284e-03 
 3.80416844e+08  7.27010114e-03 
 3.89281904e+08  7.52329635e-03 
 3.98353552e+08  7.89169973e-03 
 4.07636602e+08  8.22591952e-03 
 4.17135980e+08  8.74989404e-03 
 4.26856726e+08  9.41126172e-03 
 4.36804001e+08  9.90591725e-03 
 4.46983082e+08  9.67036850e-03 
 4.57399372e+08  9.66993164e-03 
 4.68058398e+08  1.59467046e-02 
 4.78965818e+08  1.58661662e-02 
 4.90127419e+08  8.99838016e-03 
 5.01549125e+08  6.75405447e-03 
 5.13236997e+08  6.48731405e-03 
 5.25197238e+08  6.38912557e-03 
 5.37436195e+08  7.09182452e-03 
 5.49960363e+08  7.72056605e-03 
 5.62776388e+08  7.47729922e-03 
 5.75891073e+08  6.99002344e-03 
 5.89311376e+08  7.37061527e-03 
 6.03044419e+08  7.62830408e-03 
 6.17097492e+08  7.86962457e-03 
 6.31478050e+08  8.03043343e-03 
 6.46193727e+08  8.43532267e-03 
 6.61252331e+08  8.61172951e-03 
 6.76661854e+08  8.93816569e-03 
 6.92430473e+08  9.23684980e-03 
 7.08566557e+08  9.53349656e-03 
 7.25078669e+08  9.91927261e-03 
 7.41975572e+08  1.03883290e-02 
 7.59266232e+08  1.09752018e-02 
 7.76959826e+08  1.17343214e-02 
 7.95065744e+08  1.27341663e-02 
 8.13593593e+08  1.39971014e-02 
 8.32553207e+08  1.52509822e-02 
 8.51954648e+08  1.55990877e-02 
 8.71808210e+08  1.44846242e-02 
 8.92124431e+08  1.28946969e-02 
 9.12914092e+08  1.17143978e-02 
 9.34188226e+08  1.10268814e-02 
 9.55958123e+08  1.06726104e-02 
 9.78235335e+08  1.05160208e-02 
 1.00103169e+09  1.04766004e-02 
 1.02435927e+09  1.05144576e-02 
 1.04823047e+09  1.06208923e-02 
 1.07265796e+09  1.08267994e-02 
 1.09765469e+09  1.11901724e-02 
 1.12323393e+09  1.15029085e-02 
 1.14940927e+09  1.20699048e-02 
 1.17619457e+09  1.23183523e-02 
 1.20360408e+09  1.23528756e-02 
 1.23165232e+09  1.24066139e-02 
 1.26035418e+09  1.25206846e-02 
 1.28972490e+09  1.26800634e-02 
 1.31978006e+09  1.28678732e-02 
 1.35053561e+09  1.30729901e-02 
 1.38200788e+09  1.32901378e-02 
 1.41421356e+09  1.35180192e-02 
 1.44716975e+09  1.37564283e-02 
 1.48089393e+09  1.40047388e-02 
 1.51540401e+09  1.42620870e-02 
 1.55071830e+09  1.45278395e-02 
 1.58685553e+09  1.48017264e-02 
 1.62383489e+09  1.50837562e-02 
 1.66167599e+09  1.53740504e-02 
 1.70039893e+09  1.56725997e-02 
 1.74002425e+09  1.59788389e-02 
 1.78057299e+09  1.62908684e-02 
 1.82206665e+09  1.66042049e-02 
 1.86452726e+09  1.69105715e-02 
 1.90797735e+09  1.71990929e-02 
 1.95243999e+09  1.74635351e-02 
 1.99793876e+09  1.77121776e-02 
 2.04449781e+09  1.79655215e-02 
 2.09214185e+09  1.82407415e-02 
 2.14089617e+09  1.85430552e-02 
 2.19078664e+09  1.88696314e-02 
 2.24183974e+09  1.92157142e-02 
 2.29408255e+09  1.95776162e-02 
 2.34754280e+09  1.99532527e-02 
 2.40224887e+09  2.03416589e-02 
 2.45822978e+09  2.07423583e-02 
 2.51551525e+09  2.11549971e-02 
 2.57413567e+09  2.15792724e-02 
 2.63412215e+09  2.20149767e-02 
 2.69550653e+09  2.24620327e-02 
 2.75832139e+09  2.29204893e-02 
 2.82260005e+09  2.33904989e-02 
 2.88837664e+09  2.38722905e-02 
 2.95568605e+09  2.43661487e-02 
 3.02456401e+09  2.48723984e-02 
 3.09504707e+09  2.53913947e-02 
 3.16717263e+09  2.59235171e-02 
 3.24097898e+09  2.64691668e-02 
 3.31650528e+09  2.70287656e-02 
 3.39379160e+09  2.76027579e-02 
 3.47287898e+09  2.81916137e-02 
 3.55380937e+09  2.87958356e-02 
 3.63662572e+09  2.94159712e-02 
 3.72137199e+09  3.00526357e-02 
 3.80809314e+09  3.07065600e-02 
 3.89683521e+09  3.13787025e-02 
 3.98764528e+09  3.20705662e-02 
 4.08057155e+09  3.27853649e-02 
 4.17566333e+09  3.35349649e-02 
 4.27297108e+09  3.45483551e-02 
 4.37254645e+09  3.49041791e-02 
 4.47444228e+09  3.57379005e-02 
 4.57871264e+09  3.65604089e-02 
 4.68541287e+09  3.73998463e-02 
 4.79459960e+09  3.82623844e-02 
 4.90633076e+09  3.91520077e-02 
 5.02066566e+09  4.00739541e-02 
 5.13766496e+09  4.10396363e-02 
 5.25739076e+09  4.20931538e-02 
 5.37990660e+09  4.40775570e-02 
 5.50527749e+09  4.35985812e-02 
 5.63356997e+09  4.48237296e-02 
 5.76485211e+09  4.59720225e-02 
 5.89919360e+09  4.71418433e-02 
 6.03666571e+09  4.83629104e-02 
 6.17734142e+09  4.94572073e-02 
 6.32129537e+09  5.09312072e-02 
 6.46860395e+09  5.22375889e-02 
 6.61934535e+09  5.38865722e-02 
 6.77359956e+09  5.56581699e-02 
 6.93144843e+09  5.78073860e-02 
 7.09297575e+09  5.91999595e-02 
 7.25826722e+09  6.30645257e-02 
 7.42741057e+09  7.21571022e-02 
 7.60049556e+09  2.77683349e-02 
 7.77761404e+09  5.27698643e-02 
 7.95886001e+09  5.82827075e-02 
 8.14432966e+09  6.21522519e-02 
 8.33412140e+09  6.65095690e-02 
 8.52833597e+09  6.24182301e-02 
 8.72707642e+09  5.19552535e-02 
 8.93044823e+09  6.40816249e-02 
 9.13855932e+09  7.21092065e-02 
 9.35152014e+09  6.66052091e-02 
 9.56944371e+09  7.04029325e-02 
 9.79244566e+09  7.29581857e-02 
 1.00206443e+10  7.52585775e-02 
 1.02541609e+10  7.74781201e-02 
 1.04931192e+10  7.96796052e-02 
 1.07376460e+10  8.18946512e-02 
 1.09878712e+10  8.41431003e-02 
 1.12439276e+10  8.64399236e-02 
 1.15059509e+10  8.87985306e-02 
 1.17740804e+10  9.12330224e-02 
 1.20484582e+10  9.37605419e-02 
 1.23292299e+10  9.64048177e-02 
 1.26165447e+10  9.92029509e-02 
 1.29105549e+10  1.02220842e-01 
 1.32114166e+10  1.05594973e-01 
 1.35192894e+10  1.09676403e-01 
 1.38343368e+10  1.15778989e-01 
 1.41567259e+10  1.36715025e-01 
 1.44866277e+10  1.01217343e-01 
 1.48242175e+10  8.93057654e-02 
 1.51696743e+10  1.12605335e-01 
 1.55231815e+10  1.18190888e-01 
 1.58849266e+10  1.22596304e-01 
 1.62551017e+10  1.26692328e-01 
 1.66339032e+10  1.30720089e-01 
 1.70215321e+10  1.34781785e-01 
 1.74181941e+10  1.38926192e-01 
 1.78240998e+10  1.43159336e-01 
 1.82394645e+10  1.47406219e-01 
 1.86645086e+10  1.51377571e-01 
 1.90994578e+10  1.54266743e-01 
 1.95445429e+10  1.54756625e-01 
 2.00000000e+10  1.53614788e-01 
