 1.00000000e+08  1.54797690e-02 
 1.02330354e+08  1.53398659e-02 
 1.04715014e+08  1.51843711e-02 
 1.07155245e+08  1.50130319e-02 
 1.09652342e+08  1.48257753e-02 
 1.12207630e+08  1.46227255e-02 
 1.14822466e+08  1.44042180e-02 
 1.17498236e+08  1.41708067e-02 
 1.20236362e+08  1.39232653e-02 
 1.23038295e+08  1.36625813e-02 
 1.25905523e+08  1.33899428e-02 
 1.28839568e+08  1.31067195e-02 
 1.31841987e+08  1.28144372e-02 
 1.34914372e+08  1.25147474e-02 
 1.38058355e+08  1.22093951e-02 
 1.41275604e+08  1.19001836e-02 
 1.44567827e+08  1.15889405e-02 
 1.47936769e+08  1.12774845e-02 
 1.51384220e+08  1.09675949e-02 
 1.54912009e+08  1.06609858e-02 
 1.58522008e+08  1.03592829e-02 
 1.62216133e+08  1.00640068e-02 
 1.65996343e+08  9.77655874e-03 
 1.69864646e+08  9.49821266e-03 
 1.73823095e+08  9.23010972e-03 
 1.77873789e+08  8.97325692e-03 
 1.82018879e+08  8.72852844e-03 
 1.86260564e+08  8.49666938e-03 
 1.90601095e+08  8.27830173e-03 
 1.95042776e+08  8.07393229e-03 
 1.99587964e+08  7.88396299e-03 
 2.04239071e+08  7.70870436e-03 
 2.08998565e+08  7.54839417e-03 
 2.13868972e+08  7.40322507e-03 
 2.18852877e+08  7.27338935e-03 
 2.23952925e+08  7.15915787e-03 
 2.29171822e+08  7.06103212e-03 
 2.34512337e+08  6.98006606e-03 
 2.39977306e+08  6.91862290e-03 
 2.45569627e+08  6.88240504e-03 
 2.51292270e+08  6.88695551e-03 
 2.57148271e+08  6.98477920e-03 
 2.63140737e+08  7.43785918e-03 
 2.69272848e+08  8.38256307e-03 
 2.75547860e+08  1.05662347e-02 
 2.81969102e+08  8.84174314e-03 
 2.88539981e+08  7.58759205e-03 
 2.95263985e+08  9.83082391e-03 
 3.02144683e+08  8.94000869e-03 
 3.09185725e+08  7.64297482e-03 
 3.16390848e+08  7.42238338e-03 
 3.23763876e+08  7.37935725e-03 
 3.31308722e+08  7.40099949e-03 
 3.39029389e+08  7.45766392e-03 
 3.46929975e+08  7.53873930e-03 
 3.55014673e+08  7.64022364e-03 
 3.63287773e+08  7.76146489e-03 
 3.71753666e+08  7.90465441e-03 
 3.80416844e+08  8.07627794e-03 
 3.89281904e+08  8.29203840e-03 
 3.98353552e+08  8.57768888e-03 
 4.07636602e+08  8.83661751e-03 
 4.17135980e+08  9.23664314e-03 
 4.26856726e+08  9.79485992e-03 
 4.36804001e+08  1.00731627e-02 
 4.46983082e+08  9.61509561e-03 
 4.57399372e+08  9.50604599e-03 
 4.68058398e+08  9.94484949e-03 
 4.78965818e+08  9.78275852e-03 
 4.90127419e+08  1.06185452e-02 
 5.01549125e+08  1.14574018e-02 
 5.13236997e+08  1.25277189e-02 
 5.25197238e+08  1.46627764e-02 
 5.37436195e+08  1.71338466e-02 
 5.49960363e+08  1.92383984e-02 
 5.62776388e+08  1.63770936e-02 
 5.75891073e+08  1.22721134e-02 
 5.89311376e+08  1.55890622e-02 
 6.03044419e+08  7.43131890e-03 
 6.17097492e+08  6.94286680e-03 
 6.31478050e+08  7.92155287e-03 
 6.46193727e+08  8.77016052e-03 
 6.61252331e+08  9.60158877e-03 
 6.76661854e+08  1.05057753e-02 
 6.92430473e+08  1.13108898e-02 
 7.08566557e+08  1.20786995e-02 
 7.25078669e+08  1.31648289e-02 
 7.41975572e+08  1.44610726e-02 
 7.59266232e+08  1.60790013e-02 
 7.76959826e+08  1.81671929e-02 
 7.95065744e+08  2.09015524e-02 
 8.13593593e+08  2.43374142e-02 
 8.32553207e+08  2.78105701e-02 
 8.51954648e+08  2.91020868e-02 
 8.71808210e+08  2.66022680e-02 
 8.92124431e+08  2.24357909e-02 
 9.12914092e+08  1.89117264e-02 
 9.34188226e+08  1.65439879e-02 
 9.55958123e+08  1.51329713e-02 
 9.78235335e+08  1.44268492e-02 
 1.00103169e+09  1.42794551e-02 
 1.02435927e+09  1.46855293e-02 
 1.04823047e+09  1.58191956e-02 
 1.07265796e+09  1.80911980e-02 
 1.09765469e+09  2.20912318e-02 
 1.12323393e+09  2.77226756e-02 
 1.14940927e+09  3.18772618e-02 
 1.17619457e+09  3.10769118e-02 
 1.20360408e+09  2.84178400e-02 
 1.23165232e+09  2.66897459e-02 
 1.26035418e+09  2.60917741e-02 
 1.28972490e+09  2.60329719e-02 
 1.31978006e+09  2.58374461e-02 
 1.35053561e+09  2.50369537e-02 
 1.38200788e+09  2.35582376e-02 
 1.41421356e+09  2.16584735e-02 
 1.44716975e+09  1.96742260e-02 
 1.48089393e+09  1.78361534e-02 
 1.51540401e+09  1.62408352e-02 
 1.55071830e+09  1.48997871e-02 
 1.58685553e+09  1.37875660e-02 
 1.62383489e+09  1.28684823e-02 
 1.66167599e+09  1.21077901e-02 
 1.70039893e+09  1.14752491e-02 
 1.74002425e+09  1.09455886e-02 
 1.78057299e+09  1.04979047e-02 
 1.82206665e+09  1.01147878e-02 
 1.86452726e+09  9.78147585e-03 
 1.90797735e+09  9.48525559e-03 
 1.95243999e+09  9.21559464e-03 
 1.99793876e+09  8.96554910e-03 
 2.04449781e+09  8.73395990e-03 
 2.09214185e+09  8.52707618e-03 
 2.14089617e+09  8.35868993e-03 
 2.19078664e+09  8.24696952e-03 
 2.24183974e+09  8.20620587e-03 
 2.29408255e+09  8.23748290e-03 
 2.34754280e+09  8.32698567e-03 
 2.40224887e+09  8.45375168e-03 
 2.45822978e+09  8.59892372e-03 
 2.51551525e+09  8.75000553e-03 
 2.57413567e+09  8.90050438e-03 
 2.63412215e+09  9.04791963e-03 
 2.69550653e+09  9.19191348e-03 
 2.75832139e+09  9.33313322e-03 
 2.82260005e+09  9.47257373e-03 
 2.88837664e+09  9.61127286e-03 
 2.95568605e+09  9.75018502e-03 
 3.02456401e+09  9.89014188e-03 
 3.09504707e+09  1.00318520e-02 
 3.16717263e+09  1.01759158e-02 
 3.24097898e+09  1.03228445e-02 
 3.31650528e+09  1.04730792e-02 
 3.39379160e+09  1.06270073e-02 
 3.47287898e+09  1.07849779e-02 
 3.55380937e+09  1.09473144e-02 
 3.63662572e+09  1.11143280e-02 
 3.72137199e+09  1.12863333e-02 
 3.80809314e+09  1.14636716e-02 
 3.89683521e+09  1.16467577e-02 
 3.98764528e+09  1.18361990e-02 
 4.08057155e+09  1.20332027e-02 
 4.17566333e+09  1.22417342e-02 
 4.27297108e+09  1.25097251e-02 
 4.37254645e+09  1.25845577e-02 
 4.47444228e+09  1.28379240e-02 
 4.57871264e+09  1.30722431e-02 
 4.68541287e+09  1.33101235e-02 
 4.79459960e+09  1.35548045e-02 
 4.90633076e+09  1.38076823e-02 
 5.02066566e+09  1.40699610e-02 
 5.13766496e+09  1.43434855e-02 
 5.25739076e+09  1.46339252e-02 
 5.37990660e+09  1.50504104e-02 
 5.50527749e+09  1.51714487e-02 
 5.63356997e+09  1.55054118e-02 
 5.76485211e+09  1.58422848e-02 
 5.89919360e+09  1.61944314e-02 
 6.03666571e+09  1.65683236e-02 
 6.17734142e+09  1.69248005e-02 
 6.32129537e+09  1.73901034e-02 
 6.46860395e+09  1.78590437e-02 
 6.61934535e+09  1.84295469e-02 
 6.77359956e+09  1.91544468e-02 
 6.93144843e+09  2.04058771e-02 
 7.09297575e+09  6.06564869e-02 
 7.25826722e+09  2.62101588e-02 
 7.42741057e+09  2.13986741e-02 
 7.60049556e+09  1.91797287e-02 
 7.77761404e+09  2.28603826e-02 
 7.95886001e+09  1.59323509e-02 
 8.14432966e+09  1.89248526e-02 
 8.33412140e+09  2.08812791e-02 
 8.52833597e+09  2.65123174e-02 
 8.72707642e+09  1.93533134e-02 
 8.93044823e+09  2.78167225e-02 
 9.13855932e+09  2.06970409e-02 
 9.35152014e+09  2.09653706e-02 
 9.56944371e+09  2.23689383e-02 
 9.79244566e+09  2.31829600e-02 
 1.00206443e+10  2.39047823e-02 
 1.02541609e+10  2.45947777e-02 
 1.04931192e+10  2.52740967e-02 
 1.07376460e+10  2.59534024e-02 
 1.09878712e+10  2.66392247e-02 
 1.12439276e+10  2.73361873e-02 
 1.15059509e+10  2.80480237e-02 
 1.17740804e+10  2.87781720e-02 
 1.20484582e+10  2.95302590e-02 
 1.23292299e+10  3.03086894e-02 
 1.26165447e+10  3.11196577e-02 
 1.29105549e+10  3.19733551e-02 
 1.32114166e+10  3.28898916e-02 
 1.35192894e+10  3.39197640e-02 
 1.38343368e+10  3.52515525e-02 
 1.41567259e+10  3.88012365e-02 
 1.44866277e+10  3.43346046e-02 
 1.48242175e+10  3.35826315e-02 
 1.51696743e+10  3.69212325e-02 
 1.55231815e+10  3.82588873e-02 
 1.58849266e+10  3.94655770e-02 
 1.62551017e+10  4.06587058e-02 
 1.66339032e+10  4.18735801e-02 
 1.70215321e+10  4.31277750e-02 
 1.74181941e+10  4.44327462e-02 
 1.78240998e+10  4.57955917e-02 
 1.82394645e+10  4.72140049e-02 
 1.86645086e+10  4.86565213e-02 
 1.90994578e+10  5.00116508e-02 
 1.95445429e+10  5.10635997e-02 
 2.00000000e+10  5.18611631e-02 
