 1.00000000e+08  1.52626746e-02 
 1.02330354e+08  1.51246131e-02 
 1.04715014e+08  1.49711524e-02 
 1.07155245e+08  1.48020210e-02 
 1.09652342e+08  1.46171216e-02 
 1.12207630e+08  1.44165493e-02 
 1.14822466e+08  1.42006044e-02 
 1.17498236e+08  1.39698001e-02 
 1.20236362e+08  1.37248636e-02 
 1.23038295e+08  1.34667304e-02 
 1.25905523e+08  1.31965316e-02 
 1.28839568e+08  1.29155746e-02 
 1.31841987e+08  1.26253189e-02 
 1.34914372e+08  1.23273459e-02 
 1.38058355e+08  1.20233275e-02 
 1.41275604e+08  1.17149917e-02 
 1.44567827e+08  1.14040890e-02 
 1.47936769e+08  1.10923603e-02 
 1.51384220e+08  1.07815075e-02 
 1.54912009e+08  1.04731678e-02 
 1.58522008e+08  1.01688924e-02 
 1.62216133e+08  9.87012980e-03 
 1.65996343e+08  9.57821354e-03 
 1.69864646e+08  9.29435485e-03 
 1.73823095e+08  9.01963900e-03 
 1.77873789e+08  8.75502545e-03 
 1.82018879e+08  8.50135115e-03 
 1.86260564e+08  8.25933669e-03 
 1.90601095e+08  8.02959508e-03 
 1.95042776e+08  7.81264329e-03 
 1.99587964e+08  7.60891734e-03 
 2.04239071e+08  7.41879216e-03 
 2.08998565e+08  7.24260968e-03 
 2.13868972e+08  7.08072069e-03 
 2.18852877e+08  6.93355271e-03 
 2.23952925e+08  6.80172760e-03 
 2.29171822e+08  6.68628199e-03 
 2.34512337e+08  6.58911358e-03 
 2.39977306e+08  6.51397055e-03 
 2.45569627e+08  6.46890319e-03 
 2.51292270e+08  6.47330772e-03 
 2.57148271e+08  6.58305468e-03 
 2.63140737e+08  7.01869683e-03 
 2.69272848e+08  8.39390748e-03 
 2.75547860e+08  1.38515301e-02 
 2.81969102e+08  9.48729267e-03 
 2.88539981e+08  7.16373110e-03 
 2.95263985e+08  1.02401568e-02 
 3.02144683e+08  9.27521662e-03 
 3.09185725e+08  7.26456722e-03 
 3.16390848e+08  6.83656863e-03 
 3.23763876e+08  6.68588523e-03 
 3.31308722e+08  6.63412734e-03 
 3.39029389e+08  6.63290737e-03 
 3.46929975e+08  6.66453252e-03 
 3.55014673e+08  6.72204025e-03 
 3.63287773e+08  6.80379902e-03 
 3.71753666e+08  6.91250173e-03 
 3.80416844e+08  7.05712172e-03 
 3.89281904e+08  7.25992672e-03 
 3.98353552e+08  7.55825822e-03 
 4.07636602e+08  7.81208836e-03 
 4.17135980e+08  8.20455481e-03 
 4.26856726e+08  8.77990571e-03 
 4.36804001e+08  9.36508840e-03 
 4.46983082e+08  8.61880516e-03 
 4.57399372e+08  8.77487070e-03 
 4.68058398e+08  1.07844995e-02 
 4.78965818e+08  9.76639976e-03 
 4.90127419e+08  8.88574909e-03 
 5.01549125e+08  1.01967531e-02 
 5.13236997e+08  1.57876106e-02 
 5.25197238e+08  6.43931793e-03 
 5.37436195e+08  6.31586901e-03 
 5.49960363e+08  6.92620451e-03 
 5.62776388e+08  7.70429068e-03 
 5.75891073e+08  8.55599152e-03 
 5.89311376e+08  7.81893825e-03 
 6.03044419e+08  7.64357284e-03 
 6.17097492e+08  8.02739073e-03 
 6.31478050e+08  8.53172761e-03 
 6.46193727e+08  8.38067946e-03 
 6.61252331e+08  8.76352820e-03 
 6.76661854e+08  9.37198385e-03 
 6.92430473e+08  9.26097554e-03 
 7.08566557e+08  9.48394003e-03 
 7.25078669e+08  9.88837672e-03 
 7.41975572e+08  1.03705288e-02 
 7.59266232e+08  1.09705898e-02 
 7.76959826e+08  1.17468655e-02 
 7.95065744e+08  1.27710042e-02 
 8.13593593e+08  1.40668618e-02 
 8.32553207e+08  1.53558847e-02 
 8.51954648e+08  1.57173606e-02 
 8.71808210e+08  1.45728523e-02 
 8.92124431e+08  1.29276090e-02 
 9.12914092e+08  1.16944337e-02 
 9.34188226e+08  1.09663315e-02 
 9.55958123e+08  1.05829651e-02 
 9.78235335e+08  1.04055924e-02 
 1.00103169e+09  1.03512030e-02 
 1.02435927e+09  1.03795697e-02 
 1.04823047e+09  1.04887104e-02 
 1.07265796e+09  1.07514433e-02 
 1.09765469e+09  1.12271272e-02 
 1.12323393e+09  1.08159228e-02 
 1.14940927e+09  1.12691300e-02 
 1.17619457e+09  1.16485633e-02 
 1.20360408e+09  1.18386845e-02 
 1.23165232e+09  1.19937199e-02 
 1.26035418e+09  1.21681020e-02 
 1.28972490e+09  1.23636709e-02 
 1.31978006e+09  1.25715727e-02 
 1.35053561e+09  1.27841296e-02 
 1.38200788e+09  1.29994063e-02 
 1.41421356e+09  1.32206501e-02 
 1.44716975e+09  1.34516902e-02 
 1.48089393e+09  1.36939563e-02 
 1.51540401e+09  1.39469913e-02 
 1.55071830e+09  1.42098711e-02 
 1.58685553e+09  1.44819217e-02 
 1.62383489e+09  1.47628263e-02 
 1.66167599e+09  1.50524811e-02 
 1.70039893e+09  1.53507250e-02 
 1.74002425e+09  1.56568868e-02 
 1.78057299e+09  1.59689872e-02 
 1.82206665e+09  1.62824804e-02 
 1.86452726e+09  1.65890502e-02 
 1.90797735e+09  1.68778330e-02 
 1.95243999e+09  1.71426899e-02 
 1.99793876e+09  1.73920571e-02 
 2.04449781e+09  1.76465599e-02 
 2.09214185e+09  1.79234021e-02 
 2.14089617e+09  1.82277598e-02 
 2.19078664e+09  1.85567229e-02 
 2.24183974e+09  1.89054132e-02 
 2.29408255e+09  1.92699800e-02 
 2.34754280e+09  1.96481738e-02 
 2.40224887e+09  2.00389145e-02 
 2.45822978e+09  2.04416759e-02 
 2.51551525e+09  2.08561033e-02 
 2.57413567e+09  2.12819172e-02 
 2.63412215e+09  2.17189404e-02 
 2.69550653e+09  2.21671238e-02 
 2.75832139e+09  2.26265391e-02 
 2.82260005e+09  2.30973544e-02 
 2.88837664e+09  2.35798084e-02 
 2.95568605e+09  2.40741900e-02 
 3.02456401e+09  2.45808236e-02 
 3.09504707e+09  2.51000603e-02 
 3.16717263e+09  2.56322726e-02 
 3.24097898e+09  2.61778521e-02 
 3.31650528e+09  2.67372091e-02 
 3.39379160e+09  2.73107741e-02 
 3.47287898e+09  2.78990015e-02 
 3.55380937e+09  2.85023765e-02 
 3.63662572e+09  2.91214269e-02 
 3.72137199e+09  2.97567462e-02 
 3.80809314e+09  3.04090405e-02 
 3.89683521e+09  3.10792403e-02 
 3.98764528e+09  3.17688155e-02 
 4.08057155e+09  3.24809361e-02 
 4.17566333e+09  3.32273858e-02 
 4.27297108e+09  3.42360929e-02 
 4.37254645e+09  3.45897415e-02 
 4.47444228e+09  3.54187090e-02 
 4.57871264e+09  3.62360324e-02 
 4.68541287e+09  3.70696649e-02 
 4.79459960e+09  3.79257109e-02 
 4.90633076e+09  3.88081322e-02 
 5.02066566e+09  3.97222527e-02 
 5.13766496e+09  4.06799704e-02 
 5.25739076e+09  4.17280670e-02 
 5.37990660e+09  4.37685078e-02 
 5.50527749e+09  4.31693431e-02 
 5.63356997e+09  4.43872075e-02 
 5.76485211e+09  4.55169783e-02 
 5.89919360e+09  4.66623491e-02 
 6.03666571e+09  4.78526097e-02 
 6.17734142e+09  4.89137024e-02 
 6.32129537e+09  5.03339981e-02 
 6.46860395e+09  5.16037721e-02 
 6.61934535e+09  5.31513664e-02 
 6.77359956e+09  5.47992814e-02 
 6.93144843e+09  5.67485439e-02 
 7.09297575e+09  5.78823241e-02 
 7.25826722e+09  6.10328406e-02 
 7.42741057e+09  6.69670874e-02 
 7.60049556e+09  4.94157658e-02 
 7.77761404e+09  5.11984726e-02 
 7.95886001e+09  5.53525600e-02 
 8.14432966e+09  5.98217288e-02 
 8.33412140e+09  6.39303616e-02 
 8.52833597e+09  5.75597832e-02 
 8.72707642e+09  6.38281354e-02 
 8.93044823e+09  6.73956679e-02 
 9.13855932e+09  7.15963068e-02 
 9.35152014e+09  6.23813231e-02 
 9.56944371e+09  7.07834722e-02 
 9.79244566e+09  7.35263969e-02 
 1.00206443e+10  7.58138452e-02 
 1.02541609e+10  7.79922446e-02 
 1.04931192e+10  8.01516225e-02 
 1.07376460e+10  8.23291015e-02 
 1.09878712e+10  8.45452802e-02 
 1.12439276e+10  8.68147441e-02 
 1.15059509e+10  8.91503104e-02 
 1.17740804e+10  9.15655477e-02 
 1.20484582e+10  9.40772065e-02 
 1.23292299e+10  9.67088046e-02 
 1.26165447e+10  9.94974783e-02 
 1.29105549e+10  1.02509571e-01 
 1.32114166e+10  1.05882884e-01 
 1.35192894e+10  1.09972277e-01 
 1.38343368e+10  1.16106150e-01 
 1.41567259e+10  1.37234220e-01 
 1.44866277e+10  1.01312748e-01 
 1.48242175e+10  8.90324655e-02 
 1.51696743e+10  1.12715688e-01 
 1.55231815e+10  1.18335068e-01 
 1.58849266e+10  1.22754079e-01 
 1.62551017e+10  1.26857908e-01 
 1.66339032e+10  1.30891293e-01 
 1.70215321e+10  1.34957805e-01 
 1.74181941e+10  1.39106796e-01 
 1.78240998e+10  1.43344347e-01 
 1.82394645e+10  1.47594747e-01 
 1.86645086e+10  1.51566255e-01 
 1.90994578e+10  1.54445869e-01 
 1.95445429e+10  1.54907237e-01 
 2.00000000e+10  1.53726878e-01 
