 1.00000000e+08  1.20867066e-02 
 1.02330354e+08  1.21918181e-02 
 1.04715014e+08  1.23014661e-02 
 1.07155245e+08  1.24158327e-02 
 1.09652342e+08  1.25351070e-02 
 1.12207630e+08  1.26594860e-02 
 1.14822466e+08  1.27891741e-02 
 1.17498236e+08  1.29243844e-02 
 1.20236362e+08  1.30653384e-02 
 1.23038295e+08  1.32122672e-02 
 1.25905523e+08  1.33654114e-02 
 1.28839568e+08  1.35250221e-02 
 1.31841987e+08  1.36913616e-02 
 1.34914372e+08  1.38647036e-02 
 1.38058355e+08  1.40453345e-02 
 1.41275604e+08  1.42335540e-02 
 1.44567827e+08  1.44296758e-02 
 1.47936769e+08  1.46340289e-02 
 1.51384220e+08  1.48469584e-02 
 1.54912009e+08  1.50688266e-02 
 1.58522008e+08  1.53000146e-02 
 1.62216133e+08  1.55409229e-02 
 1.65996343e+08  1.57919736e-02 
 1.69864646e+08  1.60536112e-02 
 1.73823095e+08  1.63263050e-02 
 1.77873789e+08  1.66105499e-02 
 1.82018879e+08  1.69068692e-02 
 1.86260564e+08  1.72158158e-02 
 1.90601095e+08  1.75379748e-02 
 1.95042776e+08  1.78739654e-02 
 1.99587964e+08  1.82244436e-02 
 2.04239071e+08  1.85901040e-02 
 2.08998565e+08  1.89716826e-02 
 2.13868972e+08  1.93699593e-02 
 2.18852877e+08  1.97857600e-02 
 2.23952925e+08  2.02199592e-02 
 2.29171822e+08  2.06734822e-02 
 2.34512337e+08  2.11473065e-02 
 2.39977306e+08  2.16424636e-02 
 2.45569627e+08  2.21600390e-02 
 2.51292270e+08  2.27011722e-02 
 2.57148271e+08  2.32670548e-02 
 2.63140737e+08  2.38589266e-02 
 2.69272848e+08  2.44780693e-02 
 2.75547860e+08  2.51257969e-02 
 2.81969102e+08  2.58034418e-02 
 2.88539981e+08  2.65123342e-02 
 2.95263985e+08  2.72537752e-02 
 3.02144683e+08  2.80289996e-02 
 3.09185725e+08  2.88391259e-02 
 3.16390848e+08  2.96850911e-02 
 3.23763876e+08  3.05675659e-02 
 3.31308722e+08  3.14868449e-02 
 3.39029389e+08  3.24427072e-02 
 3.46929975e+08  3.34342413e-02 
 3.55014673e+08  3.44596278e-02 
 3.63287773e+08  3.55158759e-02 
 3.71753666e+08  3.65985091e-02 
 3.80416844e+08  3.77012029e-02 
 3.89281904e+08  3.88153827e-02 
 3.98353552e+08  3.99298026e-02 
 4.07636602e+08  4.10301431e-02 
 4.17135980e+08  4.20986877e-02 
 4.26856726e+08  4.31141618e-02 
 4.36804001e+08  4.40518441e-02 
 4.46983082e+08  4.48840691e-02 
 4.57399372e+08  4.55812294e-02 
 4.68058398e+08  4.61133367e-02 
 4.78965818e+08  4.64521017e-02 
 4.90127419e+08  4.65733602e-02 
 5.01549125e+08  4.64595271e-02 
 5.13236997e+08  4.61016637e-02 
 5.25197238e+08  4.55007410e-02 
 5.37436195e+08  4.46678084e-02 
 5.49960363e+08  4.36230048e-02 
 5.62776388e+08  4.23936010e-02 
 5.75891073e+08  4.10114591e-02 
 5.89311376e+08  3.95103642e-02 
 6.03044419e+08  3.79236295e-02 
 6.17097492e+08  3.62822385e-02 
 6.31478050e+08  3.46136260e-02 
 6.46193727e+08  3.29410677e-02 
 6.61252331e+08  3.12835673e-02 
 6.76661854e+08  2.96560964e-02 
 6.92430473e+08  2.80700521e-02 
 7.08566557e+08  2.65338210e-02 
 7.25078669e+08  2.50533691e-02 
 7.41975572e+08  2.36328112e-02 
 7.59266232e+08  2.22749327e-02 
 7.76959826e+08  2.09816555e-02 
 7.95065744e+08  1.97544508e-02 
 8.13593593e+08  1.85947077e-02 
 8.32553207e+08  1.75040673e-02 
 8.51954648e+08  1.64847334e-02 
 8.71808210e+08  1.55397672e-02 
 8.92124431e+08  1.46733651e-02 
 9.12914092e+08  1.38911102e-02 
 9.34188226e+08  1.32001692e-02 
 9.55958123e+08  1.26093902e-02 
 9.78235335e+08  1.21292390e-02 
 1.00103169e+09  1.17715094e-02 
 1.02435927e+09  1.15487841e-02 
 1.04823047e+09  1.14736952e-02 
 1.07265796e+09  1.15581383e-02 
 1.09765469e+09  1.18126034e-02 
 1.12323393e+09  1.22455351e-02 
 1.14940927e+09  1.28617747e-02 
 1.17619457e+09  1.36568613e-02 
 1.20360408e+09  1.45977992e-02 
 1.23165232e+09  1.55645586e-02 
 1.26035418e+09  1.61968887e-02 
 1.28972490e+09  1.56478803e-02 
 1.31978006e+09  1.28480702e-02 
 1.35053561e+09  8.12660682e-03 
 1.38200788e+09  3.50560359e-03 
 1.41421356e+09  2.49231897e-03 
 1.44716975e+09  5.12807174e-03 
 1.48089393e+09  7.67215584e-03 
 1.51540401e+09  9.91044987e-03 
 1.55071830e+09  1.19390260e-02 
 1.58685553e+09  1.38439388e-02 
 1.62383489e+09  1.56880791e-02 
 1.66167599e+09  1.75178436e-02 
 1.70039893e+09  1.93694079e-02 
 1.74002425e+09  2.12731000e-02 
 1.78057299e+09  2.32563757e-02 
 1.82206665e+09  2.53459387e-02 
 1.86452726e+09  2.75693804e-02 
 1.90797735e+09  2.99565759e-02 
 1.95243999e+09  3.25409838e-02 
 1.99793876e+09  3.53609236e-02 
 2.04449781e+09  3.84608271e-02 
 2.09214185e+09  4.18923303e-02 
 2.14089617e+09  4.57148178e-02 
 2.19078664e+09  4.99945112e-02 
 2.24183974e+09  5.48001177e-02 
 2.29408255e+09  6.01909058e-02 
 2.34754280e+09  6.61890901e-02 
 2.40224887e+09  7.27221630e-02 
 2.45822978e+09  7.95155836e-02 
 2.51551525e+09  8.59293942e-02 
 2.57413567e+09  9.08101501e-02 
 2.63412215e+09  9.26027180e-02 
 2.69550653e+09  9.00110509e-02 
 2.75832139e+09  8.29053383e-02 
 2.82260005e+09  7.24569657e-02 
 2.88837664e+09  6.02583544e-02 
 2.95568605e+09  4.74355957e-02 
 3.02456401e+09  3.43802347e-02 
 3.09504707e+09  2.08429955e-02 
 3.16717263e+09  5.99651603e-03 
 3.24097898e+09  1.19526601e-02 
 3.31650528e+09  3.75250948e-02 
 3.39379160e+09  4.14910328e-02 
 3.47287898e+09  8.13219240e-02 
 3.55380937e+09  1.05273227e-01 
 3.63662572e+09  1.04732026e-01 
 3.72137199e+09  8.09858937e-02 
 3.80809314e+09  8.67174206e-02 
 3.89683521e+09  7.51385544e-02 
 3.98764528e+09  6.62698531e-02 
 4.08057155e+09  5.92486488e-02 
 4.17566333e+09  5.35422082e-02 
 4.27297108e+09  4.89992777e-02 
 4.37254645e+09  4.49325981e-02 
 4.47444228e+09  4.15593665e-02 
 4.57871264e+09  3.86921001e-02 
 4.68541287e+09  3.62797774e-02 
 4.79459960e+09  3.42772095e-02 
 4.90633076e+09  2.62878403e-02 
 5.02066566e+09  3.05881670e-02 
 5.13766496e+09  3.21151801e-02 
 5.25739076e+09  9.41196077e-03 
 5.37990660e+09  1.52519448e-02 
 5.50527749e+09  1.57030041e-02 
 5.63356997e+09  2.02230353e-02 
 5.76485211e+09  9.42155555e-03 
 5.89919360e+09  6.89284010e-03 
 6.03666571e+09  1.16688137e-02 
 6.17734142e+09  1.48055229e-02 
 6.32129537e+09  7.50862908e-03 
 6.46860395e+09  1.76751568e-03 
 6.61934535e+09  6.18533669e-03 
 6.77359956e+09  1.05475236e-02 
 6.93144843e+09  2.08295079e-02 
 7.09297575e+09  7.78588617e-02 
 7.25826722e+09  1.33396055e-01 
 7.42741057e+09  1.05073131e-01 
 7.60049556e+09  1.02924190e-01 
 7.77761404e+09  2.23347141e-02 
 7.95886001e+09  1.89802465e-02 
 8.14432966e+09  1.24746205e-02 
 8.33412140e+09  1.56263713e-02 
 8.52833597e+09  9.71212835e-05 
 8.72707642e+09  6.23360713e-05 
 8.93044823e+09  1.24547862e-04 
 9.13855932e+09  2.12170685e-03 
 9.35152014e+09  1.25720197e-02 
 9.56944371e+09  7.38875271e-03 
 9.79244566e+09  9.14959792e-03 
 1.00206443e+10  1.18035277e-02 
 1.02541609e+10  1.48787151e-02 
 1.04931192e+10  1.86736350e-02 
 1.07376460e+10  2.34124283e-02 
 1.09878712e+10  2.94472274e-02 
 1.12439276e+10  3.73418451e-02 
 1.15059509e+10  4.80089853e-02 
 1.17740804e+10  6.29143895e-02 
 1.20484582e+10  8.41337633e-02 
 1.23292299e+10  1.12638670e-01 
 1.26165447e+10  1.39450218e-01 
 1.29105549e+10  1.41384080e-01 
 1.32114166e+10  1.20129259e-01 
 1.35192894e+10  9.62137095e-02 
 1.38343368e+10  7.58919683e-02 
 1.41567259e+10  5.62497555e-02 
 1.44866277e+10  1.26051132e-02 
 1.48242175e+10  5.92492350e-02 
 1.51696743e+10  1.34359709e-02 
 1.55231815e+10  3.88242490e-02 
 1.58849266e+10  1.27042099e-01 
 1.62551017e+10  1.48879047e-01 
 1.66339032e+10  1.44116861e-01 
 1.70215321e+10  1.45378860e-01 
 1.74181941e+10  1.53486019e-01 
 1.78240998e+10  1.60277632e-01 
 1.82394645e+10  1.46702702e-01 
 1.86645086e+10  1.13347002e-01 
 1.90994578e+10  8.10349089e-02 
 1.95445429e+10  5.77343716e-02 
 2.00000000e+10  4.19964114e-02 
