 1.00000000e+08  1.20906655e-02 
 1.02330354e+08  1.21958910e-02 
 1.04715014e+08  1.23056591e-02 
 1.07155245e+08  1.24201522e-02 
 1.09652342e+08  1.25395598e-02 
 1.12207630e+08  1.26640790e-02 
 1.14822466e+08  1.27939145e-02 
 1.17498236e+08  1.29292796e-02 
 1.20236362e+08  1.30703962e-02 
 1.23038295e+08  1.32174954e-02 
 1.25905523e+08  1.33708182e-02 
 1.28839568e+08  1.35306160e-02 
 1.31841987e+08  1.36971512e-02 
 1.34914372e+08  1.38706978e-02 
 1.38058355e+08  1.40515424e-02 
 1.41275604e+08  1.42399850e-02 
 1.44567827e+08  1.44363394e-02 
 1.47936769e+08  1.46409348e-02 
 1.51384220e+08  1.48541166e-02 
 1.54912009e+08  1.50762472e-02 
 1.58522008e+08  1.53077078e-02 
 1.62216133e+08  1.55488992e-02 
 1.65996343e+08  1.58002435e-02 
 1.69864646e+08  1.60621853e-02 
 1.73823095e+08  1.63351939e-02 
 1.77873789e+08  1.66197643e-02 
 1.82018879e+08  1.69164197e-02 
 1.86260564e+08  1.72257130e-02 
 1.90601095e+08  1.75482292e-02 
 1.95042776e+08  1.78845874e-02 
 1.99587964e+08  1.82354431e-02 
 2.04239071e+08  1.86014907e-02 
 2.08998565e+08  1.89834659e-02 
 2.13868972e+08  1.93821480e-02 
 2.18852877e+08  1.97983623e-02 
 2.23952925e+08  2.02329827e-02 
 2.29171822e+08  2.06869335e-02 
 2.34512337e+08  2.11611913e-02 
 2.39977306e+08  2.16567863e-02 
 2.45569627e+08  2.21748026e-02 
 2.51292270e+08  2.27163783e-02 
 2.57148271e+08  2.32827029e-02 
 2.63140737e+08  2.38750140e-02 
 2.69272848e+08  2.44945910e-02 
 2.75547860e+08  2.51427450e-02 
 2.81969102e+08  2.58208049e-02 
 2.88539981e+08  2.65300972e-02 
 2.95263985e+08  2.72719186e-02 
 3.02144683e+08  2.80474988e-02 
 3.09185725e+08  2.88579505e-02 
 3.16390848e+08  2.97042041e-02 
 3.23763876e+08  3.05869226e-02 
 3.31308722e+08  3.15063920e-02 
 3.39029389e+08  3.24623813e-02 
 3.46929975e+08  3.34539678e-02 
 3.55014673e+08  3.44793194e-02 
 3.63287773e+08  3.55354307e-02 
 3.71753666e+08  3.66178094e-02 
 3.80416844e+08  3.77201132e-02 
 3.89281904e+08  3.88337481e-02 
 3.98353552e+08  3.99474476e-02 
 4.07636602e+08  4.10468710e-02 
 4.17135980e+08  4.21142799e-02 
 4.26856726e+08  4.31283791e-02 
 4.36804001e+08  4.40644287e-02 
 4.46983082e+08  4.48947487e-02 
 4.57399372e+08  4.55897231e-02 
 4.68058398e+08  4.61193625e-02 
 4.78965818e+08  4.64553864e-02 
 4.90127419e+08  4.65736494e-02 
 5.01549125e+08  4.64565963e-02 
 5.13236997e+08  4.60953275e-02 
 5.25197238e+08  4.54908608e-02 
 5.37436195e+08  4.46542965e-02 
 5.49960363e+08  4.36058252e-02 
 5.62776388e+08  4.23727670e-02 
 5.75891073e+08  4.09870282e-02 
 5.89311376e+08  3.94824313e-02 
 6.03044419e+08  3.78923199e-02 
 6.17097492e+08  3.62477007e-02 
 6.31478050e+08  3.45760258e-02 
 6.46193727e+08  3.29005839e-02 
 6.61252331e+08  3.12403886e-02 
 6.76661854e+08  2.96104204e-02 
 6.92430473e+08  2.80220860e-02 
 7.08566557e+08  2.64837830e-02 
 7.25078669e+08  2.50014927e-02 
 7.41975572e+08  2.35793501e-02 
 7.59266232e+08  2.22201678e-02 
 7.76959826e+08  2.09259037e-02 
 7.95065744e+08  1.96980766e-02 
 8.13593593e+08  1.85381369e-02 
 8.32553207e+08  1.74478037e-02 
 8.51954648e+08  1.64293793e-02 
 8.71808210e+08  1.54860463e-02 
 8.92124431e+08  1.46221485e-02 
 9.12914092e+08  1.38434413e-02 
 9.34188226e+08  1.31572859e-02 
 9.55958123e+08  1.25727362e-02 
 9.78235335e+08  1.21004567e-02 
 1.00103169e+09  1.17524085e-02 
 1.02435927e+09  1.15412848e-02 
 1.04823047e+09  1.14797597e-02 
 1.07265796e+09  1.15797217e-02 
 1.09765469e+09  1.18516685e-02 
 1.12323393e+09  1.23041756e-02 
 1.14940927e+09  1.29424782e-02 
 1.17619457e+09  1.37629145e-02 
 1.20360408e+09  1.47337629e-02 
 1.23165232e+09  1.57364338e-02 
 1.26035418e+09  1.64104830e-02 
 1.28972490e+09  1.59016008e-02 
 1.31978006e+09  1.31202173e-02 
 1.35053561e+09  8.37853548e-03 
 1.38200788e+09  3.68355606e-03 
 1.41421356e+09  2.36817112e-03 
 1.44716975e+09  4.95842962e-03 
 1.48089393e+09  7.51351229e-03 
 1.51540401e+09  9.76145488e-03 
 1.55071830e+09  1.17954526e-02 
 1.58685553e+09  1.37017690e-02 
 1.62383489e+09  1.55437016e-02 
 1.66167599e+09  1.73679312e-02 
 1.70039893e+09  1.92107733e-02 
 1.74002425e+09  2.11025673e-02 
 1.78057299e+09  2.30706690e-02 
 1.82206665e+09  2.51415795e-02 
 1.86452726e+09  2.73425867e-02 
 1.90797735e+09  2.97031578e-02 
 1.95243999e+09  3.22562284e-02 
 1.99793876e+09  3.50394670e-02 
 2.04449781e+09  3.80965086e-02 
 2.09214185e+09  4.14780298e-02 
 2.14089617e+09  4.52422835e-02 
 2.19078664e+09  4.94542021e-02 
 2.24183974e+09  5.41811179e-02 
 2.29408255e+09  5.94810449e-02 
 2.34754280e+09  6.53755473e-02 
 2.40224887e+09  7.17930999e-02 
 2.45822978e+09  7.84637360e-02 
 2.51551525e+09  8.47587681e-02 
 2.57413567e+09  8.95459107e-02 
 2.63412215e+09  9.13002087e-02 
 2.69550653e+09  8.87543578e-02 
 2.75832139e+09  8.17898324e-02 
 2.82260005e+09  7.15677490e-02 
 2.88837664e+09  5.96628677e-02 
 2.95568605e+09  4.71928584e-02 
 3.02456401e+09  3.45578306e-02 
 3.09504707e+09  2.15366062e-02 
 3.16717263e+09  7.35130018e-03 
 3.24097898e+09  9.71392169e-03 
 3.31650528e+09  3.43089725e-02 
 3.39379160e+09  3.61178990e-02 
 3.47287898e+09  7.34171326e-02 
 3.55380937e+09  9.54582334e-02 
 3.63662572e+09  9.43880293e-02 
 3.72137199e+09  8.10617201e-02 
 3.80809314e+09  7.94530648e-02 
 3.89683521e+09  6.80691576e-02 
 3.98764528e+09  5.94257681e-02 
 4.08057155e+09  5.25115934e-02 
 4.17566333e+09  4.68136607e-02 
 4.27297108e+09  4.13104736e-02 
 4.37254645e+09  3.72820679e-02 
 4.47444228e+09  3.31977967e-02 
 4.57871264e+09  2.91112727e-02 
 4.68541287e+09  2.45856095e-02 
 4.79459960e+09  1.85167490e-02 
 4.90633076e+09  7.53581305e-03 
 5.02066566e+09  5.56512254e-02 
 5.13766496e+09  6.42384600e-02 
 5.25739076e+09  2.61669199e-02 
 5.37990660e+09  2.62246996e-02 
 5.50527749e+09  2.09163430e-02 
 5.63356997e+09  2.76796273e-02 
 5.76485211e+09  1.43183407e-02 
 5.89919360e+09  1.01901929e-02 
 6.03666571e+09  2.04832895e-02 
 6.17734142e+09  2.69336333e-02 
 6.32129537e+09  1.61839958e-02 
 6.46860395e+09  6.07686330e-03 
 6.61934535e+09  7.21722391e-02 
 6.77359956e+09  3.30472058e-02 
 6.93144843e+09  1.99858821e-02 
 7.09297575e+09  3.53413553e-02 
 7.25826722e+09  3.47764633e-02 
 7.42741057e+09  1.66868149e-03 
 7.60049556e+09  2.33613214e-02 
 7.77761404e+09  2.72339195e-02 
 7.95886001e+09  7.83933547e-03 
 8.14432966e+09  9.06678204e-03 
 8.33412140e+09  4.81728548e-02 
 8.52833597e+09  8.14793877e-03 
 8.72707642e+09  1.85598144e-03 
 8.93044823e+09  2.32914039e-04 
 9.13855932e+09  2.35024449e-03 
 9.35152014e+09  3.15560378e-03 
 9.56944371e+09  6.42164297e-03 
 9.79244566e+09  6.20942758e-03 
 1.00206443e+10  1.00679095e-02 
 1.02541609e+10  1.27880049e-02 
 1.04931192e+10  1.57901145e-02 
 1.07376460e+10  1.93240604e-02 
 1.09878712e+10  2.36298687e-02 
 1.12439276e+10  2.90552877e-02 
 1.15059509e+10  3.61388666e-02 
 1.17740804e+10  4.57089385e-02 
 1.20484582e+10  5.88363591e-02 
 1.23292299e+10  7.55723491e-02 
 1.26165447e+10  8.93932919e-02 
 1.29105549e+10  8.61320220e-02 
 1.32114166e+10  6.90383798e-02 
 1.35192894e+10  5.15907938e-02 
 1.38343368e+10  3.72483700e-02 
 1.41567259e+10  2.41510183e-02 
 1.44866277e+10  3.63359472e-03 
 1.48242175e+10  6.11585797e-03 
 1.51696743e+10  2.24162013e-02 
 1.55231815e+10  1.13709622e-02 
 1.58849266e+10  4.23980345e-02 
 1.62551017e+10  4.40795845e-02 
 1.66339032e+10  3.66290844e-02 
 1.70215321e+10  3.17363261e-02 
 1.74181941e+10  3.02339356e-02 
 1.78240998e+10  3.13582917e-02 
 1.82394645e+10  3.16875877e-02 
 1.86645086e+10  2.96627709e-02 
 1.90994578e+10  2.68059003e-02 
 1.95445429e+10  2.41415096e-02 
 2.00000000e+10  2.18708090e-02 
