0.4620
0.4619
0.4614
0.4615
0.4614
0.4615
0.4623
0.4651
0.4645
0.4649
0.4647
0.4616
0.7482
0.4540
0.7522
0.4570
0.4646
1.0000
0.5184
0.9991
0.4869
0.5510
0.4619
0.4571
0.7526
0.4541
0.7520
0.0000
0.4901
0.9995
0.5142
0.7453
0.4776
0.4620
0.4613
0.4595
0.7534
0.4571
0.7511
0.1538
0.2728
0.6479
0.4904
0.9940
0.4620
0.4621
0.4621
0.4620
0.4620
0.4620
0.4620
0.4724
0.4620
0.4620
0.4628
0.4620
0.4621
0.4620
0.4620
0.4620
0.4619
0.4726
0.4620
0.4621
0.4621
0.4621
0.4620
0.4621
0.4620
0.4620
0.4619
0.4720
0.4620
0.4621
0.4621
0.4621
0.4621
0.4620
0.4620
0.4610
0.4613
0.4634
0.4615
0.4620
0.4616
0.4616
0.4616
0.4616
0.4616
0.6857
0.4530
0.6786
0.4567
0.4580
0.7681
0.4601
0.7753
0.4607
0.4613
0.4619
0.4565
0.6793
0.4533
0.6883
0.4588
0.4608
0.7757
0.4600
0.7757
0.4608
0.4620
0.4625
0.4602
0.6891
0.4574
0.6857
0.4608
0.4615
0.7761
0.4610
0.7699
