 1.00000000e+08  2.39830543e-02 
 1.02330354e+08  2.39244353e-02 
 1.04715014e+08  2.38473537e-02 
 1.07155245e+08  2.37502416e-02 
 1.09652342e+08  2.36316323e-02 
 1.12207630e+08  2.34902159e-02 
 1.14822466e+08  2.33248979e-02 
 1.17498236e+08  2.31348597e-02 
 1.20236362e+08  2.29196162e-02 
 1.23038295e+08  2.26790679e-02 
 1.25905523e+08  2.24135421e-02 
 1.28839568e+08  2.21238201e-02 
 1.31841987e+08  2.18111472e-02 
 1.34914372e+08  2.14772226e-02 
 1.38058355e+08  2.11241687e-02 
 1.41275604e+08  2.07544812e-02 
 1.44567827e+08  2.03709616e-02 
 1.47936769e+08  1.99766373e-02 
 1.51384220e+08  1.95746719e-02 
 1.54912009e+08  1.91682739e-02 
 1.58522008e+08  1.87606065e-02 
 1.62216133e+08  1.83547045e-02 
 1.65996343e+08  1.79534015e-02 
 1.69864646e+08  1.75592690e-02 
 1.73823095e+08  1.71745697e-02 
 1.77873789e+08  1.68012241e-02 
 1.82018879e+08  1.64407895e-02 
 1.86260564e+08  1.60944490e-02 
 1.90601095e+08  1.57630090e-02 
 1.95042776e+08  1.54469031e-02 
 1.99587964e+08  1.51461997e-02 
 2.04239071e+08  1.48606198e-02 
 2.08998565e+08  1.45895781e-02 
 2.13868972e+08  1.43323068e-02 
 2.18852877e+08  1.40882567e-02 
 2.23952925e+08  1.38585012e-02 
 2.29171822e+08  1.36512069e-02 
 2.34512337e+08  1.35072764e-02 
 2.39977306e+08  1.36641919e-02 
 2.45569627e+08  1.62475279e-02 
 2.51292270e+08  2.47390543e-02 
 2.57148271e+08  1.71117931e-02 
 2.63140737e+08  1.50801886e-02 
 2.69272848e+08  1.43116290e-02 
 2.75547860e+08  1.39092053e-02 
 2.81969102e+08  1.36678915e-02 
 2.88539981e+08  1.35478917e-02 
 2.95263985e+08  1.36737969e-02 
 3.02144683e+08  1.52838207e-02 
 3.09185725e+08  2.45113756e-02 
 3.16390848e+08  1.60413479e-02 
 3.23763876e+08  1.43366364e-02 
 3.31308722e+08  1.38716241e-02 
 3.39029389e+08  1.50404345e-02 
 3.46929975e+08  1.57237714e-02 
 3.55014673e+08  1.40597498e-02 
 3.63287773e+08  1.37353990e-02 
 3.71753666e+08  1.37627147e-02 
 3.80416844e+08  1.36338970e-02 
 3.89281904e+08  1.35412832e-02 
 3.98353552e+08  1.35211117e-02 
 4.07636602e+08  1.35246590e-02 
 4.17135980e+08  1.35460235e-02 
 4.26856726e+08  1.35866749e-02 
 4.36804001e+08  1.36577133e-02 
 4.46983082e+08  1.38094741e-02 
 4.57399372e+08  1.45687219e-02 
 4.68058398e+08  1.47107454e-02 
 4.78965818e+08  1.41351368e-02 
 4.90127419e+08  1.45710080e-02 
 5.01549125e+08  1.69950668e-02 
 5.13236997e+08  1.57786676e-02 
 5.25197238e+08  1.46590360e-02 
 5.37436195e+08  1.58502812e-02 
 5.49960363e+08  1.83553744e-02 
 5.62776388e+08  1.53967405e-02 
 5.75891073e+08  1.53015708e-02 
 5.89311376e+08  1.51601518e-02 
 6.03044419e+08  1.48996616e-02 
 6.17097492e+08  1.51672124e-02 
 6.31478050e+08  1.55543512e-02 
 6.46193727e+08  1.75457468e-02 
 6.61252331e+08  1.52403188e-02 
 6.76661854e+08  1.65528063e-02 
 6.92430473e+08  1.83701452e-02 
 7.08566557e+08  2.51430078e-02 
 7.25078669e+08  1.73898718e-02 
 7.41975572e+08  1.98922985e-02 
 7.59266232e+08  1.67207869e-02 
 7.76959826e+08  1.73043646e-02 
 7.95065744e+08  1.73865144e-02 
 8.13593593e+08  1.63583750e-02 
 8.32553207e+08  1.71661953e-02 
 8.51954648e+08  1.43437281e-02 
 8.71808210e+08  1.62197768e-02 
 8.92124431e+08  1.62040185e-02 
 9.12914092e+08  1.59273425e-02 
 9.34188226e+08  1.71199769e-02 
 9.55958123e+08  1.91089436e-02 
 9.78235335e+08  2.07714241e-02 
 1.00103169e+09  2.07166726e-02 
 1.02435927e+09  1.78606826e-02 
 1.04823047e+09  1.89506215e-02 
 1.07265796e+09  1.71750011e-02 
 1.09765469e+09  1.62060441e-02 
 1.12323393e+09  1.69080244e-02 
 1.14940927e+09  1.67979735e-02 
 1.17619457e+09  1.68019591e-02 
 1.20360408e+09  1.75615760e-02 
 1.23165232e+09  1.83954111e-02 
 1.26035418e+09  1.95504188e-02 
 1.28972490e+09  2.04883914e-02 
 1.31978006e+09  2.18283815e-02 
 1.35053561e+09  2.23005472e-02 
 1.38200788e+09  2.30676729e-02 
 1.41421356e+09  2.78821132e-02 
 1.44716975e+09  2.41985958e-02 
 1.48089393e+09  1.95903406e-02 
 1.51540401e+09  2.06234512e-02 
 1.55071830e+09  2.45750697e-02 
 1.58685553e+09  3.80256614e-02 
 1.62383489e+09  2.08431505e-02 
 1.66167599e+09  2.31890652e-02 
 1.70039893e+09  3.01713941e-02 
 1.74002425e+09  1.47673644e-02 
 1.78057299e+09  1.98895091e-02 
 1.82206665e+09  2.41138414e-02 
 1.86452726e+09  1.81769969e-02 
 1.90797735e+09  1.79380695e-02 
 1.95243999e+09  1.90414612e-02 
 1.99793876e+09  1.93063434e-02 
 2.04449781e+09  2.05392616e-02 
 2.09214185e+09  2.22440052e-02 
 2.14089617e+09  2.35733525e-02 
 2.19078664e+09  2.48875337e-02 
 2.24183974e+09  2.62892620e-02 
 2.29408255e+09  2.80071730e-02 
 2.34754280e+09  2.82112383e-02 
 2.40224887e+09  2.43737503e-02 
 2.45822978e+09  2.69504349e-02 
 2.51551525e+09  2.83300786e-02 
 2.57413567e+09  2.93224010e-02 
 2.63412215e+09  3.01227605e-02 
 2.69550653e+09  3.07969578e-02 
 2.75832139e+09  3.13749946e-02 
 2.82260005e+09  3.18743318e-02 
 2.88837664e+09  3.23071274e-02 
 2.95568605e+09  3.26827821e-02 
 3.02456401e+09  3.30088948e-02 
 3.09504707e+09  3.32916577e-02 
 3.16717263e+09  3.35360679e-02 
 3.24097898e+09  3.37460980e-02 
 3.31650528e+09  3.39248673e-02 
 3.39379160e+09  3.40748204e-02 
 3.47287898e+09  3.41979010e-02 
 3.55380937e+09  3.42957122e-02 
 3.63662572e+09  3.43696515e-02 
 3.72137199e+09  3.44210177e-02 
 3.80809314e+09  3.44510877e-02 
 3.89683521e+09  3.44611648e-02 
 3.98764528e+09  3.44526035e-02 
 4.08057155e+09  3.44268149e-02 
 4.17566333e+09  3.43852593e-02 
 4.27297108e+09  3.43294286e-02 
 4.37254645e+09  3.42608255e-02 
 4.47444228e+09  3.41809398e-02 
 4.57871264e+09  3.40912271e-02 
 4.68541287e+09  3.39930889e-02 
 4.79459960e+09  3.38878566e-02 
 4.90633076e+09  3.37767793e-02 
 5.02066566e+09  3.36610150e-02 
 5.13766496e+09  3.35416255e-02 
 5.25739076e+09  3.34195732e-02 
 5.37990660e+09  3.32957218e-02 
 5.50527749e+09  3.31708366e-02 
 5.63356997e+09  3.30455869e-02 
 5.76485211e+09  3.29205481e-02 
 5.89919360e+09  3.27962010e-02 
 6.03666571e+09  3.26729278e-02 
 6.17734142e+09  3.25509968e-02 
 6.32129537e+09  3.24305187e-02 
 6.46860395e+09  3.23113157e-02 
 6.61934535e+09  3.21924226e-02 
 6.77359956e+09  3.20686190e-02 
 6.93144843e+09  3.20161476e-02 
 7.09297575e+09  3.20632208e-02 
 7.25826722e+09  3.17933134e-02 
 7.42741057e+09  3.16555073e-02 
 7.60049556e+09  3.16978319e-02 
 7.77761404e+09  3.14394243e-02 
 7.95886001e+09  3.14032541e-02 
 8.14432966e+09  3.12688760e-02 
 8.33412140e+09  3.08963164e-02 
 8.52833597e+09  2.97795072e-02 
 8.72707642e+09  2.94471962e-02 
 8.93044823e+09  3.07939361e-02 
 9.13855932e+09  3.08562441e-02 
 9.35152014e+09  3.08259056e-02 
 9.56944371e+09  3.07758741e-02 
 9.79244566e+09  3.07204960e-02 
 1.00206443e+10  3.06641119e-02 
 1.02541609e+10  3.06083694e-02 
 1.04931192e+10  3.05539784e-02 
 1.07376460e+10  3.05012627e-02 
 1.09878712e+10  3.04503668e-02 
 1.12439276e+10  3.04013452e-02 
 1.15059509e+10  3.03542030e-02 
 1.17740804e+10  3.03089181e-02 
 1.20484582e+10  3.02654522e-02 
 1.23292299e+10  3.02237578e-02 
 1.26165447e+10  3.01837816e-02 
 1.29105549e+10  3.01454676e-02 
 1.32114166e+10  3.01087582e-02 
 1.35192894e+10  3.00735955e-02 
 1.38343368e+10  3.00399219e-02 
 1.41567259e+10  3.00076803e-02 
 1.44866277e+10  2.99768150e-02 
 1.48242175e+10  2.99472714e-02 
 1.51696743e+10  2.99189964e-02 
 1.55231815e+10  2.98919384e-02 
 1.58849266e+10  2.98660473e-02 
 1.62551017e+10  2.98412747e-02 
 1.66339032e+10  2.98175739e-02 
 1.70215321e+10  2.97948997e-02 
 1.74181941e+10  2.97732085e-02 
 1.78240998e+10  2.97524583e-02 
 1.82394645e+10  2.97326089e-02 
 1.86645086e+10  2.97136211e-02 
 1.90994578e+10  2.96954577e-02 
 1.95445429e+10  2.96780825e-02 
 2.00000000e+10  2.96614611e-02 
