 1.00000000e+08  2.03508686e-02 
 1.02330354e+08  2.05340010e-02 
 1.04715014e+08  2.07212713e-02 
 1.07155245e+08  2.09120484e-02 
 1.09652342e+08  2.11055282e-02 
 1.12207630e+08  2.13007047e-02 
 1.14822466e+08  2.14963384e-02 
 1.17498236e+08  2.16909229e-02 
 1.20236362e+08  2.18826496e-02 
 1.23038295e+08  2.20693739e-02 
 1.25905523e+08  2.22485828e-02 
 1.28839568e+08  2.24173693e-02 
 1.31841987e+08  2.25724158e-02 
 1.34914372e+08  2.27099928e-02 
 1.38058355e+08  2.28259780e-02 
 1.41275604e+08  2.29159027e-02 
 1.44567827e+08  2.29750316e-02 
 1.47936769e+08  2.29984804e-02 
 1.51384220e+08  2.29813749e-02 
 1.54912009e+08  2.29190501e-02 
 1.58522008e+08  2.28072811e-02 
 1.62216133e+08  2.26425349e-02 
 1.65996343e+08  2.24222220e-02 
 1.69864646e+08  2.21449239e-02 
 1.73823095e+08  2.18105709e-02 
 1.77873789e+08  2.14205454e-02 
 1.82018879e+08  2.09776943e-02 
 1.86260564e+08  2.04862434e-02 
 1.90601095e+08  1.99516201e-02 
 1.95042776e+08  1.93802026e-02 
 1.99587964e+08  1.87790218e-02 
 2.04239071e+08  1.81554470e-02 
 2.08998565e+08  1.75168839e-02 
 2.13868972e+08  1.68705101e-02 
 2.18852877e+08  1.62230632e-02 
 2.23952925e+08  1.55806880e-02 
 2.29171822e+08  1.49488444e-02 
 2.34512337e+08  1.43322676e-02 
 2.39977306e+08  1.37349724e-02 
 2.45569627e+08  1.31602902e-02 
 2.51292270e+08  1.26109271e-02 
 2.57148271e+08  1.20890353e-02 
 2.63140737e+08  1.15962886e-02 
 2.69272848e+08  1.11339571e-02 
 2.75547860e+08  1.07029761e-02 
 2.81969102e+08  1.03040096e-02 
 2.88539981e+08  9.93750345e-03 
 2.95263985e+08  9.60373351e-03 
 3.02144683e+08  9.30284660e-03 
 3.09185725e+08  9.03490053e-03 
 3.16390848e+08  8.79990842e-03 
 3.23763876e+08  8.59789841e-03 
 3.31308722e+08  8.42901054e-03 
 3.39029389e+08  8.29367725e-03 
 3.46929975e+08  8.19300342e-03 
 3.55014673e+08  8.12967840e-03 
 3.63287773e+08  8.11056082e-03 
 3.71753666e+08  8.15591865e-03 
 3.80416844e+08  8.34672050e-03 
 3.89281904e+08  9.29144351e-03 
 3.98353552e+08  1.31418106e-02 
 4.07636602e+08  8.71484160e-03 
 4.17135980e+08  8.50110141e-03 
 4.26856726e+08  8.64031685e-03 
 4.36804001e+08  8.92661480e-03 
 4.46983082e+08  9.42690702e-03 
 4.57399372e+08  1.06038397e-02 
 4.68058398e+08  1.12168602e-02 
 4.78965818e+08  1.24592507e-02 
 4.90127419e+08  1.93410752e-02 
 5.01549125e+08  1.30904204e-02 
 5.13236997e+08  1.05454576e-02 
 5.25197238e+08  1.14228655e-02 
 5.37436195e+08  1.42171215e-02 
 5.49960363e+08  1.04033559e-02 
 5.62776388e+08  1.18139398e-02 
 5.75891073e+08  1.18474555e-02 
 5.89311376e+08  1.16532776e-02 
 6.03044419e+08  6.38259288e-03 
 6.17097492e+08  8.09881313e-03 
 6.31478050e+08  9.17381878e-03 
 6.46193727e+08  9.66282774e-03 
 6.61252331e+08  1.03638331e-02 
 6.76661854e+08  1.11552093e-02 
 6.92430473e+08  1.20328751e-02 
 7.08566557e+08  1.30432184e-02 
 7.25078669e+08  1.42594471e-02 
 7.41975572e+08  1.57310566e-02 
 7.59266232e+08  1.74138747e-02 
 7.76959826e+08  1.90064686e-02 
 7.95065744e+08  1.98648609e-02 
 8.13593593e+08  1.94998402e-02 
 8.32553207e+08  1.82454642e-02 
 8.51954648e+08  1.68233875e-02 
 8.71808210e+08  1.56474376e-02 
 8.92124431e+08  1.47996806e-02 
 9.12914092e+08  1.42275238e-02 
 9.34188226e+08  1.38538312e-02 
 9.55958123e+08  1.36106850e-02 
 9.78235335e+08  1.34435643e-02 
 1.00103169e+09  1.33082114e-02 
 1.02435927e+09  1.31694762e-02 
 1.04823047e+09  1.30116480e-02 
 1.07265796e+09  1.28805052e-02 
 1.09765469e+09  1.28917249e-02 
 1.12323393e+09  1.32696207e-02 
 1.14940927e+09  1.42359196e-02 
 1.17619457e+09  1.50208628e-02 
 1.20360408e+09  1.54219447e-02 
 1.23165232e+09  1.55898418e-02 
 1.26035418e+09  1.56801977e-02 
 1.28972490e+09  1.57731640e-02 
 1.31978006e+09  1.58987525e-02 
 1.35053561e+09  1.60631748e-02 
 1.38200788e+09  1.62631944e-02 
 1.41421356e+09  1.64926059e-02 
 1.44716975e+09  1.67447325e-02 
 1.48089393e+09  1.70131910e-02 
 1.51540401e+09  1.72920961e-02 
 1.55071830e+09  1.75762659e-02 
 1.58685553e+09  1.78615904e-02 
 1.62383489e+09  1.81454616e-02 
 1.66167599e+09  1.84271045e-02 
 1.70039893e+09  1.87077560e-02 
 1.74002425e+09  1.89906108e-02 
 1.78057299e+09  1.92802238e-02 
 1.82206665e+09  1.95812066e-02 
 1.86452726e+09  1.98968210e-02 
 1.90797735e+09  2.02283971e-02 
 1.95243999e+09  2.05757454e-02 
 1.99793876e+09  2.09379409e-02 
 2.04449781e+09  2.13138781e-02 
 2.09214185e+09  2.17024088e-02 
 2.14089617e+09  2.21021676e-02 
 2.19078664e+09  2.25113513e-02 
 2.24183974e+09  2.29280222e-02 
 2.29408255e+09  2.33517749e-02 
 2.34754280e+09  2.37862458e-02 
 2.40224887e+09  2.42385452e-02 
 2.45822978e+09  2.47140966e-02 
 2.51551525e+09  2.52135868e-02 
 2.57413567e+09  2.57351274e-02 
 2.63412215e+09  2.62771121e-02 
 2.69550653e+09  2.68393290e-02 
 2.75832139e+09  2.74231517e-02 
 2.82260005e+09  2.80318732e-02 
 2.88837664e+09  2.86720247e-02 
 2.95568605e+09  2.93576063e-02 
 3.02456401e+09  3.01256909e-02 
 3.09504707e+09  3.11227059e-02 
 3.16717263e+09  3.37673146e-02 
 3.24097898e+09  3.03621610e-02 
 3.31650528e+09  3.18359884e-02 
 3.39379160e+09  3.28095232e-02 
 3.47287898e+09  3.36451082e-02 
 3.55380937e+09  3.45370823e-02 
 3.63662572e+09  3.54389040e-02 
 3.72137199e+09  3.63854219e-02 
 3.80809314e+09  3.74176983e-02 
 3.89683521e+09  3.85418184e-02 
 3.98764528e+09  3.99906514e-02 
 4.08057155e+09  4.26169465e-02 
 4.17566333e+09  2.45409752e-02 
 4.27297108e+09  3.91059273e-02 
 4.37254645e+09  4.15294030e-02 
 4.47444228e+09  4.28566531e-02 
 4.57871264e+09  4.44487295e-02 
 4.68541287e+09  4.60305047e-02 
 4.79459960e+09  4.77681165e-02 
 4.90633076e+09  4.98671170e-02 
 5.02066566e+09  5.29513584e-02 
 5.13766496e+09  6.11239534e-02 
 5.25739076e+09  4.18247250e-02 
 5.37990660e+09  5.05716827e-02 
 5.50527749e+09  5.63496410e-02 
 5.63356997e+09  5.60234592e-02 
 5.76485211e+09  6.35629018e-02 
 5.89919360e+09  5.74388980e-02 
 6.03666571e+09  6.41219090e-02 
 6.17734142e+09  7.27759050e-02 
 6.32129537e+09  7.77609336e-02 
 6.46860395e+09  9.53246971e-02 
 6.61934535e+09  4.43692904e-02 
 6.77359956e+09  7.13984637e-02 
 6.93144843e+09  4.45321344e-02 
 7.09297575e+09  4.47607093e-02 
 7.25826722e+09  4.70407949e-02 
 7.42741057e+09  6.19017623e-02 
 7.60049556e+09  7.26284359e-02 
 7.77761404e+09  4.55155626e-02 
 7.95886001e+09  6.30648107e-02 
 8.14432966e+09  9.53579697e-02 
 8.33412140e+09  3.83650762e-02 
 8.52833597e+09  4.49303321e-02 
 8.72707642e+09  5.25632312e-02 
 8.93044823e+09  6.45305523e-02 
 9.13855932e+09  6.75719449e-02 
 9.35152014e+09  7.27660494e-02 
 9.56944371e+09  7.61805904e-02 
 9.79244566e+09  7.79952707e-02 
 1.00206443e+10  8.16713705e-02 
 1.02541609e+10  8.48766481e-02 
 1.04931192e+10  8.80984453e-02 
 1.07376460e+10  9.14259295e-02 
 1.09878712e+10  9.49227981e-02 
 1.12439276e+10  9.86573065e-02 
 1.15059509e+10  1.02714805e-01 
 1.17740804e+10  1.07210172e-01 
 1.20484582e+10  1.12301812e-01 
 1.23292299e+10  1.18195848e-01 
 1.26165447e+10  1.25063580e-01 
 1.29105549e+10  1.32420098e-01 
 1.32114166e+10  1.35574571e-01 
 1.35192894e+10  1.16485054e-01 
 1.38343368e+10  8.13589870e-02 
 1.41567259e+10  7.97133671e-02 
 1.44866277e+10  1.05574102e-01 
 1.48242175e+10  1.11315994e-01 
 1.51696743e+10  1.24357158e-01 
 1.55231815e+10  9.84978363e-02 
 1.58849266e+10  1.10810178e-01 
 1.62551017e+10  1.16824304e-01 
 1.66339032e+10  1.21825089e-01 
 1.70215321e+10  1.26705660e-01 
 1.74181941e+10  1.31565035e-01 
 1.78240998e+10  1.36353896e-01 
 1.82394645e+10  1.40861977e-01 
 1.86645086e+10  1.44618961e-01 
 1.90994578e+10  1.47473183e-01 
 1.95445429e+10  1.50687313e-01 
 2.00000000e+10  1.55117402e-01 
