 1.00000000e+08  2.06360467e-02 
 1.02330354e+08  2.08297099e-02 
 1.04715014e+08  2.10268276e-02 
 1.07155245e+08  2.12266814e-02 
 1.09652342e+08  2.14283746e-02 
 1.12207630e+08  2.16308036e-02 
 1.14822466e+08  2.18326265e-02 
 1.17498236e+08  2.20322300e-02 
 1.20236362e+08  2.22276958e-02 
 1.23038295e+08  2.24167671e-02 
 1.25905523e+08  2.25968192e-02 
 1.28839568e+08  2.27648357e-02 
 1.31841987e+08  2.29173954e-02 
 1.34914372e+08  2.30506759e-02 
 1.38058355e+08  2.31604769e-02 
 1.41275604e+08  2.32422737e-02 
 1.44567827e+08  2.32913032e-02 
 1.47936769e+08  2.33026898e-02 
 1.51384220e+08  2.32716123e-02 
 1.54912009e+08  2.31935104e-02 
 1.58522008e+08  2.30643228e-02 
 1.62216133e+08  2.28807440e-02 
 1.65996343e+08  2.26404782e-02 
 1.69864646e+08  2.23424666e-02 
 1.73823095e+08  2.19870612e-02 
 1.77873789e+08  2.15761204e-02 
 1.82018879e+08  2.11130106e-02 
 1.86260564e+08  2.06025084e-02 
 1.90601095e+08  2.00506089e-02 
 1.95042776e+08  1.94642613e-02 
 1.99587964e+08  1.88510586e-02 
 2.04239071e+08  1.82189130e-02 
 2.08998565e+08  1.75757460e-02 
 2.13868972e+08  1.69292192e-02 
 2.18852877e+08  1.62865189e-02 
 2.23952925e+08  1.56542022e-02 
 2.29171822e+08  1.50381033e-02 
 2.34512337e+08  1.44432930e-02 
 2.39977306e+08  1.38740801e-02 
 2.45569627e+08  1.33340441e-02 
 2.51292270e+08  1.28260874e-02 
 2.57148271e+08  1.23524981e-02 
 2.63140737e+08  1.19150150e-02 
 2.69272848e+08  1.15148902e-02 
 2.75547860e+08  1.11529469e-02 
 2.81969102e+08  1.08296303e-02 
 2.88539981e+08  1.05450539e-02 
 2.95263985e+08  1.02990417e-02 
 3.02144683e+08  1.00911714e-02 
 3.09185725e+08  9.92082189e-03 
 3.16390848e+08  9.78723097e-03 
 3.23763876e+08  9.68957465e-03 
 3.31308722e+08  9.62708433e-03 
 3.39029389e+08  9.59924272e-03 
 3.46929975e+08  9.60615776e-03 
 3.55014673e+08  9.64939944e-03 
 3.63287773e+08  9.73426010e-03 
 3.71753666e+08  9.87751999e-03 
 3.80416844e+08  1.01456040e-02 
 3.89281904e+08  1.10156827e-02 
 3.98353552e+08  1.36785562e-02 
 4.07636602e+08  1.04277924e-02 
 4.17135980e+08  1.04529108e-02 
 4.26856726e+08  1.06780869e-02 
 4.36804001e+08  1.09819830e-02 
 4.46983082e+08  1.14265212e-02 
 4.57399372e+08  1.24867258e-02 
 4.68058398e+08  1.19605173e-02 
 4.78965818e+08  1.21078247e-02 
 4.90127419e+08  1.28300244e-02 
 5.01549125e+08  1.28834165e-02 
 5.13236997e+08  1.37437242e-02 
 5.25197238e+08  1.40459886e-02 
 5.37436195e+08  1.40552761e-02 
 5.49960363e+08  1.46765312e-02 
 5.62776388e+08  1.66181860e-02 
 5.75891073e+08  1.60628367e-02 
 5.89311376e+08  1.50926571e-02 
 6.03044419e+08  1.54382847e-02 
 6.17097492e+08  1.62529795e-02 
 6.31478050e+08  1.74524099e-02 
 6.46193727e+08  1.82180652e-02 
 6.61252331e+08  1.93703342e-02 
 6.76661854e+08  2.06550377e-02 
 6.92430473e+08  2.24878691e-02 
 7.08566557e+08  2.46271526e-02 
 7.25078669e+08  2.72168941e-02 
 7.41975572e+08  3.03002440e-02 
 7.59266232e+08  3.36835017e-02 
 7.76959826e+08  3.66032764e-02 
 7.95065744e+08  3.76323747e-02 
 8.13593593e+08  3.58435088e-02 
 8.32553207e+08  3.21502535e-02 
 8.51954648e+08  2.82142207e-02 
 8.71808210e+08  2.49560034e-02 
 8.92124431e+08  2.25530465e-02 
 9.12914092e+08  2.08804677e-02 
 9.34188226e+08  1.97545948e-02 
 9.55958123e+08  1.90136417e-02 
 9.78235335e+08  1.85370608e-02 
 1.00103169e+09  1.82549112e-02 
 1.02435927e+09  1.81760462e-02 
 1.04823047e+09  1.84626287e-02 
 1.07265796e+09  1.95400996e-02 
 1.09765469e+09  2.18711570e-02 
 1.12323393e+09  2.51484498e-02 
 1.14940927e+09  2.78951930e-02 
 1.17619457e+09  2.85842242e-02 
 1.20360408e+09  2.78809401e-02 
 1.23165232e+09  2.68248470e-02 
 1.26035418e+09  2.59650914e-02 
 1.28972490e+09  2.54738639e-02 
 1.31978006e+09  2.53439587e-02 
 1.35053561e+09  2.54953311e-02 
 1.38200788e+09  2.58226901e-02 
 1.41421356e+09  2.62136936e-02 
 1.44716975e+09  2.65549109e-02 
 1.48089393e+09  2.67364369e-02 
 1.51540401e+09  2.66615522e-02 
 1.55071830e+09  2.62625264e-02 
 1.58685553e+09  2.55170722e-02 
 1.62383489e+09  2.44552884e-02 
 1.66167599e+09  2.31495035e-02 
 1.70039893e+09  2.16898614e-02 
 1.74002425e+09  2.01589682e-02 
 1.78057299e+09  1.86194900e-02 
 1.82206665e+09  1.71172528e-02 
 1.86452726e+09  1.56899199e-02 
 1.90797735e+09  1.43710811e-02 
 1.95243999e+09  1.31888879e-02 
 1.99793876e+09  1.21636514e-02 
 2.04449781e+09  1.13068910e-02 
 2.09214185e+09  1.06212354e-02 
 2.14089617e+09  1.00996357e-02 
 2.19078664e+09  9.72307302e-03 
 2.24183974e+09  9.45839111e-03 
 2.29408255e+09  9.26339515e-03 
 2.34754280e+09  9.10816447e-03 
 2.40224887e+09  8.99854045e-03 
 2.45822978e+09  8.96477793e-03 
 2.51551525e+09  9.02594071e-03 
 2.57413567e+09  9.17734516e-03 
 2.63412215e+09  9.40188925e-03 
 2.69550653e+09  9.68169626e-03 
 2.75832139e+09  1.00027104e-02 
 2.82260005e+09  1.03552155e-02 
 2.88837664e+09  1.07332856e-02 
 2.95568605e+09  1.11347163e-02 
 3.02456401e+09  1.15634259e-02 
 3.09504707e+09  1.20469464e-02 
 3.16717263e+09  1.29789423e-02 
 3.24097898e+09  1.25805608e-02 
 3.31650528e+09  1.31544780e-02 
 3.39379160e+09  1.37485248e-02 
 3.47287898e+09  1.38796668e-02 
 3.55380937e+09  1.45085657e-02 
 3.63662572e+09  1.50397218e-02 
 3.72137199e+09  1.55739965e-02 
 3.80809314e+09  1.61404627e-02 
 3.89683521e+09  1.66912017e-02 
 3.98764528e+09  1.73386739e-02 
 4.08057155e+09  1.82025924e-02 
 4.17566333e+09  1.63306000e-02 
 4.27297108e+09  1.85159768e-02 
 4.37254645e+09  1.94083602e-02 
 4.47444228e+09  2.00836587e-02 
 4.57871264e+09  2.09185051e-02 
 4.68541287e+09  2.18073676e-02 
 4.79459960e+09  2.28338411e-02 
 4.90633076e+09  2.41992817e-02 
 5.02066566e+09  2.56657229e-02 
 5.13766496e+09  3.21486664e-02 
 5.25739076e+09  2.03761258e-02 
 5.37990660e+09  2.44101007e-02 
 5.50527749e+09  2.82025924e-02 
 5.63356997e+09  2.70464047e-02 
 5.76485211e+09  3.08717792e-02 
 5.89919360e+09  2.97913726e-02 
 6.03666571e+09  3.33399351e-02 
 6.17734142e+09  3.84661288e-02 
 6.32129537e+09  4.76434308e-02 
 6.46860395e+09  5.21542076e-02 
 6.61934535e+09  2.45472975e-02 
 6.77359956e+09  4.04274995e-02 
 6.93144843e+09  5.06618947e-02 
 7.09297575e+09  2.20510709e-02 
 7.25826722e+09  7.38339791e-02 
 7.42741057e+09  2.43925077e-02 
 7.60049556e+09  3.18590555e-02 
 7.77761404e+09  2.60379361e-02 
 7.95886001e+09  1.82323460e-02 
 8.14432966e+09  2.92953771e-02 
 8.33412140e+09  2.66631695e-02 
 8.52833597e+09  3.01217326e-02 
 8.72707642e+09  4.02075076e-02 
 8.93044823e+09  7.73202299e-02 
 9.13855932e+09  2.89507875e-02 
 9.35152014e+09  3.36765375e-02 
 9.56944371e+09  3.62936072e-02 
 9.79244566e+09  3.32334912e-02 
 1.00206443e+10  3.84616801e-02 
 1.02541609e+10  4.06841580e-02 
 1.04931192e+10  4.27975039e-02 
 1.07376460e+10  4.49555838e-02 
 1.09878712e+10  4.72248391e-02 
 1.12439276e+10  4.96627132e-02 
 1.15059509e+10  5.23354535e-02 
 1.17740804e+10  5.53306135e-02 
 1.20484582e+10  5.87717502e-02 
 1.23292299e+10  6.28340526e-02 
 1.26165447e+10  6.77283551e-02 
 1.29105549e+10  7.34214129e-02 
 1.32114166e+10  7.77083032e-02 
 1.35192894e+10  7.01430300e-02 
 1.38343368e+10  5.04012816e-02 
 1.41567259e+10  4.67013104e-02 
 1.44866277e+10  5.98956817e-02 
 1.48242175e+10  6.98669753e-02 
 1.51696743e+10  6.93159323e-02 
 1.55231815e+10  5.94675753e-02 
 1.58849266e+10  6.92441707e-02 
 1.62551017e+10  7.51965395e-02 
 1.66339032e+10  8.07775669e-02 
 1.70215321e+10  8.68096288e-02 
 1.74181941e+10  9.35329204e-02 
 1.78240998e+10  1.01077586e-01 
 1.82394645e+10  1.09433178e-01 
 1.86645086e+10  1.18262266e-01 
 1.90994578e+10  1.27460564e-01 
 1.95445429e+10  1.38963544e-01 
 2.00000000e+10  1.55147680e-01 
