 1.00000000e+08  1.97940245e-02 
 1.02330354e+08  1.99795333e-02 
 1.04715014e+08  2.01692697e-02 
 1.07155245e+08  2.03626350e-02 
 1.09652342e+08  2.05588629e-02 
 1.12207630e+08  2.07569912e-02 
 1.14822466e+08  2.09558303e-02 
 1.17498236e+08  2.11539305e-02 
 1.20236362e+08  2.13495472e-02 
 1.23038295e+08  2.15406063e-02 
 1.25905523e+08  2.17246728e-02 
 1.28839568e+08  2.18989236e-02 
 1.31841987e+08  2.20601312e-02 
 1.34914372e+08  2.22046597e-02 
 1.38058355e+08  2.23284827e-02 
 1.41275604e+08  2.24272263e-02 
 1.44567827e+08  2.24962452e-02 
 1.47936769e+08  2.25307358e-02 
 1.51384220e+08  2.25258902e-02 
 1.54912009e+08  2.24770891e-02 
 1.58522008e+08  2.23801273e-02 
 1.62216133e+08  2.22314591e-02 
 1.65996343e+08  2.20284459e-02 
 1.69864646e+08  2.17695803e-02 
 1.73823095e+08  2.14546623e-02 
 1.77873789e+08  2.10849041e-02 
 1.82018879e+08  2.06629458e-02 
 1.86260564e+08  2.01927752e-02 
 1.90601095e+08  1.96795580e-02 
 1.95042776e+08  1.91293950e-02 
 1.99587964e+08  1.85490317e-02 
 2.04239071e+08  1.79455515e-02 
 2.08998565e+08  1.73260799e-02 
 2.13868972e+08  1.66975233e-02 
 2.18852877e+08  1.60663602e-02 
 2.23952925e+08  1.54384889e-02 
 2.29171822e+08  1.48191345e-02 
 2.34512337e+08  1.42128076e-02 
 2.39977306e+08  1.36233063e-02 
 2.45569627e+08  1.30537505e-02 
 2.51292270e+08  1.25066380e-02 
 2.57148271e+08  1.19839145e-02 
 2.63140737e+08  1.14870472e-02 
 2.69272848e+08  1.10171000e-02 
 2.75547860e+08  1.05748028e-02 
 2.81969102e+08  1.01606158e-02 
 2.88539981e+08  9.77478486e-03 
 2.95263985e+08  9.41738982e-03 
 3.02144683e+08  9.08838564e-03 
 3.09185725e+08  8.78763853e-03 
 3.16390848e+08  8.51496056e-03 
 3.23763876e+08  8.27014928e-03 
 3.31308722e+08  8.05304539e-03 
 3.39029389e+08  7.86363896e-03 
 3.46929975e+08  7.70230372e-03 
 3.55014673e+08  7.57040032e-03 
 3.63287773e+08  7.47212421e-03 
 3.71753666e+08  7.42165767e-03 
 3.80416844e+08  7.48299522e-03 
 3.89281904e+08  8.20483323e-03 
 3.98353552e+08  1.23995886e-02 
 4.07636602e+08  8.01121612e-03 
 4.17135980e+08  7.59948287e-03 
 4.26856726e+08  7.57794238e-03 
 4.36804001e+08  7.71020374e-03 
 4.46983082e+08  8.08596253e-03 
 4.57399372e+08  9.50828444e-03 
 4.68058398e+08  9.89967379e-03 
 4.78965818e+08  8.47325684e-03 
 4.90127419e+08  1.00821647e-02 
 5.01549125e+08  8.91349648e-03 
 5.13236997e+08  8.96034910e-03 
 5.25197238e+08  9.07459372e-03 
 5.37436195e+08  9.58526744e-03 
 5.49960363e+08  8.82743909e-03 
 5.62776388e+08  9.43825015e-03 
 5.75891073e+08  9.06823920e-03 
 5.89311376e+08  8.17454184e-03 
 6.03044419e+08  8.93056805e-03 
 6.17097492e+08  9.51221596e-03 
 6.31478050e+08  1.06060612e-02 
 6.46193727e+08  9.96357313e-03 
 6.61252331e+08  1.06097005e-02 
 6.76661854e+08  1.07099115e-02 
 6.92430473e+08  1.18810552e-02 
 7.08566557e+08  1.29226101e-02 
 7.25078669e+08  1.41428153e-02 
 7.41975572e+08  1.56029142e-02 
 7.59266232e+08  1.72426953e-02 
 7.76959826e+08  1.87325821e-02 
 7.95065744e+08  1.94103734e-02 
 8.13593593e+08  1.88111076e-02 
 8.32553207e+08  1.73237175e-02 
 8.51954648e+08  1.57062799e-02 
 8.71808210e+08  1.43797336e-02 
 8.92124431e+08  1.34198832e-02 
 9.12914092e+08  1.27653837e-02 
 9.34188226e+08  1.23320224e-02 
 9.55958123e+08  1.20482120e-02 
 9.78235335e+08  1.18607587e-02 
 1.00103169e+09  1.17347965e-02 
 1.02435927e+09  1.16590937e-02 
 1.04823047e+09  1.16673156e-02 
 1.07265796e+09  1.18844048e-02 
 1.09765469e+09  1.25151734e-02 
 1.12323393e+09  1.35548987e-02 
 1.14940927e+09  1.46353845e-02 
 1.17619457e+09  1.51057485e-02 
 1.20360408e+09  1.50742454e-02 
 1.23165232e+09  1.48712253e-02 
 1.26035418e+09  1.46870985e-02 
 1.28972490e+09  1.45872356e-02 
 1.31978006e+09  1.45793712e-02 
 1.35053561e+09  1.46510146e-02 
 1.38200788e+09  1.47852896e-02 
 1.41421356e+09  1.49665336e-02 
 1.44716975e+09  1.51815951e-02 
 1.48089393e+09  1.54196192e-02 
 1.51540401e+09  1.56715881e-02 
 1.55071830e+09  1.59301404e-02 
 1.58685553e+09  1.61897448e-02 
 1.62383489e+09  1.64470258e-02 
 1.66167599e+09  1.67010051e-02 
 1.70039893e+09  1.69531692e-02 
 1.74002425e+09  1.72072634e-02 
 1.78057299e+09  1.74684738e-02 
 1.82206665e+09  1.77418718e-02 
 1.86452726e+09  1.80308491e-02 
 1.90797735e+09  1.83365645e-02 
 1.95243999e+09  1.86585081e-02 
 1.99793876e+09  1.89954261e-02 
 2.04449781e+09  1.93459331e-02 
 2.09214185e+09  1.97086321e-02 
 2.14089617e+09  2.00818808e-02 
 2.19078664e+09  2.04635220e-02 
 2.24183974e+09  2.08512405e-02 
 2.29408255e+09  2.12445143e-02 
 2.34754280e+09  2.16475284e-02 
 2.40224887e+09  2.20684730e-02 
 2.45822978e+09  2.25135138e-02 
 2.51551525e+09  2.29832763e-02 
 2.57413567e+09  2.34754063e-02 
 2.63412215e+09  2.39879003e-02 
 2.69550653e+09  2.45203824e-02 
 2.75832139e+09  2.50743040e-02 
 2.82260005e+09  2.56533028e-02 
 2.88837664e+09  2.62646831e-02 
 2.95568605e+09  2.69241982e-02 
 3.02456401e+09  2.76737117e-02 
 3.09504707e+09  2.86789048e-02 
 3.16717263e+09  3.15571454e-02 
 3.24097898e+09  2.75553489e-02 
 3.31650528e+09  2.90896304e-02 
 3.39379160e+09  3.00512261e-02 
 3.47287898e+09  3.08490618e-02 
 3.55380937e+09  3.17047245e-02 
 3.63662572e+09  3.25613052e-02 
 3.72137199e+09  3.34540242e-02 
 3.80809314e+09  3.44197732e-02 
 3.89683521e+09  3.54447478e-02 
 3.98764528e+09  3.67205773e-02 
 4.08057155e+09  3.88290725e-02 
 4.17566333e+09  2.55193693e-02 
 4.27297108e+09  3.70058454e-02 
 4.37254645e+09  3.91064942e-02 
 4.47444228e+09  4.02644536e-02 
 4.57871264e+09  4.18359949e-02 
 4.68541287e+09  4.34316253e-02 
 4.79459960e+09  4.52261656e-02 
 4.90633076e+09  4.74470678e-02 
 5.02066566e+09  5.08036863e-02 
 5.13766496e+09  6.00796075e-02 
 5.25739076e+09  3.85228175e-02 
 5.37990660e+09  4.79093732e-02 
 5.50527749e+09  5.45318858e-02 
 5.63356997e+09  5.38933866e-02 
 5.76485211e+09  6.27901610e-02 
 5.89919360e+09  5.53310930e-02 
 6.03666571e+09  6.32531964e-02 
 6.17734142e+09  7.38293870e-02 
 6.32129537e+09  8.02745105e-02 
 6.46860395e+09  1.03368971e-01 
 6.61934535e+09  4.04155404e-02 
 6.77359956e+09  7.82882811e-02 
 6.93144843e+09  5.77193628e-02 
 7.09297575e+09  2.76043806e-02 
 7.25826722e+09  6.35391813e-02 
 7.42741057e+09  9.48890133e-02 
 7.60049556e+09  1.60866869e-02 
 7.77761404e+09  2.82039605e-02 
 7.95886001e+09  4.71988137e-02 
 8.14432966e+09  7.68368641e-02 
 8.33412140e+09  5.17703805e-02 
 8.52833597e+09  3.86539176e-02 
 8.72707642e+09  3.56251217e-02 
 8.93044823e+09  5.29870174e-02 
 9.13855932e+09  4.05045198e-02 
 9.35152014e+09  5.56438150e-02 
 9.56944371e+09  6.03457032e-02 
 9.79244566e+09  5.22877926e-02 
 1.00206443e+10  6.52802654e-02 
 1.02541609e+10  6.88922631e-02 
 1.04931192e+10  7.21488681e-02 
 1.07376460e+10  7.53599494e-02 
 1.09878712e+10  7.86336428e-02 
 1.12439276e+10  8.20483854e-02 
 1.15059509e+10  8.56836525e-02 
 1.17740804e+10  8.96347897e-02 
 1.20484582e+10  9.40237743e-02 
 1.23292299e+10  9.89966728e-02 
 1.26165447e+10  1.04639072e-01 
 1.29105549e+10  1.10423082e-01 
 1.32114166e+10  1.12230727e-01 
 1.35192894e+10  9.53582882e-02 
 1.38343368e+10  6.75721541e-02 
 1.41567259e+10  6.87052735e-02 
 1.44866277e+10  8.43288526e-02 
 1.48242175e+10  8.92309076e-02 
 1.51696743e+10  8.76735390e-02 
 1.55231815e+10  9.82097839e-02 
 1.58849266e+10  1.02305420e-01 
 1.62551017e+10  1.04811972e-01 
 1.66339032e+10  1.08107749e-01 
 1.70215321e+10  1.12003828e-01 
 1.74181941e+10  1.16180031e-01 
 1.78240998e+10  1.20410628e-01 
 1.82394645e+10  1.24355102e-01 
 1.86645086e+10  1.27365223e-01 
 1.90994578e+10  1.29198828e-01 
 1.95445429e+10  1.31468207e-01 
 2.00000000e+10  1.35310251e-01 
