 1.00000000e+08  2.07253074e-02 
 1.02330354e+08  2.09204599e-02 
 1.04715014e+08  2.11188645e-02 
 1.07155245e+08  2.13197884e-02 
 1.09652342e+08  2.15223218e-02 
 1.12207630e+08  2.17253503e-02 
 1.14822466e+08  2.19275240e-02 
 1.17498236e+08  2.21272251e-02 
 1.20236362e+08  2.23225352e-02 
 1.23038295e+08  2.25112027e-02 
 1.25905523e+08  2.26906144e-02 
 1.28839568e+08  2.28577728e-02 
 1.31841987e+08  2.30092846e-02 
 1.34914372e+08  2.31413644e-02 
 1.38058355e+08  2.32498607e-02 
 1.41275604e+08  2.33303088e-02 
 1.44567827e+08  2.33780187e-02 
 1.47936769e+08  2.33882009e-02 
 1.51384220e+08  2.33561333e-02 
 1.54912009e+08  2.32773666e-02 
 1.58522008e+08  2.31479615e-02 
 1.62216133e+08  2.29647424e-02 
 1.65996343e+08  2.27255483e-02 
 1.69864646e+08  2.24294565e-02 
 1.73823095e+08  2.20769513e-02 
 1.77873789e+08  2.16700152e-02 
 1.82018879e+08  2.12121257e-02 
 1.86260564e+08  2.07081526e-02 
 1.90601095e+08  2.01641633e-02 
 1.95042776e+08  1.95871547e-02 
 1.99587964e+08  1.89847410e-02 
 2.04239071e+08  1.83648269e-02 
 2.08998565e+08  1.77352976e-02 
 2.13868972e+08  1.71037481e-02 
 2.18852877e+08  1.64772674e-02 
 2.23952925e+08  1.58622839e-02 
 2.29171822e+08  1.52644709e-02 
 2.34512337e+08  1.46887052e-02 
 2.39977306e+08  1.41390675e-02 
 2.45569627e+08  1.36188750e-02 
 2.51292270e+08  1.31307340e-02 
 2.57148271e+08  1.26766038e-02 
 2.63140737e+08  1.22578649e-02 
 2.69272848e+08  1.18753866e-02 
 2.75547860e+08  1.15295916e-02 
 2.81969102e+08  1.12205154e-02 
 2.88539981e+08  1.09478630e-02 
 2.95263985e+08  1.07110613e-02 
 3.02144683e+08  1.05093122e-02 
 3.09185725e+08  1.03416468e-02 
 3.16390848e+08  1.02069869e-02 
 3.23763876e+08  1.01042184e-02 
 3.31308722e+08  1.00322935e-02 
 3.39029389e+08  9.99038944e-03 
 3.46929975e+08  9.97820757e-03 
 3.55014673e+08  9.99664352e-03 
 3.63287773e+08  1.00496275e-02 
 3.71753666e+08  1.01505950e-02 
 3.80416844e+08  1.03552382e-02 
 3.89281904e+08  1.10862026e-02 
 3.98353552e+08  1.37675494e-02 
 4.07636602e+08  1.06806198e-02 
 4.17135980e+08  1.06314999e-02 
 4.26856726e+08  1.07819267e-02 
 4.36804001e+08  1.09961650e-02 
 4.46983082e+08  1.12842417e-02 
 4.57399372e+08  1.18032417e-02 
 4.68058398e+08  1.20307053e-02 
 4.78965818e+08  1.21882471e-02 
 4.90127419e+08  1.29956926e-02 
 5.01549125e+08  1.29026392e-02 
 5.13236997e+08  1.38286030e-02 
 5.25197238e+08  1.41441438e-02 
 5.37436195e+08  1.42798733e-02 
 5.49960363e+08  1.49923261e-02 
 5.62776388e+08  1.85641385e-02 
 5.75891073e+08  1.89072206e-02 
 5.89311376e+08  1.79913794e-02 
 6.03044419e+08  1.44854028e-02 
 6.17097492e+08  1.44533764e-02 
 6.31478050e+08  1.52760595e-02 
 6.46193727e+08  1.58409854e-02 
 6.61252331e+08  1.69365571e-02 
 6.76661854e+08  1.79967235e-02 
 6.92430473e+08  1.96479391e-02 
 7.08566557e+08  2.16335246e-02 
 7.25078669e+08  2.41281818e-02 
 7.41975572e+08  2.72329707e-02 
 7.59266232e+08  3.08499959e-02 
 7.76959826e+08  3.43374646e-02 
 7.95065744e+08  3.63123063e-02 
 8.13593593e+08  3.56551261e-02 
 8.32553207e+08  3.29476913e-02 
 8.51954648e+08  2.96712781e-02 
 8.71808210e+08  2.67541335e-02 
 8.92124431e+08  2.44480734e-02 
 9.12914092e+08  2.26998912e-02 
 9.34188226e+08  2.13769746e-02 
 9.55958123e+08  2.03450718e-02 
 9.78235335e+08  1.94854099e-02 
 1.00103169e+09  1.86995026e-02 
 1.02435927e+09  1.79368611e-02 
 1.04823047e+09  1.73135995e-02 
 1.07265796e+09  1.74461336e-02 
 1.09765469e+09  1.96654419e-02 
 1.12323393e+09  2.44042765e-02 
 1.14940927e+09  2.96840833e-02 
 1.17619457e+09  3.25879454e-02 
 1.20360408e+09  3.30975939e-02 
 1.23165232e+09  3.23302887e-02 
 1.26035418e+09  3.10940757e-02 
 1.28972490e+09  2.97943458e-02 
 1.31978006e+09  2.86115777e-02 
 1.35053561e+09  2.76173847e-02 
 1.38200788e+09  2.68322550e-02 
 1.41421356e+09  2.62528176e-02 
 1.44716975e+09  2.58634190e-02 
 1.48089393e+09  2.56394433e-02 
 1.51540401e+09  2.55471714e-02 
 1.55071830e+09  2.55441235e-02 
 1.58685553e+09  2.55825122e-02 
 1.62383489e+09  2.56155012e-02 
 1.66167599e+09  2.56028901e-02 
 1.70039893e+09  2.55128546e-02 
 1.74002425e+09  2.53201527e-02 
 1.78057299e+09  2.50046654e-02 
 1.82206665e+09  2.45528113e-02 
 1.86452726e+09  2.39600404e-02 
 1.90797735e+09  2.32315945e-02 
 1.95243999e+09  2.23817461e-02 
 1.99793876e+09  2.14334364e-02 
 2.04449781e+09  2.04188220e-02 
 2.09214185e+09  1.93794665e-02 
 2.14089617e+09  1.83645856e-02 
 2.19078664e+09  1.74265858e-02 
 2.24183974e+09  1.66143591e-02 
 2.29408255e+09  1.59659652e-02 
 2.34754280e+09  1.55030219e-02 
 2.40224887e+09  1.52285800e-02 
 2.45822978e+09  1.51287809e-02 
 2.51551525e+09  1.51777401e-02 
 2.57413567e+09  1.53441649e-02 
 2.63412215e+09  1.55972363e-02 
 2.69550653e+09  1.59102164e-02 
 2.75832139e+09  1.62618575e-02 
 2.82260005e+09  1.66364202e-02 
 2.88837664e+09  1.70231140e-02 
 2.95568605e+09  1.74156809e-02 
 3.02456401e+09  1.78134135e-02 
 3.09504707e+09  1.82310622e-02 
 3.16717263e+09  1.88498731e-02 
 3.24097898e+09  1.87093634e-02 
 3.31650528e+09  1.91496801e-02 
 3.39379160e+09  1.95275527e-02 
 3.47287898e+09  1.98533505e-02 
 3.55380937e+09  2.02024485e-02 
 3.63662572e+09  2.05389244e-02 
 3.72137199e+09  2.08713946e-02 
 3.80809314e+09  2.11990148e-02 
 3.89683521e+09  2.15623512e-02 
 3.98764528e+09  2.19291736e-02 
 4.08057155e+09  2.24186327e-02 
 4.17566333e+09  2.07699999e-02 
 4.27297108e+09  2.25104954e-02 
 4.37254645e+09  2.29891852e-02 
 4.47444228e+09  2.33344734e-02 
 4.57871264e+09  2.37408965e-02 
 4.68541287e+09  2.41562785e-02 
 4.79459960e+09  2.46098257e-02 
 4.90633076e+09  2.51450841e-02 
 5.02066566e+09  2.58886458e-02 
 5.13766496e+09  2.77922762e-02 
 5.25739076e+09  2.41370861e-02 
 5.37990660e+09  2.58491852e-02 
 5.50527749e+09  2.73982177e-02 
 5.63356997e+09  2.70868165e-02 
 5.76485211e+09  2.89158609e-02 
 5.89919360e+09  2.78820525e-02 
 6.03666571e+09  2.95559843e-02 
 6.17734142e+09  3.19315104e-02 
 6.32129537e+09  3.36866686e-02 
 6.46860395e+09  3.96634865e-02 
 6.61934535e+09  2.43774501e-02 
 6.77359956e+09  2.81191342e-02 
 6.93144843e+09  2.88732198e-02 
 7.09297575e+09  3.45374545e-02 
 7.25826722e+09  2.21178786e-02 
 7.42741057e+09  2.93437779e-02 
 7.60049556e+09  2.91034441e-02 
 7.77761404e+09  4.66935713e-02 
 7.95886001e+09  1.64046722e-02 
 8.14432966e+09  2.29535270e-02 
 8.33412140e+09  2.68569556e-02 
 8.52833597e+09  2.60518405e-02 
 8.72707642e+09  2.63790257e-02 
 8.93044823e+09  2.79795024e-02 
 9.13855932e+09  2.86823840e-02 
 9.35152014e+09  2.93573839e-02 
 9.56944371e+09  3.38070675e-02 
 9.79244566e+09  3.11093461e-02 
 1.00206443e+10  3.24412012e-02 
 1.02541609e+10  3.34524666e-02 
 1.04931192e+10  3.44198847e-02 
 1.07376460e+10  3.54006136e-02 
 1.09878712e+10  3.64204177e-02 
 1.12439276e+10  3.75011415e-02 
 1.15059509e+10  3.86674891e-02 
 1.17740804e+10  3.99517252e-02 
 1.20484582e+10  4.13989471e-02 
 1.23292299e+10  4.30718990e-02 
 1.26165447e+10  4.50404387e-02 
 1.29105549e+10  4.72551223e-02 
 1.32114166e+10  4.87333282e-02 
 1.35192894e+10  4.53845207e-02 
 1.38343368e+10  3.87496641e-02 
 1.41567259e+10  3.85408596e-02 
 1.44866277e+10  4.29275989e-02 
 1.48242175e+10  4.70094600e-02 
 1.51696743e+10  4.50107663e-02 
 1.55231815e+10  4.28447945e-02 
 1.58849266e+10  4.63982291e-02 
 1.62551017e+10  4.84445394e-02 
 1.66339032e+10  5.02355572e-02 
 1.70215321e+10  5.20630457e-02 
 1.74181941e+10  5.39843541e-02 
 1.78240998e+10  5.60080657e-02 
 1.82394645e+10  5.80986385e-02 
 1.86645086e+10  6.01296473e-02 
 1.90994578e+10  6.19969756e-02 
 1.95445429e+10  6.40099635e-02 
 2.00000000e+10  6.65223935e-02 
