 1.00000000e+08  1.96848900e-02 
 1.02330354e+08  1.96626681e-02 
 1.04715014e+08  1.96225005e-02 
 1.07155245e+08  1.95624369e-02 
 1.09652342e+08  1.94805588e-02 
 1.12207630e+08  1.93750387e-02 
 1.14822466e+08  1.92442064e-02 
 1.17498236e+08  1.90866224e-02 
 1.20236362e+08  1.89011532e-02 
 1.23038295e+08  1.86870450e-02 
 1.25905523e+08  1.84439909e-02 
 1.28839568e+08  1.81721850e-02 
 1.31841987e+08  1.78723593e-02 
 1.34914372e+08  1.75457992e-02 
 1.38058355e+08  1.71943328e-02 
 1.41275604e+08  1.68202967e-02 
 1.44567827e+08  1.64264762e-02 
 1.47936769e+08  1.60160269e-02 
 1.51384220e+08  1.55923808e-02 
 1.54912009e+08  1.51591442e-02 
 1.58522008e+08  1.47199951e-02 
 1.62216133e+08  1.42785849e-02 
 1.65996343e+08  1.38384512e-02 
 1.69864646e+08  1.34029435e-02 
 1.73823095e+08  1.29751664e-02 
 1.77873789e+08  1.25579392e-02 
 1.82018879e+08  1.21537708e-02 
 1.86260564e+08  1.17648513e-02 
 1.90601095e+08  1.13930544e-02 
 1.95042776e+08  1.10399521e-02 
 1.99587964e+08  1.07068384e-02 
 2.04239071e+08  1.03947614e-02 
 2.08998565e+08  1.01045649e-02 
 2.13868972e+08  9.83694057e-03 
 2.18852877e+08  9.59249868e-03 
 2.23952925e+08  9.37186607e-03 
 2.29171822e+08  9.17583544e-03 
 2.34512337e+08  9.00560921e-03 
 2.39977306e+08  8.86322958e-03 
 2.45569627e+08  8.75239695e-03 
 2.51292270e+08  8.68015756e-03 
 2.57148271e+08  8.66071549e-03 
 2.63140737e+08  8.72504270e-03 
 2.69272848e+08  8.94873827e-03 
 2.75547860e+08  9.54941790e-03 
 2.81969102e+08  1.13322565e-02 
 2.88539981e+08  1.78983395e-02 
 2.95263985e+08  2.45467372e-02 
 3.02144683e+08  1.35407957e-02 
 3.09185725e+08  1.05339475e-02 
 3.16390848e+08  9.73721057e-03 
 3.23763876e+08  1.20877206e-02 
 3.31308722e+08  1.00324235e-02 
 3.39029389e+08  9.25114454e-03 
 3.46929975e+08  9.10747578e-03 
 3.55014673e+08  9.17675713e-03 
 3.63287773e+08  9.64862783e-03 
 3.71753666e+08  1.04080615e-02 
 3.80416844e+08  1.14914389e-02 
 3.89281904e+08  1.19881772e-02 
 3.98353552e+08  1.53796776e-02 
 4.07636602e+08  1.19594245e-02 
 4.17135980e+08  1.02723703e-02 
 4.26856726e+08  9.65300807e-03 
 4.36804001e+08  9.74595235e-03 
 4.46983082e+08  1.05008329e-02 
 4.57399372e+08  1.20087330e-02 
 4.68058398e+08  1.01694939e-02 
 4.78965818e+08  1.00488285e-02 
 4.90127419e+08  1.04420242e-02 
 5.01549125e+08  1.09518186e-02 
 5.13236997e+08  1.23536792e-02 
 5.25197238e+08  1.20924334e-02 
 5.37436195e+08  1.18794038e-02 
 5.49960363e+08  8.82777744e-03 
 5.62776388e+08  1.01030689e-02 
 5.75891073e+08  1.12187599e-02 
 5.89311376e+08  1.04692884e-02 
 6.03044419e+08  1.02040599e-02 
 6.17097492e+08  1.06956339e-02 
 6.31478050e+08  1.04815078e-02 
 6.46193727e+08  1.08241280e-02 
 6.61252331e+08  1.13843891e-02 
 6.76661854e+08  1.14680599e-02 
 6.92430473e+08  1.20873004e-02 
 7.08566557e+08  1.36178368e-02 
 7.25078669e+08  1.31374312e-02 
 7.41975572e+08  1.50463342e-02 
 7.59266232e+08  1.75298025e-02 
 7.76959826e+08  1.33978647e-02 
 7.95065744e+08  1.38680075e-02 
 8.13593593e+08  1.48515594e-02 
 8.32553207e+08  8.86544870e-03 
 8.51954648e+08  1.15310454e-02 
 8.71808210e+08  1.18671946e-02 
 8.92124431e+08  1.27838173e-02 
 9.12914092e+08  1.43799762e-02 
 9.34188226e+08  1.47232183e-02 
 9.55958123e+08  1.59430432e-02 
 9.78235335e+08  1.81361982e-02 
 1.00103169e+09  1.49492351e-02 
 1.02435927e+09  1.28768168e-02 
 1.04823047e+09  1.28149817e-02 
 1.07265796e+09  1.33807912e-02 
 1.09765469e+09  1.29904451e-02 
 1.12323393e+09  1.31371754e-02 
 1.14940927e+09  1.34653265e-02 
 1.17619457e+09  1.39055546e-02 
 1.20360408e+09  1.46925068e-02 
 1.23165232e+09  1.54399497e-02 
 1.26035418e+09  1.55351418e-02 
 1.28972490e+09  1.47070336e-02 
 1.31978006e+09  1.56905330e-02 
 1.35053561e+09  1.50579808e-02 
 1.38200788e+09  1.48354994e-02 
 1.41421356e+09  1.56871302e-02 
 1.44716975e+09  1.51910712e-02 
 1.48089393e+09  1.60836968e-02 
 1.51540401e+09  1.80452400e-02 
 1.55071830e+09  1.64861887e-02 
 1.58685553e+09  1.52294181e-02 
 1.62383489e+09  1.57288391e-02 
 1.66167599e+09  1.63523992e-02 
 1.70039893e+09  1.95930358e-02 
 1.74002425e+09  1.70826505e-02 
 1.78057299e+09  1.84380034e-02 
 1.82206665e+09  2.33121217e-02 
 1.86452726e+09  1.18598189e-02 
 1.90797735e+09  1.33894673e-02 
 1.95243999e+09  1.63877075e-02 
 1.99793876e+09  1.57626042e-02 
 2.04449781e+09  1.52232013e-02 
 2.09214185e+09  1.56779370e-02 
 2.14089617e+09  1.60518886e-02 
 2.19078664e+09  1.63625053e-02 
 2.24183974e+09  1.66320258e-02 
 2.29408255e+09  1.68736808e-02 
 2.34754280e+09  1.70954464e-02 
 2.40224887e+09  1.73024111e-02 
 2.45822978e+09  1.74980285e-02 
 2.51551525e+09  1.76848070e-02 
 2.57413567e+09  1.78647227e-02 
 2.63412215e+09  1.80394985e-02 
 2.69550653e+09  1.82108318e-02 
 2.75832139e+09  1.83806334e-02 
 2.82260005e+09  1.85513531e-02 
 2.88837664e+09  1.87265246e-02 
 2.95568605e+09  1.89118292e-02 
 3.02456401e+09  1.91174721e-02 
 3.09504707e+09  1.93643626e-02 
 3.16717263e+09  1.97038712e-02 
 3.24097898e+09  2.03055725e-02 
 3.31650528e+09  2.22143444e-02 
 3.39379160e+09  1.82504755e-02 
 3.47287898e+09  1.76764686e-02 
 3.55380937e+09  1.84122865e-02 
 3.63662572e+09  1.87762389e-02 
 3.72137199e+09  1.90121720e-02 
 3.80809314e+09  1.91889652e-02 
 3.89683521e+09  1.93330538e-02 
 3.98764528e+09  1.94567776e-02 
 4.08057155e+09  1.95667272e-02 
 4.17566333e+09  1.96667976e-02 
 4.27297108e+09  1.97594861e-02 
 4.37254645e+09  1.98465094e-02 
 4.47444228e+09  1.99291230e-02 
 4.57871264e+09  2.00082981e-02 
 4.68541287e+09  2.00848270e-02 
 4.79459960e+09  2.01593882e-02 
 4.90633076e+09  2.02325907e-02 
 5.02066566e+09  2.03050056e-02 
 5.13766496e+09  2.03771920e-02 
 5.25739076e+09  2.04497212e-02 
 5.37990660e+09  2.05232020e-02 
 5.50527749e+09  2.05983118e-02 
 5.63356997e+09  2.06758397e-02 
 5.76485211e+09  2.07567501e-02 
 5.89919360e+09  2.08422847e-02 
 6.03666571e+09  2.09341400e-02 
 6.17734142e+09  2.10347927e-02 
 6.32129537e+09  2.11482550e-02 
 6.46860395e+09  2.12816624e-02 
 6.61934535e+09  2.14505434e-02 
 6.77359956e+09  2.17016575e-02 
 6.93144843e+09  2.20366251e-02 
 7.09297575e+09  1.85850185e-02 
 7.25826722e+09  2.12944960e-02 
 7.42741057e+09  2.19384900e-02 
 7.60049556e+09  2.27134281e-02 
 7.77761404e+09  2.54206898e-02 
 7.95886001e+09  1.83093243e-02 
 8.14432966e+09  2.11478126e-02 
 8.33412140e+09  2.26379018e-02 
 8.52833597e+09  2.61991117e-02 
 8.72707642e+09  1.35748479e-02 
 8.93044823e+09  1.86140399e-02 
 9.13855932e+09  1.97343643e-02 
 9.35152014e+09  2.02720989e-02 
 9.56944371e+09  2.06132059e-02 
 9.79244566e+09  2.08663117e-02 
 1.00206443e+10  2.10714442e-02 
 1.02541609e+10  2.12481495e-02 
 1.04931192e+10  2.14069764e-02 
 1.07376460e+10  2.15541964e-02 
 1.09878712e+10  2.16938398e-02 
 1.12439276e+10  2.18286894e-02 
 1.15059509e+10  2.19608224e-02 
 1.17740804e+10  2.20919456e-02 
 1.20484582e+10  2.22236464e-02 
 1.23292299e+10  2.23576415e-02 
 1.26165447e+10  2.24961153e-02 
 1.29105549e+10  2.26423169e-02 
 1.32114166e+10  2.28018405e-02 
 1.35192894e+10  2.29858943e-02 
 1.38343368e+10  2.32216552e-02 
 1.41567259e+10  2.35981666e-02 
 1.44866277e+10  2.46823448e-02 
 1.48242175e+10  1.89995572e-02 
 1.51696743e+10  2.37881028e-02 
 1.55231815e+10  2.27210088e-02 
 1.58849266e+10  2.30273358e-02 
 1.62551017e+10  2.32371599e-02 
 1.66339032e+10  2.34087215e-02 
 1.70215321e+10  2.35607826e-02 
 1.74181941e+10  2.37014112e-02 
 1.78240998e+10  2.38346500e-02 
 1.82394645e+10  2.39627319e-02 
 1.86645086e+10  2.40869741e-02 
 1.90994578e+10  2.42081883e-02 
 1.95445429e+10  2.43268890e-02 
 2.00000000e+10  2.44434063e-02 
