 1.00000000e+08  1.75873158e-02 
 1.02330354e+08  1.75173609e-02 
 1.04715014e+08  1.74299982e-02 
 1.07155245e+08  1.73240608e-02 
 1.09652342e+08  1.71985110e-02 
 1.12207630e+08  1.70524839e-02 
 1.14822466e+08  1.68853306e-02 
 1.17498236e+08  1.66966593e-02 
 1.20236362e+08  1.64863725e-02 
 1.23038295e+08  1.62546957e-02 
 1.25905523e+08  1.60021971e-02 
 1.28839568e+08  1.57297951e-02 
 1.31841987e+08  1.54387530e-02 
 1.34914372e+08  1.51306594e-02 
 1.38058355e+08  1.48073968e-02 
 1.41275604e+08  1.44710980e-02 
 1.44567827e+08  1.41240940e-02 
 1.47936769e+08  1.37688562e-02 
 1.51384220e+08  1.34079364e-02 
 1.54912009e+08  1.30439069e-02 
 1.58522008e+08  1.26793050e-02 
 1.62216133e+08  1.23165833e-02 
 1.65996343e+08  1.19580679e-02 
 1.69864646e+08  1.16059250e-02 
 1.73823095e+08  1.12621367e-02 
 1.77873789e+08  1.09284851e-02 
 1.82018879e+08  1.06065444e-02 
 1.86260564e+08  1.02976799e-02 
 1.90601095e+08  1.00030534e-02 
 1.95042776e+08  9.72363265e-03 
 1.99587964e+08  9.46020694e-03 
 2.04239071e+08  9.21340598e-03 
 2.08998565e+08  8.98372502e-03 
 2.13868972e+08  8.77155756e-03 
 2.18852877e+08  8.57724081e-03 
 2.23952925e+08  8.40112340e-03 
 2.29171822e+08  8.24367508e-03 
 2.34512337e+08  8.10567941e-03 
 2.39977306e+08  7.98860164e-03 
 2.45569627e+08  7.89535425e-03 
 2.51292270e+08  7.83205142e-03 
 2.57148271e+08  7.81252428e-03 
 2.63140737e+08  7.87179030e-03 
 2.69272848e+08  8.11504427e-03 
 2.75547860e+08  8.95201315e-03 
 2.81969102e+08  1.25958725e-02 
 2.88539981e+08  1.70084477e-02 
 2.95263985e+08  1.05082861e-02 
 3.02144683e+08  8.82514177e-03 
 3.09185725e+08  8.34482002e-03 
 3.16390848e+08  8.32982487e-03 
 3.23763876e+08  9.03252305e-03 
 3.31308722e+08  1.41074289e-02 
 3.39029389e+08  1.36881496e-02 
 3.46929975e+08  9.53665521e-03 
 3.55014673e+08  8.70446107e-03 
 3.63287773e+08  8.45918038e-03 
 3.71753666e+08  8.39739545e-03 
 3.80416844e+08  8.42193241e-03 
 3.89281904e+08  8.51676326e-03 
 3.98353552e+08  8.68899603e-03 
 4.07636602e+08  8.95088920e-03 
 4.17135980e+08  9.50984146e-03 
 4.26856726e+08  1.03708877e-02 
 4.36804001e+08  9.87652664e-03 
 4.46983082e+08  9.62729962e-03 
 4.57399372e+08  1.32697638e-02 
 4.68058398e+08  9.31453942e-03 
 4.78965818e+08  9.20165625e-03 
 4.90127419e+08  9.50681488e-03 
 5.01549125e+08  1.01705195e-02 
 5.13236997e+08  1.30044058e-02 
 5.25197238e+08  1.16698096e-02 
 5.37436195e+08  1.26046568e-02 
 5.49960363e+08  1.02385153e-02 
 5.62776388e+08  1.01528911e-02 
 5.75891073e+08  7.29983156e-03 
 5.89311376e+08  8.25472032e-03 
 6.03044419e+08  1.02703391e-02 
 6.17097492e+08  1.00736669e-02 
 6.31478050e+08  9.79681133e-03 
 6.46193727e+08  1.02811235e-02 
 6.61252331e+08  1.09722007e-02 
 6.76661854e+08  1.27217901e-02 
 6.92430473e+08  1.21834881e-02 
 7.08566557e+08  9.36811567e-03 
 7.25078669e+08  1.11171850e-02 
 7.41975572e+08  1.04358390e-02 
 7.59266232e+08  9.25052991e-03 
 7.76959826e+08  1.10498309e-02 
 7.95065744e+08  1.12674691e-02 
 8.13593593e+08  1.40728922e-02 
 8.32553207e+08  1.18034651e-02 
 8.51954648e+08  1.25326417e-02 
 8.71808210e+08  1.42242224e-02 
 8.92124431e+08  1.24026319e-02 
 9.12914092e+08  1.41968936e-02 
 9.34188226e+08  1.68427692e-02 
 9.55958123e+08  1.09492998e-02 
 9.78235335e+08  1.12678680e-02 
 1.00103169e+09  1.24221590e-02 
 1.02435927e+09  1.51513133e-02 
 1.04823047e+09  1.25535848e-02 
 1.07265796e+09  1.52322006e-02 
 1.09765469e+09  1.24197109e-02 
 1.12323393e+09  1.46530033e-02 
 1.14940927e+09  1.35283336e-02 
 1.17619457e+09  1.45157132e-02 
 1.20360408e+09  1.62710760e-02 
 1.23165232e+09  1.59538047e-02 
 1.26035418e+09  1.47683994e-02 
 1.28972490e+09  1.75769987e-02 
 1.31978006e+09  1.70320406e-02 
 1.35053561e+09  1.11114174e-02 
 1.38200788e+09  1.27382267e-02 
 1.41421356e+09  1.34889145e-02 
 1.44716975e+09  1.40711294e-02 
 1.48089393e+09  1.49674242e-02 
 1.51540401e+09  1.59232774e-02 
 1.55071830e+09  1.67047159e-02 
 1.58685553e+09  1.73717887e-02 
 1.62383489e+09  1.93618949e-02 
 1.66167599e+09  1.74604050e-02 
 1.70039893e+09  2.00694156e-02 
 1.74002425e+09  2.26841078e-02 
 1.78057299e+09  2.64564233e-02 
 1.82206665e+09  3.38401790e-02 
 1.86452726e+09  1.61806681e-02 
 1.90797735e+09  2.00259812e-02 
 1.95243999e+09  1.65708892e-02 
 1.99793876e+09  1.65228464e-02 
 2.04449781e+09  1.86538937e-02 
 2.09214185e+09  2.05057553e-02 
 2.14089617e+09  2.20325711e-02 
 2.19078664e+09  2.33285819e-02 
 2.24183974e+09  2.43870713e-02 
 2.29408255e+09  2.49533091e-02 
 2.34754280e+09  2.36989821e-02 
 2.40224887e+09  2.06247032e-02 
 2.45822978e+09  2.28313998e-02 
 2.51551525e+09  2.52323106e-02 
 2.57413567e+09  2.66048948e-02 
 2.63412215e+09  2.75130480e-02 
 2.69550653e+09  2.81921444e-02 
 2.75832139e+09  2.87407494e-02 
 2.82260005e+09  2.92073224e-02 
 2.88837664e+09  2.96187698e-02 
 2.95568605e+09  2.99911559e-02 
 3.02456401e+09  3.03343512e-02 
 3.09504707e+09  3.06543592e-02 
 3.16717263e+09  3.09546432e-02 
 3.24097898e+09  3.12369693e-02 
 3.31650528e+09  3.15019828e-02 
 3.39379160e+09  3.17496215e-02 
 3.47287898e+09  3.19794190e-02 
 3.55380937e+09  3.21907280e-02 
 3.63662572e+09  3.23828824e-02 
 3.72137199e+09  3.25553126e-02 
 3.80809314e+09  3.27076226e-02 
 3.89683521e+09  3.28396356e-02 
 3.98764528e+09  3.29514162e-02 
 4.08057155e+09  3.30432725e-02 
 4.17566333e+09  3.31157434e-02 
 4.27297108e+09  3.31695754e-02 
 4.37254645e+09  3.32056922e-02 
 4.47444228e+09  3.32251608e-02 
 4.57871264e+09  3.32291558e-02 
 4.68541287e+09  3.32189249e-02 
 4.79459960e+09  3.31957565e-02 
 4.90633076e+09  3.31609508e-02 
 5.02066566e+09  3.31157950e-02 
 5.13766496e+09  3.30615422e-02 
 5.25739076e+09  3.29993955e-02 
 5.37990660e+09  3.29304945e-02 
 5.50527749e+09  3.28559067e-02 
 5.63356997e+09  3.27766206e-02 
 5.76485211e+09  3.26935413e-02 
 5.89919360e+09  3.26074863e-02 
 6.03666571e+09  3.25191793e-02 
 6.17734142e+09  3.24292052e-02 
 6.32129537e+09  3.23381334e-02 
 6.46860395e+09  3.22460462e-02 
 6.61934535e+09  3.21522685e-02 
 6.77359956e+09  3.20495124e-02 
 6.93144843e+09  3.20425256e-02 
 7.09297575e+09  3.19094620e-02 
 7.25826722e+09  3.18179102e-02 
 7.42741057e+09  3.17315177e-02 
 7.60049556e+09  3.16476264e-02 
 7.77761404e+09  3.15646969e-02 
 7.95886001e+09  3.14791317e-02 
 8.14432966e+09  3.13774558e-02 
 8.33412140e+09  3.11851206e-02 
 8.52833597e+09  2.99178188e-02 
 8.72707642e+09  2.31627933e-02 
 8.93044823e+09  3.01953125e-02 
 9.13855932e+09  3.06387349e-02 
 9.35152014e+09  3.07198817e-02 
 9.56944371e+09  3.07214713e-02 
 9.79244566e+09  3.06958097e-02 
 1.00206443e+10  3.06587733e-02 
 1.02541609e+10  3.06166190e-02 
 1.04931192e+10  3.05722430e-02 
 1.07376460e+10  3.05271351e-02 
 1.09878712e+10  3.04821147e-02 
 1.12439276e+10  3.04376476e-02 
 1.15059509e+10  3.03939950e-02 
 1.17740804e+10  3.03512871e-02 
 1.20484582e+10  3.03095569e-02 
 1.23292299e+10  3.02687458e-02 
 1.26165447e+10  3.02286796e-02 
 1.29105549e+10  3.01889849e-02 
 1.32114166e+10  3.01488436e-02 
 1.35192894e+10  3.01061373e-02 
 1.38343368e+10  3.00531317e-02 
 1.41567259e+10  2.99227330e-02 
 1.44866277e+10  2.99735858e-02 
 1.48242175e+10  2.99929862e-02 
 1.51696743e+10  2.67672309e-02 
 1.55231815e+10  2.99768230e-02 
 1.58849266e+10  2.99555749e-02 
 1.62551017e+10  2.99281005e-02 
 1.66339032e+10  2.99021160e-02 
 1.70215321e+10  2.98777230e-02 
 1.74181941e+10  2.98547154e-02 
 1.78240998e+10  2.98329241e-02 
 1.82394645e+10  2.98122247e-02 
 1.86645086e+10  2.97925232e-02 
 1.90994578e+10  2.97737454e-02 
 1.95445429e+10  2.97558302e-02 
 2.00000000e+10  2.97387253e-02 
