 1.00000000e+08  1.68005191e-02 
 1.02330354e+08  1.66888379e-02 
 1.04715014e+08  1.65611460e-02 
 1.07155245e+08  1.64169129e-02 
 1.09652342e+08  1.62557793e-02 
 1.12207630e+08  1.60775854e-02 
 1.14822466e+08  1.58823948e-02 
 1.17498236e+08  1.56705150e-02 
 1.20236362e+08  1.54425109e-02 
 1.23038295e+08  1.51992103e-02 
 1.25905523e+08  1.49417021e-02 
 1.28839568e+08  1.46713244e-02 
 1.31841987e+08  1.43896451e-02 
 1.34914372e+08  1.40984335e-02 
 1.38058355e+08  1.37996256e-02 
 1.41275604e+08  1.34952849e-02 
 1.44567827e+08  1.31875590e-02 
 1.47936769e+08  1.28786359e-02 
 1.51384220e+08  1.25707009e-02 
 1.54912009e+08  1.22658955e-02 
 1.58522008e+08  1.19662809e-02 
 1.62216133e+08  1.16738058e-02 
 1.65996343e+08  1.13902797e-02 
 1.69864646e+08  1.11173520e-02 
 1.73823095e+08  1.08564964e-02 
 1.77873789e+08  1.06090008e-02 
 1.82018879e+08  1.03759616e-02 
 1.86260564e+08  1.01582830e-02 
 1.90601095e+08  9.95667903e-03 
 1.95042776e+08  9.77168005e-03 
 1.99587964e+08  9.60364124e-03 
 2.04239071e+08  9.45275409e-03 
 2.08998565e+08  9.31906006e-03 
 2.13868972e+08  9.20246635e-03 
 2.18852877e+08  9.10276365e-03 
 2.23952925e+08  9.01964598e-03 
 2.29171822e+08  8.95273289e-03 
 2.34512337e+08  8.90159488e-03 
 2.39977306e+08  8.86578381e-03 
 2.45569627e+08  8.84487196e-03 
 2.51292270e+08  8.83850723e-03 
 2.57148271e+08  8.84650088e-03 
 2.63140737e+08  8.86898440e-03 
 2.69272848e+08  8.90672666e-03 
 2.75547860e+08  8.96186006e-03 
 2.81969102e+08  9.03980234e-03 
 2.88539981e+08  9.15537693e-03 
 2.95263985e+08  9.35815094e-03 
 3.02144683e+08  9.88856284e-03 
 3.09185725e+08  1.22059668e-02 
 3.16390848e+08  1.04049801e-02 
 3.23763876e+08  9.63561120e-03 
 3.31308722e+08  9.58335532e-03 
 3.39029389e+08  9.65436138e-03 
 3.46929975e+08  9.76835439e-03 
 3.55014673e+08  9.91274320e-03 
 3.63287773e+08  1.00999829e-02 
 3.71753666e+08  1.03986967e-02 
 3.80416844e+08  1.13206887e-02 
 3.89281904e+08  1.26931374e-02 
 3.98353552e+08  1.05713469e-02 
 4.07636602e+08  1.06052060e-02 
 4.17135980e+08  1.07993936e-02 
 4.26856726e+08  1.13047678e-02 
 4.36804001e+08  1.21125221e-02 
 4.46983082e+08  1.12418179e-02 
 4.57399372e+08  1.15445855e-02 
 4.68058398e+08  1.17619939e-02 
 4.78965818e+08  1.20332017e-02 
 4.90127419e+08  1.26507309e-02 
 5.01549125e+08  1.38306667e-02 
 5.13236997e+08  1.25779420e-02 
 5.25197238e+08  1.41624040e-02 
 5.37436195e+08  1.40696767e-02 
 5.49960363e+08  1.20139589e-02 
 5.62776388e+08  1.23508668e-02 
 5.75891073e+08  1.24690134e-02 
 5.89311376e+08  1.31058699e-02 
 6.03044419e+08  1.35203314e-02 
 6.17097492e+08  1.42790364e-02 
 6.31478050e+08  1.48085484e-02 
 6.46193727e+08  1.54168243e-02 
 6.61252331e+08  1.56426371e-02 
 6.76661854e+08  2.03874698e-02 
 6.92430473e+08  1.31696233e-02 
 7.08566557e+08  1.44937443e-02 
 7.25078669e+08  1.57848368e-02 
 7.41975572e+08  1.61796291e-02 
 7.59266232e+08  2.02610705e-02 
 7.76959826e+08  1.60750232e-02 
 7.95065744e+08  1.70084729e-02 
 8.13593593e+08  1.60989956e-02 
 8.32553207e+08  1.74410368e-02 
 8.51954648e+08  2.09979525e-02 
 8.71808210e+08  2.06207175e-02 
 8.92124431e+08  2.03779205e-02 
 9.12914092e+08  1.55684220e-02 
 9.34188226e+08  1.81274507e-02 
 9.55958123e+08  2.34450213e-02 
 9.78235335e+08  2.14765522e-02 
 1.00103169e+09  1.83290613e-02 
 1.02435927e+09  1.94740771e-02 
 1.04823047e+09  1.71945605e-02 
 1.07265796e+09  1.69676842e-02 
 1.09765469e+09  1.76267415e-02 
 1.12323393e+09  1.93011903e-02 
 1.14940927e+09  2.06556866e-02 
 1.17619457e+09  2.18826094e-02 
 1.20360408e+09  2.15061909e-02 
 1.23165232e+09  2.21766639e-02 
 1.26035418e+09  2.40523604e-02 
 1.28972490e+09  2.43116125e-02 
 1.31978006e+09  2.10692734e-02 
 1.35053561e+09  1.68690444e-02 
 1.38200788e+09  1.79346751e-02 
 1.41421356e+09  1.91141536e-02 
 1.44716975e+09  2.06487997e-02 
 1.48089393e+09  2.23259694e-02 
 1.51540401e+09  2.38990485e-02 
 1.55071830e+09  2.55319688e-02 
 1.58685553e+09  2.73345571e-02 
 1.62383489e+09  2.93089168e-02 
 1.66167599e+09  3.13558959e-02 
 1.70039893e+09  3.32713763e-02 
 1.74002425e+09  3.48032189e-02 
 1.78057299e+09  3.57774588e-02 
 1.82206665e+09  3.61794006e-02 
 1.86452726e+09  3.61384832e-02 
 1.90797735e+09  3.55533304e-02 
 1.95243999e+09  3.49161294e-02 
 1.99793876e+09  3.42986146e-02 
 2.04449781e+09  3.36213183e-02 
 2.09214185e+09  3.29314120e-02 
 2.14089617e+09  3.22388434e-02 
 2.19078664e+09  3.15376214e-02 
 2.24183974e+09  3.08132589e-02 
 2.29408255e+09  3.00456710e-02 
 2.34754280e+09  2.92086499e-02 
 2.40224887e+09  2.82670081e-02 
 2.45822978e+09  2.71774703e-02 
 2.51551525e+09  2.59015133e-02 
 2.57413567e+09  2.44238782e-02 
 2.63412215e+09  2.27604277e-02 
 2.69550653e+09  2.09551334e-02 
 2.75832139e+09  1.90753674e-02 
 2.82260005e+09  1.72079735e-02 
 2.88837664e+09  1.54538958e-02 
 2.95568605e+09  1.39192646e-02 
 3.02456401e+09  1.27019034e-02 
 3.09504707e+09  1.18732479e-02 
 3.16717263e+09  1.14600839e-02 
 3.24097898e+09  1.14377088e-02 
 3.31650528e+09  1.17435479e-02 
 3.39379160e+09  1.23034146e-02 
 3.47287898e+09  1.30519725e-02 
 3.55380937e+09  1.39359701e-02 
 3.63662572e+09  1.49007791e-02 
 3.72137199e+09  1.58720772e-02 
 3.80809314e+09  1.67263503e-02 
 3.89683521e+09  1.76003164e-02 
 3.98764528e+09  1.82151712e-02 
 4.08057155e+09  1.87360400e-02 
 4.17566333e+09  1.91912547e-02 
 4.27297108e+09  1.96091403e-02 
 4.37254645e+09  2.00072037e-02 
 4.47444228e+09  2.03954413e-02 
 4.57871264e+09  2.07853055e-02 
 4.68541287e+09  2.11078987e-02 
 4.79459960e+09  2.15020375e-02 
 4.90633076e+09  2.18732948e-02 
 5.02066566e+09  2.22405328e-02 
 5.13766496e+09  2.26061947e-02 
 5.25739076e+09  2.29717393e-02 
 5.37990660e+09  2.33385706e-02 
 5.50527749e+09  2.37082937e-02 
 5.63356997e+09  2.40835908e-02 
 5.76485211e+09  2.44614653e-02 
 5.89919360e+09  2.48526608e-02 
 6.03666571e+09  2.52571318e-02 
 6.17734142e+09  2.56845723e-02 
 6.32129537e+09  2.61428214e-02 
 6.46860395e+09  2.67013738e-02 
 6.61934535e+09  2.64077257e-02 
 6.77359956e+09  2.76306133e-02 
 6.93144843e+09  2.85348546e-02 
 7.09297575e+09  3.34755798e-02 
 7.25826722e+09  2.57871239e-02 
 7.42741057e+09  2.81762493e-02 
 7.60049556e+09  2.93553742e-02 
 7.77761404e+09  2.89261223e-02 
 7.95886001e+09  3.06002758e-02 
 8.14432966e+09  3.20022822e-02 
 8.33412140e+09  3.43611109e-02 
 8.52833597e+09  4.37565108e-02 
 8.72707642e+09  2.10439305e-02 
 8.93044823e+09  9.41530113e-03 
 9.13855932e+09  2.64826990e-02 
 9.35152014e+09  2.89073946e-02 
 9.56944371e+09  3.02596205e-02 
 9.79244566e+09  3.12783426e-02 
 1.00206443e+10  3.21529858e-02 
 1.02541609e+10  3.29575453e-02 
 1.04931192e+10  3.37278985e-02 
 1.07376460e+10  3.44840985e-02 
 1.09878712e+10  3.52386449e-02 
 1.12439276e+10  3.60000957e-02 
 1.15059509e+10  3.67748499e-02 
 1.17740804e+10  3.75681274e-02 
 1.20484582e+10  3.83845816e-02 
 1.23292299e+10  3.92287570e-02 
 1.26165447e+10  4.01055326e-02 
 1.29105549e+10  4.10207023e-02 
 1.32114166e+10  4.19819509e-02 
 1.35192894e+10  4.30008494e-02 
 1.38343368e+10  4.40976917e-02 
 1.41567259e+10  4.53157906e-02 
 1.44866277e+10  4.67779994e-02 
 1.48242175e+10  4.90733620e-02 
 1.51696743e+10  6.97119066e-02 
 1.55231815e+10  4.66049247e-02 
 1.58849266e+10  4.91171142e-02 
 1.62551017e+10  5.08786260e-02 
 1.66339032e+10  5.25116281e-02 
 1.70215321e+10  5.41476684e-02 
 1.74181941e+10  5.58376107e-02 
 1.78240998e+10  5.76107029e-02 
 1.82394645e+10  5.94897193e-02 
 1.86645086e+10  6.14964797e-02 
 1.90994578e+10  6.36546600e-02 
 1.95445429e+10  6.59918545e-02 
 2.00000000e+10  6.85416543e-02 
