 1.00000000e+08  1.75663602e-02 
 1.02330354e+08  1.74929717e-02 
 1.04715014e+08  1.74035452e-02 
 1.07155245e+08  1.72970091e-02 
 1.09652342e+08  1.71724015e-02 
 1.12207630e+08  1.70289074e-02 
 1.14822466e+08  1.68658965e-02 
 1.17498236e+08  1.66829601e-02 
 1.20236362e+08  1.64799440e-02 
 1.23038295e+08  1.62569758e-02 
 1.25905523e+08  1.60144844e-02 
 1.28839568e+08  1.57532100e-02 
 1.31841987e+08  1.54742028e-02 
 1.34914372e+08  1.51788108e-02 
 1.38058355e+08  1.48686556e-02 
 1.41275604e+08  1.45455993e-02 
 1.44567827e+08  1.42117013e-02 
 1.47936769e+08  1.38691710e-02 
 1.51384220e+08  1.35203153e-02 
 1.54912009e+08  1.31674874e-02 
 1.58522008e+08  1.28130361e-02 
 1.62216133e+08  1.24592603e-02 
 1.65996343e+08  1.21083689e-02 
 1.69864646e+08  1.17624479e-02 
 1.73823095e+08  1.14234348e-02 
 1.77873789e+08  1.10931002e-02 
 1.82018879e+08  1.07730364e-02 
 1.86260564e+08  1.04646524e-02 
 1.90601095e+08  1.01691733e-02 
 1.95042776e+08  9.88764474e-03 
 1.99587964e+08  9.62093948e-03 
 2.04239071e+08  9.36976715e-03 
 2.08998565e+08  9.13468494e-03 
 2.13868972e+08  8.91610955e-03 
 2.18852877e+08  8.71432977e-03 
 2.23952925e+08  8.52951953e-03 
 2.29171822e+08  8.36175167e-03 
 2.34512337e+08  8.21101274e-03 
 2.39977306e+08  8.07721953e-03 
 2.45569627e+08  7.96023886e-03 
 2.51292270e+08  7.85991292e-03 
 2.57148271e+08  7.77609519e-03 
 2.63140737e+08  7.70870690e-03 
 2.69272848e+08  7.65783688e-03 
 2.75547860e+08  7.62394275e-03 
 2.81969102e+08  7.60832140e-03 
 2.88539981e+08  7.61443320e-03 
 2.95263985e+08  7.65271609e-03 
 3.02144683e+08  7.76682353e-03 
 3.09185725e+08  8.34853795e-03 
 3.16390848e+08  9.15184001e-03 
 3.23763876e+08  7.98649297e-03 
 3.31308722e+08  8.19390097e-03 
 3.39029389e+08  9.57617282e-03 
 3.46929975e+08  1.04274893e-02 
 3.55014673e+08  8.26264393e-03 
 3.63287773e+08  8.12752450e-03 
 3.71753666e+08  8.20733234e-03 
 3.80416844e+08  8.35967751e-03 
 3.89281904e+08  8.58527934e-03 
 3.98353552e+08  8.97281133e-03 
 4.07636602e+08  1.00670802e-02 
 4.17135980e+08  1.01360351e-02 
 4.26856726e+08  8.91491552e-03 
 4.36804001e+08  9.42171314e-03 
 4.46983082e+08  1.02173953e-02 
 4.57399372e+08  1.13257365e-02 
 4.68058398e+08  1.19171941e-02 
 4.78965818e+08  1.03780439e-02 
 4.90127419e+08  1.18898178e-02 
 5.01549125e+08  1.77438379e-02 
 5.13236997e+08  1.07133061e-02 
 5.25197238e+08  9.94238930e-03 
 5.37436195e+08  8.67190860e-03 
 5.49960363e+08  9.80218201e-03 
 5.62776388e+08  1.05508537e-02 
 5.75891073e+08  1.17435183e-02 
 5.89311376e+08  1.29877679e-02 
 6.03044419e+08  1.04435278e-02 
 6.17097492e+08  1.02178340e-02 
 6.31478050e+08  1.10266809e-02 
 6.46193727e+08  1.17128318e-02 
 6.61252331e+08  1.27182937e-02 
 6.76661854e+08  1.10167793e-02 
 6.92430473e+08  1.20661956e-02 
 7.08566557e+08  1.19526997e-02 
 7.25078669e+08  1.26276698e-02 
 7.41975572e+08  1.32828583e-02 
 7.59266232e+08  1.34744637e-02 
 7.76959826e+08  1.60941120e-02 
 7.95065744e+08  1.37949716e-02 
 8.13593593e+08  1.68503759e-02 
 8.32553207e+08  1.93597986e-02 
 8.51954648e+08  1.05131466e-02 
 8.71808210e+08  1.21006559e-02 
 8.92124431e+08  1.29851715e-02 
 9.12914092e+08  1.31181496e-02 
 9.34188226e+08  1.59358197e-02 
 9.55958123e+08  1.40740639e-02 
 9.78235335e+08  1.44830668e-02 
 1.00103169e+09  1.35313190e-02 
 1.02435927e+09  1.36867360e-02 
 1.04823047e+09  1.43362589e-02 
 1.07265796e+09  1.32876431e-02 
 1.09765469e+09  1.29891634e-02 
 1.12323393e+09  1.30678737e-02 
 1.14940927e+09  1.36237322e-02 
 1.17619457e+09  1.39571990e-02 
 1.20360408e+09  1.44414189e-02 
 1.23165232e+09  1.58831218e-02 
 1.26035418e+09  1.56854514e-02 
 1.28972490e+09  1.55422873e-02 
 1.31978006e+09  1.55861874e-02 
 1.35053561e+09  1.55032048e-02 
 1.38200788e+09  1.57317551e-02 
 1.41421356e+09  1.58501878e-02 
 1.44716975e+09  1.60701829e-02 
 1.48089393e+09  1.62942223e-02 
 1.51540401e+09  1.65416107e-02 
 1.55071830e+09  1.68896529e-02 
 1.58685553e+09  1.74093493e-02 
 1.62383489e+09  1.77856315e-02 
 1.66167599e+09  1.81519905e-02 
 1.70039893e+09  1.85918717e-02 
 1.74002425e+09  1.91520447e-02 
 1.78057299e+09  1.99470963e-02 
 1.82206665e+09  2.13732846e-02 
 1.86452726e+09  2.61128640e-02 
 1.90797735e+09  7.85854864e-03 
 1.95243999e+09  1.57293685e-02 
 1.99793876e+09  1.74352532e-02 
 2.04449781e+09  1.84038244e-02 
 2.09214185e+09  1.91846085e-02 
 2.14089617e+09  1.98466624e-02 
 2.19078664e+09  2.05206017e-02 
 2.24183974e+09  2.14261891e-02 
 2.29408255e+09  2.26177015e-02 
 2.34754280e+09  2.04476790e-02 
 2.40224887e+09  2.12638451e-02 
 2.45822978e+09  2.18630080e-02 
 2.51551525e+09  2.23817823e-02 
 2.57413567e+09  2.28670855e-02 
 2.63412215e+09  2.33398184e-02 
 2.69550653e+09  2.38127155e-02 
 2.75832139e+09  2.42924398e-02 
 2.82260005e+09  2.47806820e-02 
 2.88837664e+09  2.52764142e-02 
 2.95568605e+09  2.57776500e-02 
 3.02456401e+09  2.62829554e-02 
 3.09504707e+09  2.67931703e-02 
 3.16717263e+09  2.73121622e-02 
 3.24097898e+09  2.78450920e-02 
 3.31650528e+09  2.83955221e-02 
 3.39379160e+09  2.89641810e-02 
 3.47287898e+09  2.95496477e-02 
 3.55380937e+09  3.01495176e-02 
 3.63662572e+09  3.07616241e-02 
 3.72137199e+09  3.13857269e-02 
 3.80809314e+09  3.20246902e-02 
 3.89683521e+09  3.26829291e-02 
 3.98764528e+09  3.33634668e-02 
 4.08057155e+09  3.40674122e-02 
 4.17566333e+09  3.47915883e-02 
 4.27297108e+09  3.54923007e-02 
 4.37254645e+09  3.62766924e-02 
 4.47444228e+09  3.70572355e-02 
 4.57871264e+09  3.78449992e-02 
 4.68541287e+09  3.86417691e-02 
 4.79459960e+09  3.94553782e-02 
 4.90633076e+09  4.02935968e-02 
 5.02066566e+09  4.11589648e-02 
 5.13766496e+09  4.20508395e-02 
 5.25739076e+09  4.29682928e-02 
 5.37990660e+09  4.39108018e-02 
 5.50527749e+09  4.48784107e-02 
 5.63356997e+09  4.58716399e-02 
 5.76485211e+09  4.68917759e-02 
 5.89919360e+09  4.79444150e-02 
 6.03666571e+09  4.89523304e-02 
 6.17734142e+09  5.00898730e-02 
 6.32129537e+09  5.12222505e-02 
 6.46860395e+09  5.23823024e-02 
 6.61934535e+09  5.35741829e-02 
 6.77359956e+09  5.48029973e-02 
 6.93144843e+09  5.60887960e-02 
 7.09297575e+09  5.68420145e-02 
 7.25826722e+09  5.85750042e-02 
 7.42741057e+09  5.99750108e-02 
 7.60049556e+09  6.14257979e-02 
 7.77761404e+09  6.31056272e-02 
 7.95886001e+09  6.36245793e-02 
 8.14432966e+09  6.55346756e-02 
 8.33412140e+09  6.72167608e-02 
 8.52833597e+09  6.91697180e-02 
 8.72707642e+09  6.95069067e-02 
 8.93044823e+09  7.14331276e-02 
 9.13855932e+09  7.33203321e-02 
 9.35152014e+09  7.51828997e-02 
 9.56944371e+09  7.69238473e-02 
 9.79244566e+09  7.87751506e-02 
 1.00206443e+10  8.06671639e-02 
 1.02541609e+10  8.26060723e-02 
 1.04931192e+10  8.45957274e-02 
 1.07376460e+10  8.66393932e-02 
 1.09878712e+10  8.87402700e-02 
 1.12439276e+10  9.09017947e-02 
 1.15059509e+10  9.31279211e-02 
 1.17740804e+10  9.54234930e-02 
 1.20484582e+10  9.77948528e-02 
 1.23292299e+10  1.00250965e-01 
 1.26165447e+10  1.02805718e-01 
 1.29105549e+10  1.05483224e-01 
 1.32114166e+10  1.08331977e-01 
 1.35192894e+10  1.11471986e-01 
 1.38343368e+10  1.15321207e-01 
 1.41567259e+10  1.23141698e-01 
 1.44866277e+10  1.07856843e-01 
 1.48242175e+10  1.17888070e-01 
 1.51696743e+10  1.22247481e-01 
 1.55231815e+10  1.25945656e-01 
 1.58849266e+10  1.29497989e-01 
 1.62551017e+10  1.33045142e-01 
 1.66339032e+10  1.36644305e-01 
 1.70215321e+10  1.40325804e-01 
 1.74181941e+10  1.44109562e-01 
 1.78240998e+10  1.48011124e-01 
 1.82394645e+10  1.52044070e-01 
 1.86645086e+10  1.56220528e-01 
 1.90994578e+10  1.60549378e-01 
 1.95445429e+10  1.65029053e-01 
 2.00000000e+10  1.69624525e-01 
