3.810576051473617554e+00
3.859813794493675232e+00
3.943703144788742065e+00
3.811014279723167419e+00
3.888664618134498596e+00
3.832816615700721741e+00
3.857609733939170837e+00
3.933235749602317810e+00
4.035188585519790649e+00
3.850612089037895203e+00
3.815187096595764160e+00
3.821133375167846680e+00
3.830647230148315430e+00
3.849172443151473999e+00
3.869334995746612549e+00
3.734752103686332703e+00
3.974643349647521973e+00
3.782278120517730713e+00
3.714648380875587463e+00
3.876887694001197815e+00
3.799425661563873291e+00
3.850025728344917297e+00
3.812867552042007446e+00
3.758934304118156433e+00
3.831789597868919373e+00
3.832344725728034973e+00
3.742697477340698242e+00
3.842696756124496460e+00
3.727531954646110535e+00
3.723668083548545837e+00
3.691711619496345520e+00
3.792578041553497314e+00
3.848579719662666321e+00
3.786712571978569031e+00
3.735718011856079102e+00
3.714227735996246338e+00
3.752923384308815002e+00
3.859726831316947937e+00
3.827394977211952209e+00
3.910943150520324707e+00
3.841728851199150085e+00
3.781030833721160889e+00
3.755610585212707520e+00
3.706746011972427368e+00
3.739763662219047546e+00
3.724287554621696472e+00
3.627037823200225830e+00
3.630620434880256653e+00
3.704072028398513794e+00
3.741435125470161438e+00
3.645954728126525879e+00
3.648275703191757202e+00
3.769868776202201843e+00
3.639001280069351196e+00
3.577750638127326965e+00
3.725008189678192139e+00
3.712701827287673950e+00
3.746689394116401672e+00
3.588167950510978699e+00
3.695002958178520203e+00
3.741871550679206848e+00
3.846064448356628418e+00
3.775659620761871338e+00
3.711733788251876831e+00
3.524176225066184998e+00
3.720453977584838867e+00
3.606027856469154358e+00
3.715337693691253662e+00
3.604320168495178223e+00
3.599308580160140991e+00
3.645259216427803040e+00
3.675000518560409546e+00
3.496301352977752686e+00
3.572277605533599854e+00
3.631351754069328308e+00
3.702561274170875549e+00
3.559359177947044373e+00
3.729955136775970459e+00
3.626177161931991577e+00
3.665567740797996521e+00
3.671336829662322998e+00
3.687655150890350342e+00
3.597382247447967529e+00
3.574435815215110779e+00
3.716704383492469788e+00
3.660442605614662170e+00
3.751467272639274597e+00
3.727808848023414612e+00
3.714864507317543030e+00
3.827204272150993347e+00
3.620767816901206970e+00
3.598166987299919128e+00
3.529898986220359802e+00
3.623456895351409912e+00
3.700333744287490845e+00
3.585467666387557983e+00
3.714383795857429504e+00
3.546010285615921021e+00
3.644613906741142273e+00
3.566010951995849609e+00
3.641701906919479370e+00
3.633752986788749695e+00
3.666764274239540100e+00
3.492400437593460083e+00
3.526013284921646118e+00
3.522216364741325378e+00
3.435212805867195129e+00
3.478045955300331116e+00
3.428272590041160583e+00
3.420106843113899231e+00
3.554639890789985657e+00
3.433401897549629211e+00
3.619054198265075684e+00
3.515937596559524536e+00
3.631693467497825623e+00
3.665361478924751282e+00
3.530123934149742126e+00
3.599350959062576294e+00
3.519318029284477234e+00
3.514753907918930054e+00
3.523480370640754700e+00
3.643241524696350098e+00
3.600254431366920471e+00
3.676715254783630371e+00
3.569694861769676208e+00
3.586062684655189514e+00
3.499646529555320740e+00
3.689884096384048462e+00
3.503017246723175049e+00
3.498639553785324097e+00
3.410089612007141113e+00
3.560669764876365662e+00
3.522915512323379517e+00
3.531118124723434448e+00
3.653315126895904541e+00
3.478035211563110352e+00
3.483665063977241516e+00
3.514661684632301331e+00
3.489026919007301331e+00
3.431379139423370361e+00
3.554023012518882751e+00
3.571962758898735046e+00
3.411648288369178772e+00
3.581654295325279236e+00
3.517543628811836243e+00
3.538040012121200562e+00
3.543505683541297913e+00
3.568935260176658630e+00
3.567283898591995239e+00
3.590952217578887939e+00
3.606954112648963928e+00
3.614602133631706238e+00
3.482344508171081543e+00
3.516251280903816223e+00
3.643659502267837524e+00
3.602963134646415710e+00
3.459179356694221497e+00
3.525491431355476379e+00
3.674104556441307068e+00
3.592239275574684143e+00
3.590016841888427734e+00
3.388751640915870667e+00
3.552368313074111938e+00
3.430706322193145752e+00
3.573980942368507385e+00
3.489794492721557617e+00
3.456564322113990784e+00
3.386301711201667786e+00
3.421316936612129211e+00
3.414368391036987305e+00
3.660229131579399109e+00
3.550737932324409485e+00
3.619070112705230713e+00
3.511253103613853455e+00
3.675011947751045227e+00
3.582453995943069458e+00
3.575487673282623291e+00
3.592288002371788025e+00
3.498200342059135437e+00
3.464460179209709167e+00
3.435394793748855591e+00
3.328375667333602905e+00
3.331611558794975281e+00
3.486565068364143372e+00
3.417978733777999878e+00
3.552883267402648926e+00
3.546757191419601440e+00
3.383703187108039856e+00
3.623601257801055908e+00
3.427797377109527588e+00
3.284497663378715515e+00
3.438160240650177002e+00
3.398722127079963684e+00
3.491869747638702393e+00
3.379942521452903748e+00
3.174728900194168091e+00
3.363877743482589722e+00
3.329525917768478394e+00
3.413516148924827576e+00
3.308519974350929260e+00
3.459902629256248474e+00
3.355436384677886963e+00
3.448332890868186951e+00
3.377360329031944275e+00
3.414942339062690735e+00
3.407208934426307678e+00
3.443559870123863220e+00
3.417118519544601440e+00
3.460401207208633423e+00
3.448814123868942261e+00
3.478236213326454163e+00
3.413065224885940552e+00
3.546644032001495361e+00
3.253288701176643372e+00
3.386361226439476013e+00
3.394134551286697388e+00
3.307307735085487366e+00
3.377014920115470886e+00
3.381273716688156128e+00
3.337230056524276733e+00
3.418989166617393494e+00
3.285114079713821411e+00
3.394234105944633484e+00
3.331649675965309143e+00
3.405893892049789429e+00
3.404420733451843262e+00
3.323722243309020996e+00
3.513704881072044373e+00
3.332987830042839050e+00
3.455113232135772705e+00
3.415799632668495178e+00
3.398058786988258362e+00
3.393415451049804688e+00
3.339886382222175598e+00
3.364780411124229431e+00
3.348293542861938477e+00
3.544401779770851135e+00
3.279391348361968994e+00
3.306384593248367310e+00
3.235990494489669800e+00
3.409955799579620361e+00
3.481435179710388184e+00
3.386641025543212891e+00
3.432432740926742554e+00
3.322237104177474976e+00
3.390996560454368591e+00
3.460822194814682007e+00
3.488534227013587952e+00
3.480111643671989441e+00
3.432155147194862366e+00
3.377166956663131714e+00
3.359434813261032104e+00
3.248103320598602295e+00
3.370587185025215149e+00
3.380686387419700623e+00
3.341377750039100647e+00
3.400757133960723877e+00
3.277646839618682861e+00
3.219925805926322937e+00
3.131783291697502136e+00
3.396011024713516235e+00
3.299962475895881653e+00
3.227564692497253418e+00
3.396297231316566467e+00
3.228376582264900208e+00
3.445226699113845825e+00
3.195458024740219116e+00
3.252742916345596313e+00
3.406005665659904480e+00
3.376512616872787476e+00
3.308008626103401184e+00
3.398619353771209717e+00
3.430830374360084534e+00
3.369794055819511414e+00
3.266974240541458130e+00
3.238280296325683594e+00
3.377152264118194580e+00
3.279301360249519348e+00
3.407078161835670471e+00
3.262317985296249390e+00
3.174285322427749634e+00
3.283265098929405212e+00
3.209755912423133850e+00
3.209003746509552002e+00
3.333342045545578003e+00
3.275687724351882935e+00
3.172957062721252441e+00
3.267352566123008728e+00
3.164469331502914429e+00
3.227912679314613342e+00
3.202345073223114014e+00
3.127944514155387878e+00
3.242835327982902527e+00
3.179699420928955078e+00
3.348385259509086609e+00
3.137448832392692566e+00
3.427364602684974670e+00
3.370996281504631042e+00
3.384986504912376404e+00
3.360094770789146423e+00
3.247093245387077332e+00
3.094550892710685730e+00
3.207697331905364990e+00
3.367017552256584167e+00
3.122510209679603577e+00
3.327691003680229187e+00
3.331122085452079773e+00
3.355568349361419678e+00
3.121489301323890686e+00
3.284333124756813049e+00
3.357192933559417725e+00
3.293006509542465210e+00
3.245497569441795349e+00
3.283144995570182800e+00
3.205965027213096619e+00
3.283332183957099915e+00
3.242743283510208130e+00
3.302354231476783752e+00
3.224964067339897156e+00
3.155028969049453735e+00
3.155329242348670959e+00
3.261448115110397339e+00
3.179035037755966187e+00
3.281496837735176086e+00
3.373435437679290771e+00
3.281988367438316345e+00
3.312144204974174500e+00
3.253676593303680420e+00
3.212220177054405212e+00
3.160858750343322754e+00
3.292804449796676636e+00
3.200457304716110229e+00
3.328270271420478821e+00
3.291199550032615662e+00
3.277762427926063538e+00
3.245377406477928162e+00
3.188941255211830139e+00
3.355369299650192261e+00
3.329115927219390869e+00
3.313382938504219055e+00
3.135078147053718567e+00
3.245592713356018066e+00
3.269995689392089844e+00
3.245474338531494141e+00
3.124485105276107788e+00
3.053466483950614929e+00
3.240863114595413208e+00
3.289522945880889893e+00
3.268769353628158569e+00
3.312029302120208740e+00
3.459353938698768616e+00
3.249650612473487854e+00
3.311772271990776062e+00
3.145571008324623108e+00
3.199407368898391724e+00
3.212457597255706787e+00
3.286330357193946838e+00
3.145542353391647339e+00
3.042250931262969971e+00
3.171034276485443115e+00
3.074338704347610474e+00
3.000675767660140991e+00
3.150060966610908508e+00
3.134902223944664001e+00
3.151144936680793762e+00
3.147248506546020508e+00
3.168793052434921265e+00
3.198274388909339905e+00
2.980460986495018005e+00
3.028547957539558411e+00
3.108601629734039307e+00
3.095813050866127014e+00
2.986030593514442444e+00
3.100958362221717834e+00
3.044201895594596863e+00
3.288304388523101807e+00
3.148693785071372986e+00
3.161998867988586426e+00
3.183544829487800598e+00
3.270272940397262573e+00
3.234600290656089783e+00
3.315830096602439880e+00
3.237482294440269470e+00
3.321507975459098816e+00
3.252652600407600403e+00
3.284800842404365540e+00
3.319213137030601501e+00
3.323423609137535095e+00
3.374382615089416504e+00
3.325085356831550598e+00
3.170474767684936523e+00
3.192620456218719482e+00
3.208457842469215393e+00
3.265374347567558289e+00
3.409132421016693115e+00
3.263457238674163818e+00
3.355445921421051025e+00
3.172355979681015015e+00
3.282505765557289124e+00
3.195425271987915039e+00
3.187141850590705872e+00
3.097586229443550110e+00
3.044256210327148438e+00
3.048894226551055908e+00
3.184672161936759949e+00
3.257080107927322388e+00
3.178851321339607239e+00
3.213025897741317749e+00
3.214584022760391235e+00
3.292446717619895935e+00
3.338434189558029175e+00
3.366970017552375793e+00
3.327117040753364563e+00
3.353337049484252930e+00
3.347944393754005432e+00
3.318673312664031982e+00
3.231437385082244873e+00
3.242740437388420105e+00
3.341240987181663513e+00
3.328504517674446106e+00
3.203394562005996704e+00
3.174244344234466553e+00
3.231386184692382812e+00
3.290626347064971924e+00
3.163209781050682068e+00
3.255688995122909546e+00
3.165980473160743713e+00
3.281162098050117493e+00
3.231309160590171814e+00
3.288826376199722290e+00
3.164828598499298096e+00
3.212832704186439514e+00
3.080360323190689087e+00
3.158697307109832764e+00
3.233728826045989990e+00
2.930434092879295349e+00
3.196684896945953369e+00
3.133697941899299622e+00
3.295128032565116882e+00
3.235501930117607117e+00
3.222196117043495178e+00
3.022220656275749207e+00
3.085486263036727905e+00
3.203007057309150696e+00
3.337481275200843811e+00
3.183879762887954712e+00
3.314063906669616699e+00
3.277760401368141174e+00
3.077165544033050537e+00
3.179740652441978455e+00
3.278915360569953918e+00
3.139487206935882568e+00
3.248288556933403015e+00
3.089230895042419434e+00
3.248174533247947693e+00
3.168761998414993286e+00
3.149939760565757751e+00
3.204659208655357361e+00
3.304763898253440857e+00
3.079735040664672852e+00
3.186690703034400940e+00
3.219801828265190125e+00
3.242912352085113525e+00
3.280005544424057007e+00
3.265056788921356201e+00
3.302365064620971680e+00
3.200363680720329285e+00
3.170772016048431396e+00
3.284364834427833557e+00
3.171174332499504089e+00
3.177387490868568420e+00
3.175897121429443359e+00
3.312466204166412354e+00
3.264324590563774109e+00
3.026738509535789490e+00
3.113047018647193909e+00
3.098739281296730042e+00
3.170545831322669983e+00
3.191017568111419678e+00
3.187592417001724243e+00
3.171494930982589722e+00
3.099618628621101379e+00
3.083273485302925110e+00
3.112251311540603638e+00
3.103834941983222961e+00
3.215218499302864075e+00
3.194480210542678833e+00
3.207160621881484985e+00
3.156368538737297058e+00
3.183330237865447998e+00
3.209842294454574585e+00
3.246194168925285339e+00
3.148995041847229004e+00
3.250153034925460815e+00
3.215319186449050903e+00
3.150560975074768066e+00
3.096316009759902954e+00
3.180523425340652466e+00
3.330120712518692017e+00
3.196915745735168457e+00
3.235816165804862976e+00
3.144864112138748169e+00
3.239538758993148804e+00
3.228677183389663696e+00
3.272232264280319214e+00
3.276377841830253601e+00
3.196679681539535522e+00
3.266307875514030457e+00
3.420105144381523132e+00
3.209498971700668335e+00
3.338856831192970276e+00
3.296059340238571167e+00
3.348807916045188904e+00
3.177823215723037720e+00
3.383831635117530823e+00
3.284148260951042175e+00
3.095077425241470337e+00
3.291717275977134705e+00
3.249345123767852783e+00
3.176790684461593628e+00
3.267657503485679626e+00
3.041483029723167419e+00
3.051801219582557678e+00
3.139379009604454041e+00
3.127939000725746155e+00
2.996334105730056763e+00
3.159384623169898987e+00
3.175794079899787903e+00
3.341216057538986206e+00
3.273512810468673706e+00
3.156030252575874329e+00
3.300200760364532471e+00
3.279490143060684204e+00
3.205005541443824768e+00
3.084160760045051575e+00
3.354467853903770447e+00
3.322837874293327332e+00
3.258177265524864197e+00
3.192641109228134155e+00
3.183582350611686707e+00
3.178219929337501526e+00
3.136920183897018433e+00
3.252502501010894775e+00
3.215369567275047302e+00
3.146659225225448608e+00
3.184080690145492554e+00
3.145061492919921875e+00
3.050051525235176086e+00
3.050497397780418396e+00
3.240611478686332703e+00
3.132958099246025085e+00
3.282392501831054688e+00
3.135937243700027466e+00
3.334849402308464050e+00
3.169436231255531311e+00
3.208770766854286194e+00
3.334404587745666504e+00
3.199541687965393066e+00
3.247151643037796021e+00
3.254691183567047119e+00
3.287988215684890747e+00
3.321903020143508911e+00
3.271591678261756897e+00
3.312865093350410461e+00
3.225646823644638062e+00
3.297919929027557373e+00
3.255275249481201172e+00
3.321711033582687378e+00
3.341748684644699097e+00
3.353249087929725647e+00
3.355696097016334534e+00
3.439401596784591675e+00
3.322728365659713745e+00
3.373772367835044861e+00
3.387617424130439758e+00
3.407093599438667297e+00
3.400959581136703491e+00
3.338366776704788208e+00
3.268113136291503906e+00
3.332044497132301331e+00
3.319126307964324951e+00
3.420998856425285339e+00
3.427996963262557983e+00
3.364629253745079041e+00
3.383911564946174622e+00
3.451960012316703796e+00
3.319328755140304565e+00
3.330946624279022217e+00
3.292876988649368286e+00
3.413915619254112244e+00
3.307834520936012268e+00
3.370098665356636047e+00
3.366522446274757385e+00
3.353435948491096497e+00
3.302037388086318970e+00
3.293207839131355286e+00
3.365020379424095154e+00
3.321420922875404358e+00
3.249017477035522461e+00
3.280565783381462097e+00
