5.000000000000000409e-06
1.000000000000000082e-05
1.500000000000000038e-05
2.000000000000000164e-05
2.500000000000000120e-05
3.000000000000000076e-05
3.500000000000000371e-05
4.000000000000000327e-05
4.499999999999999606e-05
5.000000000000000240e-05
5.500000000000000196e-05
6.000000000000000152e-05
6.500000000000000786e-05
7.000000000000000742e-05
7.499999999999999343e-05
8.000000000000000654e-05
8.500000000000000611e-05
8.999999999999999212e-05
9.500000000000000523e-05
1.000000000000000048e-04
1.050000000000000044e-04
1.100000000000000039e-04
1.150000000000000035e-04
1.200000000000000030e-04
1.250000000000000026e-04
1.300000000000000157e-04
1.350000000000000017e-04
1.400000000000000148e-04
1.450000000000000009e-04
1.499999999999999869e-04
1.550000000000000000e-04
1.600000000000000131e-04
1.649999999999999991e-04
1.700000000000000122e-04
1.749999999999999982e-04
1.799999999999999842e-04
1.849999999999999973e-04
1.900000000000000105e-04
1.950000000000000236e-04
2.000000000000000096e-04
2.049999999999999956e-04
2.100000000000000087e-04
2.149999999999999947e-04
2.200000000000000078e-04
2.250000000000000209e-04
2.300000000000000070e-04
2.349999999999999930e-04
2.400000000000000061e-04
2.449999999999999921e-04
2.500000000000000052e-04
2.497631578947368501e-04
2.495263157894736950e-04
2.492894736842105399e-04
2.490526315789473848e-04
2.488157894736842297e-04
2.485789473684210747e-04
2.483421052631579196e-04
2.481052631578947645e-04
2.478684210526315552e-04
2.476315789473684543e-04
2.473947368421052450e-04
2.471578947368420899e-04
2.469210526315789890e-04
2.466842105263157797e-04
2.464473684210526246e-04
2.462105263157894695e-04
2.459736842105263144e-04
2.457368421052631593e-04
2.455000000000000042e-04
2.452631578947368492e-04
2.450263157894736941e-04
2.447894736842105390e-04
2.445526315789473839e-04
2.443157894736842288e-04
2.440789473684210737e-04
2.438421052631578915e-04
2.436052631578947364e-04
2.433684210526315813e-04
2.431315789473684262e-04
2.428947368421052711e-04
2.426578947368421160e-04
2.424210526315789609e-04
2.421842105263157787e-04
2.419473684210526508e-04
2.417105263157894957e-04
2.414736842105263135e-04
2.412368421052631584e-04
2.410000000000000033e-04
2.407631578947368482e-04
2.405263157894736660e-04
2.402894736842105380e-04
2.400526315789473829e-04
2.398157894736842007e-04
2.395789473684210727e-04
2.393421052631578905e-04
2.391052631578947354e-04
2.388684210526316075e-04
2.386315789473684253e-04
2.383947368421052702e-04
2.381578947368420880e-04
2.379210526315789600e-04
2.376842105263157778e-04
2.374473684210526227e-04
2.372105263157894947e-04
2.369736842105263125e-04
2.367368421052631574e-04
2.365000000000000023e-04
2.362631578947368472e-04
2.360263157894736921e-04
2.357894736842105370e-04
2.355526315789473820e-04
2.353157894736841998e-04
2.350789473684210718e-04
2.348421052631579167e-04
2.346052631578947345e-04
2.343684210526315794e-04
2.341315789473684243e-04
2.338947368421052692e-04
2.336578947368421141e-04
2.334210526315789590e-04
2.331842105263158039e-04
2.329473684210526217e-04
2.327105263157894937e-04
2.324736842105263115e-04
2.322368421052631565e-04
2.320000000000000014e-04
2.317631578947368463e-04
2.315263157894736912e-04
2.312894736842105090e-04
2.310526315789473810e-04
2.308157894736841988e-04
2.305789473684210437e-04
2.303421052631579157e-04
2.301052631578947335e-04
2.298684210526315784e-04
2.296315789473684233e-04
2.293947368421052682e-04
2.291578947368421131e-04
2.289210526315789581e-04
2.286842105263158030e-04
2.284473684210526208e-04
2.282105263157894928e-04
2.279736842105263377e-04
2.277368421052631555e-04
2.275000000000000004e-04
2.272631578947368453e-04
2.270263157894736902e-04
2.267894736842105351e-04
2.265526315789473800e-04
2.263157894736842249e-04
2.260789473684210427e-04
2.258421052631579148e-04
2.256052631578947326e-04
2.253684210526315775e-04
2.251315789473684495e-04
2.248947368421052673e-04
2.246578947368421122e-04
2.244210526315789300e-04
2.241842105263158020e-04
2.239473684210526198e-04
2.237105263157894647e-04
2.234736842105263367e-04
2.232368421052631545e-04
2.229999999999999994e-04
2.227631578947368443e-04
2.225263157894736893e-04
2.222894736842105342e-04
2.220526315789473791e-04
2.218157894736842240e-04
2.215789473684210418e-04
2.213421052631578867e-04
2.211052631578947587e-04
2.208684210526315765e-04
2.206315789473684214e-04
2.203947368421052663e-04
2.201578947368421112e-04
2.199210526315789290e-04
2.196842105263158010e-04
2.194473684210526460e-04
2.192105263157894638e-04
2.189736842105263358e-04
2.187368421052631807e-04
2.184999999999999985e-04
2.182631578947368434e-04
2.180263157894736883e-04
2.177894736842105332e-04
2.175526315789473510e-04
2.173157894736842230e-04
2.170789473684210408e-04
2.168421052631578857e-04
2.166052631578947577e-04
2.163684210526315755e-04
2.161315789473684205e-04
2.158947368421052654e-04
2.156578947368421103e-04
2.154210526315789552e-04
2.151842105263158001e-04
2.149473684210526450e-04
2.147105263157894628e-04
2.144736842105263077e-04
2.142368421052631797e-04
2.139999999999999975e-04
2.137631578947368424e-04
2.135263157894736873e-04
2.132894736842105322e-04
2.130526315789473771e-04
2.128157894736842221e-04
2.125789473684210399e-04
2.123421052631578848e-04
2.121052631578947568e-04
2.118684210526316017e-04
2.116315789473684195e-04
2.113947368421052373e-04
2.111578947368421093e-04
2.109210526315789542e-04
2.106842105263157720e-04
2.104473684210526440e-04
2.102105263157894618e-04
2.099736842105263067e-04
2.097368421052631788e-04
2.094999999999999966e-04
2.092631578947368415e-04
2.090263157894736864e-04
2.087894736842105313e-04
2.085526315789473762e-04
2.083157894736842211e-04
2.080789473684210660e-04
2.078421052631578838e-04
2.076052631578947287e-04
2.073684210526316007e-04
2.071315789473684185e-04
2.068947368421052634e-04
2.066578947368421083e-04
2.064210526315789533e-04
2.061842105263157982e-04
2.059473684210526431e-04
2.057105263157894609e-04
2.054736842105263058e-04
2.052368421052631778e-04
2.049999999999999956e-04
2.047631578947368405e-04
2.045263157894736583e-04
2.042894736842105303e-04
2.040526315789473752e-04
2.038157894736841930e-04
2.035789473684210650e-04
2.033421052631578828e-04
2.031052631578947278e-04
2.028684210526315998e-04
2.026315789473684176e-04
2.023947368421052625e-04
2.021578947368421074e-04
2.019210526315789523e-04
2.016842105263157972e-04
2.014473684210526421e-04
2.012105263157894870e-04
2.009736842105263048e-04
2.007368421052631497e-04
2.005000000000000217e-04
2.002631578947368395e-04
2.000263157894736573e-04
1.997894736842105294e-04
1.995526315789473743e-04
1.993157894736842192e-04
1.990789473684210641e-04
1.988421052631579090e-04
1.986052631578947268e-04
1.983684210526315988e-04
1.981315789473684166e-04
1.978947368421052615e-04
1.976578947368421064e-04
1.974210526315789513e-04
1.971842105263157962e-04
1.969473684210526411e-04
1.967105263157894861e-04
1.964736842105263039e-04
1.962368421052631488e-04
1.960000000000000208e-04
1.957631578947368386e-04
1.955263157894736835e-04
1.952894736842105284e-04
1.950526315789473733e-04
1.948157894736842182e-04
1.945789473684210631e-04
1.943421052631579080e-04
1.941052631578947258e-04
1.938684210526315707e-04
1.936315789473684156e-04
1.933947368421052606e-04
1.931578947368421055e-04
1.929210526315789504e-04
1.926842105263157953e-04
1.924473684210526402e-04
1.922105263157894851e-04
1.919736842105263029e-04
1.917368421052631478e-04
1.915000000000000198e-04
1.912631578947368647e-04
1.910263157894736825e-04
1.907894736842105274e-04
1.905526315789473723e-04
1.903157894736842172e-04
1.900789473684210351e-04
1.898421052631579071e-04
1.896052631578947249e-04
1.893684210526315698e-04
1.891315789473684418e-04
1.888947368421052867e-04
1.886578947368421045e-04
1.884210526315789494e-04
1.881842105263157943e-04
1.879473684210526392e-04
1.877105263157894570e-04
1.874736842105263290e-04
1.872368421052631468e-04
1.869999999999999917e-04
1.867631578947368638e-04
1.865263157894736816e-04
1.862894736842104994e-04
1.860526315789473714e-04
1.858157894736842163e-04
1.855789473684210612e-04
1.853421052631579061e-04
1.851052631578947239e-04
1.848684210526315688e-04
1.846315789473684408e-04
1.843947368421052857e-04
1.841578947368421035e-04
1.839210526315789213e-04
1.836842105263157934e-04
1.834473684210526383e-04
1.832105263157894561e-04
1.829736842105263281e-04
1.827368421052631459e-04
1.824999999999999908e-04
1.822631578947368628e-04
1.820263157894737077e-04
1.817894736842104984e-04
1.815526315789473704e-04
1.813157894736842153e-04
1.810789473684210602e-04
1.808421052631579322e-04
1.806052631578947501e-04
1.803684210526315679e-04
1.801315789473684128e-04
1.798947368421052848e-04
1.796578947368421026e-04
1.794210526315789204e-04
1.791842105263157924e-04
1.789473684210526373e-04
1.787105263157894822e-04
1.784736842105263271e-04
1.782368421052631449e-04
1.779999999999999898e-04
1.777631578947368618e-04
1.775263157894737067e-04
1.772894736842105246e-04
1.770526315789473695e-04
1.768157894736842144e-04
1.765789473684210593e-04
1.763421052631579042e-04
1.761052631578947491e-04
1.758684210526315669e-04
1.756315789473684118e-04
1.753947368421052838e-04
1.751578947368421016e-04
1.749210526315789194e-04
1.746842105263157914e-04
1.744473684210526363e-04
1.742105263157894812e-04
1.739736842105263262e-04
1.737368421052631711e-04
1.734999999999999889e-04
1.732631578947368338e-04
1.730263157894737058e-04
1.727894736842105236e-04
1.725526315789473685e-04
1.723157894736842134e-04
1.720789473684210583e-04
1.718421052631579032e-04
1.716052631578947481e-04
1.713684210526315659e-04
1.711315789473684108e-04
1.708947368421052829e-04
1.706578947368421278e-04
1.704210526315789456e-04
1.701842105263157634e-04
1.699473684210526354e-04
1.697105263157894803e-04
1.694736842105263252e-04
1.692368421052631701e-04
1.689999999999999879e-04
1.687631578947368328e-04
1.685263157894737048e-04
1.682894736842105226e-04
1.680526315789473675e-04
1.678157894736842124e-04
1.675789473684210574e-04
1.673421052631579023e-04
1.671052631578947472e-04
1.668684210526315650e-04
1.666315789473684099e-04
1.663947368421052548e-04
1.661578947368421268e-04
1.659210526315789446e-04
1.656842105263157895e-04
1.654473684210526344e-04
1.652105263157894793e-04
1.649736842105263242e-04
1.647368421052631691e-04
1.644999999999999869e-04
1.642631578947368319e-04
1.640263157894736768e-04
1.637894736842105488e-04
1.635526315789473666e-04
1.633157894736841844e-04
1.630789473684210564e-04
1.628421052631579013e-04
1.626052631578947462e-04
1.623684210526315911e-04
1.621315789473684089e-04
1.618947368421052538e-04
1.616578947368421258e-04
1.614210526315789436e-04
1.611842105263157885e-04
1.609473684210526335e-04
1.607105263157894784e-04
1.604736842105263233e-04
1.602368421052631682e-04
1.599999999999999860e-04
1.597631578947368309e-04
1.595263157894736758e-04
1.592894736842105478e-04
1.590526315789473656e-04
1.588157894736842105e-04
1.585789473684210554e-04
1.583421052631579003e-04
1.581052631578947452e-04
1.578684210526315902e-04
1.576315789473684080e-04
1.573947368421052529e-04
1.571578947368420978e-04
1.569210526315789698e-04
1.566842105263157876e-04
1.564473684210526054e-04
1.562105263157894774e-04
1.559736842105263223e-04
1.557368421052631672e-04
1.555000000000000121e-04
1.552631578947368299e-04
1.550263157894736748e-04
1.547894736842105469e-04
1.545526315789473647e-04
1.543157894736842096e-04
1.540789473684210274e-04
1.538421052631578994e-04
1.536052631578947443e-04
1.533684210526315621e-04
1.531315789473684070e-04
1.528947368421052519e-04
1.526578947368420968e-04
1.524210526315789688e-04
1.521842105263158137e-04
1.519473684210526315e-04
1.517105263157894764e-04
1.514736842105263214e-04
1.512368421052631663e-04
1.510000000000000112e-04
1.507631578947368290e-04
1.505263157894736739e-04
1.502894736842105188e-04
1.500526315789473637e-04
1.498157894736842086e-04
1.495789473684210264e-04
1.493421052631578984e-04
1.491052631578947433e-04
1.488684210526315882e-04
1.486315789473684331e-04
1.483947368421052509e-04
1.481578947368420959e-04
1.479210526315789679e-04
1.476842105263158128e-04
1.474473684210526306e-04
1.472105263157894484e-04
1.469736842105263204e-04
1.467368421052631653e-04
1.464999999999999831e-04
1.462631578947368280e-04
1.460263157894736729e-04
1.457894736842105178e-04
1.455526315789473898e-04
1.453157894736842347e-04
1.450789473684210525e-04
1.448421052631578975e-04
1.446052631578947424e-04
1.443684210526315873e-04
1.441315789473684322e-04
1.438947368421052771e-04
1.436578947368420949e-04
1.434210526315789398e-04
1.431842105263158118e-04
1.429473684210526296e-04
1.427105263157894474e-04
1.424736842105263194e-04
1.422368421052631643e-04
1.420000000000000092e-04
1.417631578947368542e-04
1.415263157894736720e-04
1.412894736842105169e-04
1.410526315789473889e-04
1.408157894736842338e-04
1.405789473684210516e-04
1.403421052631578694e-04
1.401052631578947414e-04
1.398684210526315863e-04
1.396315789473684041e-04
1.393947368421052761e-04
1.391578947368420939e-04
1.389210526315789388e-04
1.386842105263158108e-04
1.384473684210526558e-04
1.382105263157894465e-04
1.379736842105263185e-04
1.377368421052631634e-04
1.375000000000000083e-04
1.372631578947367990e-04
1.370263157894736981e-04
1.367894736842105159e-04
1.365526315789473608e-04
1.363157894736842328e-04
1.360789473684210777e-04
1.358421052631578684e-04
1.356052631578947404e-04
1.353684210526315853e-04
1.351315789473684032e-04
1.348947368421052752e-04
1.346578947368420930e-04
1.344210526315789379e-04
1.341842105263158099e-04
1.339473684210526277e-04
1.337105263157894726e-04
1.334736842105262904e-04
1.332368421052631624e-04
1.330000000000000073e-04
1.327631578947368522e-04
1.325263157894736971e-04
1.322894736842105149e-04
1.320526315789473598e-04
1.318157894736842319e-04
1.315789473684210768e-04
1.313421052631578675e-04
1.311052631578947395e-04
1.308684210526315844e-04
1.306315789473684022e-04
1.303947368421052471e-04
1.301578947368420920e-04
1.299210526315789369e-04
1.296842105263157818e-04
1.294473684210526538e-04
1.292105263157894716e-04
1.289736842105262894e-04
1.287368421052631615e-04
1.285000000000000064e-04
1.282631578947368513e-04
1.280263157894736962e-04
1.277894736842105411e-04
1.275526315789473589e-04
1.273157894736842309e-04
1.270789473684210758e-04
1.268421052631578665e-04
1.266052631578947114e-04
1.263684210526315834e-04
1.261315789473684283e-04
1.258947368421052461e-04
1.256578947368420910e-04
1.254210526315789360e-04
1.251842105263157809e-04
1.249473684210526529e-04
1.247105263157894707e-04
1.244736842105263156e-04
1.242368421052631605e-04
1.239999999999999783e-04
1.237631578947368503e-04
1.235263157894736681e-04
1.232894736842105401e-04
1.230526315789473579e-04
1.228157894736842028e-04
1.225789473684210477e-04
1.223421052631578927e-04
1.221052631578947376e-04
1.218684210526315689e-04
1.216315789473684274e-04
1.213947368421052587e-04
1.211578947368421036e-04
1.209210526315789350e-04
1.206842105263157799e-04
1.204473684210526384e-04
1.202105263157894697e-04
1.199736842105263146e-04
1.197368421052631460e-04
