2.599924415349960327e+00
1.868519157171249390e+00
1.838234849274158478e+00
1.750710785388946533e+00
1.683117099106311798e+00
1.603727608919143677e+00
1.533895537257194519e+00
1.341442354023456573e+00
1.304322391748428345e+00
1.044819291681051254e+00
8.870532885193824768e-01
1.180905066430568695e+00
1.033257074654102325e+00
5.482436548918485641e-01
7.939100638031959534e-01
6.040482409298419952e-01
5.311905015259981155e-01
3.770790901035070419e-01
3.411688609048724174e-01
3.195796376094222069e-01
3.329421067610383034e-01
3.012017691507935524e-01
2.213607449084520340e-01
1.577768269926309586e-01
1.484573129564523697e-01
2.167562851682305336e-01
2.115353532135486603e-01
2.206112314015626907e-01
1.364291748031973839e-01
1.137190549634397030e-01
1.229915237054228783e-01
1.177400364540517330e-01
1.011831723153591156e-01
1.184242703020572662e-01
1.759947435930371284e-01
8.324543014168739319e-02
9.203021880239248276e-02
1.577645414508879185e-01
6.850814213976264000e-02
1.099375379271805286e-01
1.282202675938606262e-01
8.312056306749582291e-02
6.103501236066222191e-02
7.118209823966026306e-02
2.970053115859627724e-02
2.779851481318473816e-02
3.559338673949241638e-02
1.041358802467584610e-02
4.695823043584823608e-02
3.910200204700231552e-02
-2.698249556124210358e-02
-2.798396255820989609e-02
-3.036312060430645943e-02
-5.697113135829567909e-02
2.069612639024853706e-02
-8.881519548594951630e-03
-4.709284286946058273e-03
-2.630788693204522133e-02
-9.677882678806781769e-02
-3.909343807026743889e-02
-4.508041637018322945e-02
-2.828680118545889854e-02
-2.059632726013660431e-02
-4.005725076422095299e-02
-1.010596584528684616e-01
-6.015567667782306671e-02
-9.710828866809606552e-02
-5.399727355688810349e-02
-1.068645166233181953e-01
-1.103550367988646030e-01
-7.427701028063893318e-02
-6.660319259390234947e-02
-1.010525659658014774e-01
-1.115838899277150631e-01
-9.057463053613901138e-02
-7.466244138777256012e-02
-1.268004262819886208e-01
-6.175963860005140305e-02
-1.083619324490427971e-01
-1.078335996717214584e-01
-1.159784682095050812e-01
-1.004192261025309563e-01
-9.713067160919308662e-02
-1.207943893969058990e-01
-9.160916134715080261e-02
-1.050440859980881214e-01
-5.689848354086279869e-02
-8.170118927955627441e-02
-4.736518859863281250e-02
-3.079787129536271095e-02
-4.542561853304505348e-02
-9.388368483632802963e-02
-1.201283615082502365e-01
-5.526232160627841949e-02
-7.387436041608452797e-02
-1.197968404740095139e-01
-8.278832351788878441e-02
-1.097736288793385029e-01
-9.845423139631748199e-02
-1.092308731749653816e-01
-1.005868739448487759e-01
-1.085833455435931683e-01
-1.025275788269937038e-01
-1.122961058281362057e-01
-1.223473525606095791e-01
-1.281261662952601910e-01
-1.221480611711740494e-01
-1.066854093223810196e-01
-1.288155051879584789e-01
-1.506403097882866859e-01
-1.340344147756695747e-01
-1.462671263143420219e-01
-1.169172399677336216e-01
-1.321193245239555836e-01
-1.055127643048763275e-01
-1.174107082188129425e-01
-1.190849416889250278e-01
-1.033683293499052525e-01
-9.262436488643288612e-02
-1.389265456236898899e-01
-1.043594270013272762e-01
-1.038089944049715996e-01
-1.066921353340148926e-01
-1.113060093484818935e-01
-1.179613689891993999e-01
-1.302054212428629398e-01
-1.343243494629859924e-01
-1.180806965567171574e-01
-1.077827224507927895e-01
-1.099508590996265411e-01
-1.391277844086289406e-01
-1.138152824714779854e-01
-1.406751759350299835e-01
-1.251193801872432232e-01
-1.047546784393489361e-01
-1.207635272294282913e-01
-1.184693742543458939e-01
-1.190348686650395393e-01
-1.261698827147483826e-01
-1.285394509322941303e-01
-1.194263831712305546e-01
-1.280557271093130112e-01
-1.323680155910551548e-01
-1.305780317634344101e-01
-1.365374256856739521e-01
-2.348676696419715881e-02
-1.354647381231188774e-01
-1.338870553299784660e-01
-1.205524252727627754e-01
-1.320787663571536541e-01
-1.468896437436342239e-01
-1.287370235659182072e-01
-1.276338053867220879e-01
-1.164675666950643063e-01
-1.219152817502617836e-01
-1.237687426619231701e-01
-1.284522609785199165e-01
-1.218897430226206779e-01
-1.283428687602281570e-01
-1.296630925498902798e-01
-1.220722156576812267e-01
-1.385611346922814846e-01
-1.130935256369411945e-01
-1.314535792917013168e-01
-4.415099555626511574e-02
-1.319335862062871456e-01
-1.108712214045226574e-01
-1.496191406622529030e-01
-1.372437207028269768e-01
-1.196938138455152512e-01
-1.203797468915581703e-01
-1.198174231685698032e-01
-1.147201429121196270e-01
-1.279425360262393951e-01
-1.202205172739923000e-01
-1.164732063189148903e-01
-1.251908037811517715e-01
-1.220454638823866844e-01
-1.281374678947031498e-01
-1.216066968627274036e-01
-1.332912500947713852e-01
-1.304321466013789177e-01
-1.408048481680452824e-01
-1.223386013880372047e-01
-1.221347465179860592e-01
-1.192718804813921452e-01
-1.296152290888130665e-01
-1.223507840186357498e-01
-1.334426337853074074e-01
-1.195243597030639648e-01
-1.261563673615455627e-01
-1.344610247761011124e-01
-1.319908984005451202e-01
-1.406365120783448219e-01
-1.361054256558418274e-01
-1.319637368433177471e-01
-1.275090910494327545e-01
-1.336584100499749184e-01
-1.323310844600200653e-01
-1.176341576501727104e-01
-1.303537269122898579e-01
-1.312144589610397816e-01
-1.255279099568724632e-01
-1.187780895270407200e-01
-1.373936212621629238e-01
-1.380333406850695610e-01
-1.414196635596454144e-01
-1.391185126267373562e-01
-1.340436935424804688e-01
-1.310717207379639149e-01
-1.356471767649054527e-01
-1.111990753561258316e-01
-1.356922001577913761e-01
-1.093071419745683670e-01
-1.142506953328847885e-01
-1.304227220825850964e-01
-1.358112297020852566e-01
-1.283938288688659668e-01
-1.328287054784595966e-01
-1.423958973027765751e-01
-1.348192100413143635e-01
-1.398274358361959457e-01
-1.392825823277235031e-01
-1.395957148633897305e-01
-1.418296303600072861e-01
-1.358893094584345818e-01
-1.395807946100831032e-01
-1.413655066862702370e-01
-1.443824954330921173e-01
-1.437099375762045383e-01
-1.389008639380335808e-01
-1.338347075507044792e-01
-1.362681142054498196e-01
-1.430976456031203270e-01
-1.311151348054409027e-01
-1.264234092086553574e-01
-1.453613350167870522e-01
-1.190681699663400650e-01
-1.374113978818058968e-01
-1.477743685245513916e-01
-1.376359723508358002e-01
-1.334583852440118790e-01
-1.471719834953546524e-01
-1.442700237967073917e-01
-1.423966498114168644e-01
-1.280690082348883152e-01
-1.421673232689499855e-01
-1.409103469923138618e-01
-1.446860716678202152e-01
-1.365912212058901787e-01
-1.313690654933452606e-01
-1.354783745482563972e-01
-1.133115077391266823e-01
-1.393709820695221424e-01
-1.416384056210517883e-01
-1.402271762490272522e-01
-1.372113469988107681e-01
-1.440872512757778168e-01
-1.380448220297694206e-01
-1.231129090301692486e-01
-1.415927838534116745e-01
-1.256000003777444363e-01
-1.359526766464114189e-01
-1.332799219526350498e-01
-1.345459413714706898e-01
-1.390573200769722462e-01
-1.411253567785024643e-01
-1.422723140567541122e-01
-1.381338774226605892e-01
-1.289775460027158260e-01
-1.377054187469184399e-01
-1.432904610410332680e-01
-1.378264902159571648e-01
-1.396855856291949749e-01
-1.461876807734370232e-01
-1.403460688889026642e-01
-1.343479901552200317e-01
-1.382061382755637169e-01
-1.440422534942626953e-01
-1.284130918793380260e-01
-1.354172825813293457e-01
-1.273423209786415100e-01
-1.227238574065268040e-01
-1.300098286010324955e-01
-1.314361295662820339e-01
-1.285681310109794140e-01
-1.266845827922224998e-01
-1.271231877617537975e-01
-1.346028051339089870e-01
-1.336136125028133392e-01
-1.409556786529719830e-01
-1.329070660285651684e-01
-1.332106697373092175e-01
-1.316287317313253880e-01
-1.357840830460190773e-01
-1.357436110265552998e-01
-1.335453693754971027e-01
-1.303115268237888813e-01
-1.330307973548769951e-01
-1.292965188622474670e-01
-1.391482995823025703e-01
-1.387245804071426392e-01
-1.281695361249148846e-01
-1.288697975687682629e-01
-1.348359081894159317e-01
-1.436189138330519199e-01
-1.366591416299343109e-01
-1.315773203969001770e-01
-1.382955741137266159e-01
-1.281351316720247269e-01
-1.348267714492976665e-01
-1.307477634400129318e-01
-1.332266987301409245e-01
-1.322036609053611755e-01
-1.327395495027303696e-01
-1.340165752917528152e-01
-1.354950144886970520e-01
-1.414251886308193207e-01
-1.329059512354433537e-01
-1.373807108029723167e-01
-1.311985836364328861e-01
-1.339272633194923401e-01
-1.319090006873011589e-01
-1.382510187104344368e-01
-1.424593050032854080e-01
-1.417470951564610004e-01
-1.339439344592392445e-01
-1.376132816076278687e-01
-1.324367262423038483e-01
-1.280865301378071308e-01
-1.398207922466099262e-01
-1.265565352514386177e-01
-1.364731355570256710e-01
-1.308588190004229546e-01
-1.405969816260039806e-01
-1.361268912442028522e-01
-1.348845195025205612e-01
-1.340492377057671547e-01
-1.429722029715776443e-01
-1.417373400181531906e-01
-1.367455720901489258e-01
-1.316129714250564575e-01
-1.248395978473126888e-01
-1.254365043714642525e-01
-1.344660753384232521e-01
-1.383447046391665936e-01
-1.377644911408424377e-01
-1.373413456603884697e-01
-1.031622658483684063e-01
-1.427019322291016579e-01
-1.437038769945502281e-01
-1.364181176759302616e-01
-1.323844902217388153e-01
-1.435599452815949917e-01
-1.326429150067269802e-01
-1.369140916503965855e-01
-1.372185172513127327e-01
-1.252313419245183468e-01
-1.265040915459394455e-01
-1.355569134466350079e-01
-1.218896615318953991e-01
-1.324510970152914524e-01
-1.372074340470135212e-01
-1.373639744706451893e-01
-1.352586038410663605e-01
-1.330009344965219498e-01
-1.332154907286167145e-01
-1.285593481734395027e-01
-1.250939415767788887e-01
-1.340776616707444191e-01
-1.318159825168550014e-01
-1.318756146356463432e-01
-1.277664303779602051e-01
-1.267463923431932926e-01
-1.159436721354722977e-01
-1.280022347345948219e-01
-1.246484266594052315e-01
-1.293908893130719662e-01
-1.319320616312325001e-01
-1.363450703211128712e-01
-1.333803539164364338e-01
-1.356588313356041908e-01
-1.361315231770277023e-01
-1.425956175662577152e-01
-1.242081420496106148e-01
-1.393575239926576614e-01
-1.383471009321510792e-01
-1.383563610725104809e-01
-1.400242988020181656e-01
-1.407508044503629208e-01
-1.269818339496850967e-01
-1.278245896100997925e-01
-1.285411338321864605e-01
-1.380256372503936291e-01
-1.386737814173102379e-01
-1.350144245661795139e-01
-1.286720396019518375e-01
-1.346197971142828465e-01
-1.292440216057002544e-01
-1.223289854824542999e-01
-1.251572761684656143e-01
-1.249534874223172665e-01
-1.177387814968824387e-01
-1.279138326644897461e-01
-1.205067983828485012e-01
-1.369194784201681614e-01
-1.348820761777460575e-01
-1.365012535825371742e-01
-1.343683907762169838e-01
-1.328944945707917213e-01
-1.341783273965120316e-01
-1.373442742042243481e-01
-1.456273589283227921e-01
-1.411216994747519493e-01
-1.420945334248244762e-01
-1.370634539052844048e-01
-1.284866947680711746e-01
-1.385626886039972305e-01
-1.447803415358066559e-01
-1.358231082558631897e-01
-1.386883291415870190e-01
-1.282242615707218647e-01
-1.395498467609286308e-01
-1.383853252045810223e-01
-1.335287000983953476e-01
-1.415366446599364281e-01
-1.381663023494184017e-01
-1.394614037126302719e-01
-1.357182641513645649e-01
-1.327975485473871231e-01
-1.351637071929872036e-01
-1.320904335007071495e-01
-1.229072953574359417e-01
-1.328983353450894356e-01
-1.248946092091500759e-01
-1.223507151007652283e-01
-1.366347181610763073e-01
-1.201115939766168594e-01
-1.359722046181559563e-01
-1.368268192745745182e-01
-1.190991383045911789e-01
-1.199958790093660355e-01
-1.304965168237686157e-01
-1.352568310685455799e-01
-1.344716469757258892e-01
-1.331208399496972561e-01
-1.404625494033098221e-01
-1.365575785748660564e-01
-1.270220391452312469e-01
-1.353263417258858681e-01
-1.403505057096481323e-01
-1.375408694148063660e-01
-1.387945446185767651e-01
-1.292848065495491028e-01
-1.445734705775976181e-01
-1.384384892880916595e-01
-1.344166370108723640e-01
-1.422453951090574265e-01
-1.367200915701687336e-01
-1.074271672405302525e-01
-1.350979222916066647e-01
-1.383999357931315899e-01
-1.369658014737069607e-01
-1.372234271839261055e-01
-1.418788153678178787e-01
-1.427707481198012829e-01
-1.410552812740206718e-01
-1.365525471046566963e-01
-1.413038242608308792e-01
-1.424736874178051949e-01
-1.333920471370220184e-01
-1.319400523789227009e-01
-1.318355514667928219e-01
-1.415488990023732185e-01
-1.252160673029720783e-01
-1.297983154654502869e-01
-1.397229987196624279e-01
-1.368544511497020721e-01
-1.374255288392305374e-01
-1.389383855275809765e-01
-1.370862061157822609e-01
-1.391452616080641747e-01
-1.286387089639902115e-01
-1.405524481087923050e-01
-1.387020559050142765e-01
-1.433600513264536858e-01
-1.443990357220172882e-01
-1.377079854719340801e-01
-1.392623903229832649e-01
-1.420511165633797646e-01
-1.355379791930317879e-01
-1.391072687692940235e-01
-1.387991989031434059e-01
-1.340112281031906605e-01
-1.293329903855919838e-01
-1.354969721287488937e-01
-1.327940891496837139e-01
-1.397149236872792244e-01
-1.399063663557171822e-01
-1.360457665286958218e-01
-1.365169151686131954e-01
-1.299722148105502129e-01
-1.370309772901237011e-01
-1.328968922607600689e-01
-1.363146933726966381e-01
-1.245534541085362434e-01
-1.355208409950137138e-01
-1.348043307662010193e-01
-1.449234802275896072e-01
-1.411842531524598598e-01
-1.341999052092432976e-01
-1.348185436800122261e-01
-1.170103386975824833e-01
-1.301261610351502895e-01
-1.363161392509937286e-01
-1.363577363081276417e-01
-1.179893799126148224e-01
-1.326239602640271187e-01
-1.331142801791429520e-01
-1.315089864656329155e-01
-1.287175416946411133e-01
-1.340024517849087715e-01
-1.336934249848127365e-01
-1.317183268256485462e-01
-1.310004331171512604e-01
-1.292421277612447739e-01
-1.339864791370928288e-01
-1.300351778045296669e-01
-1.436983877792954445e-01
-1.389815057627856731e-01
-1.321468586102128029e-01
-1.427974281832575798e-01
-1.382583994418382645e-01
-1.379203377291560173e-01
-1.305486047640442848e-01
-1.456485576927661896e-01
-1.402734401635825634e-01
-1.384781775996088982e-01
-1.400863090530037880e-01
-1.340142870321869850e-01
-1.326587842777371407e-01
-1.219497383572161198e-01
-1.203960673883557320e-01
-1.315950760617852211e-01
-8.797819586470723152e-02
-1.348354183137416840e-01
-1.384206544607877731e-01
-1.296953689306974411e-01
-1.259064995683729649e-01
-1.321415700949728489e-01
-1.375782215036451817e-01
-1.311891609802842140e-01
-1.405951399356126785e-01
-1.467783460393548012e-01
-1.359147122129797935e-01
-1.398256202228367329e-01
-1.376326419413089752e-01
-1.386410505510866642e-01
-1.376948705874383450e-01
-1.414053812623023987e-01
-1.390503030270338058e-01
-1.421610922552645206e-01
-8.236826397478580475e-02
-1.447400748729705811e-01
-1.427821125835180283e-01
-1.468105344101786613e-01
-1.409263825044035912e-01
-1.419647745788097382e-01
-1.406569867394864559e-01
-1.436989577487111092e-01
-1.249485090374946594e-01
-1.453348547220230103e-01
-1.372980326414108276e-01
-1.384535240940749645e-01
-1.391168395057320595e-01
-1.324757565744221210e-01
-1.475601904094219208e-01
-1.438613040372729301e-01
-1.296796412207186222e-01
-1.359408874996006489e-01
-1.395968231372535229e-01
-1.421350990422070026e-01
-1.496815783903002739e-01
-1.387531822547316551e-01
-1.435456904582679272e-01
-1.465105130337178707e-01
-1.261867829598486423e-01
-1.382268085144460201e-01
-1.227716077119112015e-01
-1.389364870265126228e-01
-1.343969381414353848e-01
-1.328201554715633392e-01
-1.361567648127675056e-01
-1.403870349749922752e-01
-1.457469668239355087e-01
-1.196246924810111523e-01
-1.415303265675902367e-01
-1.348385363817214966e-01
-1.325325421057641506e-01
-1.407470600679516792e-01
