-8.214456046694351699e-03
-1.194276887872547377e-05
-1.362999436807399434e-03
-2.549780365058040843e-03
-3.517223302788252681e-03
-1.954367446984406342e-03
-2.263415463687579177e-03
-4.494412517672685681e-03
-7.372678737098681268e-03
-6.684541551841505225e-03
-9.048371198147719952e-03
-1.030677844101290930e-02
-9.895378454164216464e-03
-4.448999287689048288e-03
-7.640903083370176319e-03
-8.548193679601467920e-03
-6.833514903348714142e-03
-9.998785173991109332e-03
-9.899871120438774597e-03
-8.141644144330939525e-03
-7.063116838594396540e-03
-7.614788639919822799e-03
-6.082494158192730538e-03
-5.723506227809593838e-03
-8.063179515716001333e-03
-1.741715403113630600e-03
-7.676629515856348007e-03
-7.037813816808125011e-03
-7.111966702893823822e-03
-7.296870542631950229e-03
-4.780378207556168491e-03
-4.641359492268293252e-03
-5.493384785587807073e-03
-8.243153365413036227e-03
-2.883279105304836776e-03
-6.480732182168935651e-03
-8.109282789916960610e-03
-5.110998815496259340e-03
-7.202478402177803218e-03
-6.593503327906091727e-03
-1.033657030791346187e-02
-4.937848278501633104e-03
-6.966631110117305070e-03
-4.977095142407961248e-03
-6.387270394043298438e-03
-4.630515645601462893e-03
-7.138680078071502066e-03
-3.897064630649538231e-03
-3.630284133983252559e-03
-8.391292718897602754e-03
-8.223568549425408492e-03
-6.229876559515901135e-03
-6.961087498524420880e-03
-1.040087264573230641e-02
-6.171296382603941311e-03
-7.895026094786317117e-03
-6.277853272337097223e-03
-4.735323974443872430e-03
-8.845843086220384066e-03
-1.216228387638551567e-02
-8.611904476140352926e-03
-7.426659567862259337e-03
-9.271360267320005732e-03
-9.730234575556551135e-03
-5.785179042135268901e-03
-6.413179594531470684e-03
-8.653409192561412056e-03
-7.365695235783675798e-03
-8.277498783911596547e-03
-8.039464156908593395e-03
-6.547919613154817853e-03
-1.335672213190264301e-02
-1.239994929281351688e-02
-1.032757173481968493e-02
-9.688334907970386212e-03
-9.736960084410384297e-03
-1.023242746960306704e-02
-1.156879108748398721e-02
-1.206759568702864271e-02
-1.269571637877220383e-02
-1.247255329218432962e-02
-1.101650182647517795e-02
-1.462387097999595653e-02
-1.279682069143728285e-02
-8.313081718370085582e-03
-9.505327924856032951e-03
-6.042263969789019029e-03
-6.908412340266067986e-03
-9.030218608685913750e-03
-8.344770889380015433e-03
-8.679162052793287785e-03
-8.394245751730977645e-03
-1.103422722076174978e-02
-8.612364676480410708e-03
-1.021483491120989129e-02
-1.059469097817711258e-02
-7.930482990900600271e-03
-9.811079065729089166e-03
-6.971591924951781039e-03
-1.081334526170962818e-02
-4.392862590606227968e-03
-1.062587480410570606e-02
-9.923663991514786176e-03
-8.692830661573225370e-03
-1.342833106758689610e-02
-1.198862675812506495e-02
-1.136062318838071405e-02
-8.597207138905105239e-03
-9.357666363939642906e-03
-1.140801293951199114e-02
-1.034990816717140660e-02
-1.507077872952322650e-02
-1.049430320126631955e-02
-1.325397321932086925e-02
-9.576507251750854266e-03
-1.124276268313906257e-02
-9.701743160235309915e-03
-9.973558010827332510e-03
-1.080581433780025691e-02
-1.229558686316067906e-02
-9.435846216774734785e-03
-1.033124087695114213e-02
-1.251855251615552334e-02
-8.507347440900758784e-03
-1.246721658026217483e-02
-1.016613268438959494e-02
-1.083373014043331750e-02
-1.130556220380185550e-02
-6.000485159162849413e-03
-1.282144882799229890e-02
-1.089637558325762257e-02
-1.335153378749964759e-02
-1.138059042858685643e-02
-1.355816106516272157e-02
-7.985416133294620522e-03
-8.560513579880080215e-03
-7.814389883435524098e-03
-9.407363313925998227e-03
-1.284206837920010003e-02
-1.119104140671112191e-02
-1.207781144621833391e-02
-1.098897253469033330e-02
-9.043642382309258210e-03
-1.008352558128677856e-02
-8.437019845587201416e-03
-1.265127656881759322e-02
-1.039090000267606229e-02
-1.306506189615674884e-02
-1.057610578864398576e-02
-1.039808154490629022e-02
-1.239516390634776144e-02
-1.267066508844649775e-02
-1.170399507122965588e-02
-1.048665250857538922e-02
-1.097937700978945941e-02
-1.311832233477616683e-02
-9.943019336787983775e-03
-9.930385377117545431e-03
-1.336565462554517580e-02
-1.246833234253585942e-02
-8.798778727943101785e-03
-1.346869334956934949e-02
-1.098746849243070756e-02
-9.437494748254948718e-03
-6.345737159790587611e-03
-1.208326943306303747e-02
-1.004616280715708854e-02
-1.278636926292620046e-02
-7.771914852469308244e-03
-1.517604736022803991e-02
-9.395381921763146238e-03
-1.192917914994495732e-02
-9.725717267428990453e-03
-1.432849018019055620e-02
-1.047101966543095841e-02
-1.290572697325842455e-02
-1.050409354356673930e-02
-1.124913792295956227e-02
-8.786281036734067129e-03
-7.794327893137165120e-03
-4.736880102427676320e-03
-8.352068348926877661e-03
-8.170699740730924532e-03
-9.445155220419110265e-03
-7.953970486411776619e-03
-1.164433262016473236e-02
-1.053542196171974865e-02
-8.963074430539563764e-03
-8.356405758263463213e-03
-9.148712651153800834e-03
-1.041237676106732124e-02
-9.036362706680733936e-03
-9.779169765465667297e-03
-1.135573798092082143e-02
-6.541930311499299933e-03
-5.667835570079660101e-03
-9.413381974269441343e-03
-1.044323485548370734e-02
-1.172090117178470337e-02
-8.830148664117132284e-03
-8.201527106564299174e-03
-1.188310649595081259e-02
-8.491171832474719849e-03
-7.143110183818635051e-03
-1.081857052631107763e-02
-9.945807021011887628e-03
-1.352739671779090713e-02
-8.882403319830700639e-03
-8.333042919900890411e-03
-6.360646145907367099e-03
-7.161991728935390711e-03
-5.051717709250169719e-03
-9.541539369450902086e-03
-1.204659727955004200e-02
-7.474948422213856247e-03
-1.093669120311346887e-02
-7.281619895366020501e-03
-8.671452307311255936e-03
-8.343744667968167050e-03
-9.355384539219357976e-03
-1.013934974909602715e-02
-9.935214430157657262e-03
-1.094313418070669286e-02
-7.649070472723451530e-03
-1.027945199166424572e-02
-8.994479836815116869e-03
-1.006148831439190872e-02
-9.373837648325888949e-03
-1.057027855277681283e-02
-8.688470176281271051e-03
-7.311691223009120222e-03
-8.377020494663156569e-03
-8.908701104516580926e-03
-1.058186550108075608e-02
-9.874536972745318053e-03
-1.094509307876023740e-02
-9.480190264753218798e-03
-1.391390616552712345e-02
-1.179900122502886006e-02
-1.352754194813421407e-02
-1.156108689366419640e-02
-1.047545835606911169e-02
-1.271621668483646772e-02
-1.066207594411139326e-02
-1.014258312352467328e-02
-1.491826391719541789e-02
-1.147181171310762693e-02
-1.135829158665657701e-02
-1.097363871446077610e-02
-9.251583441141519870e-03
-7.200496272702139322e-03
-9.861889306932880572e-03
-1.277128809087457739e-02
-9.136513779964161586e-03
-6.050011140189326397e-03
-8.803302046715089091e-03
-8.206184167647734284e-03
-1.210254853941705733e-02
-8.627482646261341870e-03
-9.555028816464528063e-03
-1.245745529158170939e-02
-9.165715156996157020e-03
-1.008235128392698243e-02
-8.197288362140398021e-03
-9.972583995931927348e-03
-1.113843072162090664e-02
-1.270271059911465272e-02
-1.101386283414740319e-02
-1.030617018398061191e-02
-1.225414977523087146e-02
-1.034781691123498604e-02
-5.940021821515983902e-03
-1.019476636139415859e-02
-8.278256468472022789e-03
-9.232876961334568477e-03
-1.030348096958277893e-02
-8.285673527325343457e-03
-9.096082148573714221e-03
-1.041896613276094286e-02
-9.732751629371705349e-03
-9.181661369439098053e-03
-8.434208952621702338e-03
-1.060783897555950261e-02
-7.881880797498297397e-03
-4.719424782535952545e-03
-7.937374392355422970e-03
-1.125488225369508655e-02
-8.237165294858073139e-03
-8.271812042266901699e-03
-1.037891481172437125e-02
-9.911450080096528836e-03
-7.317882742768233584e-03
-9.945655876094861014e-03
-9.508598122920375317e-03
-1.216123053961837286e-02
-7.764179182572661375e-03
-8.332278726449260375e-03
-1.164098315203432321e-02
-8.087214921232543929e-03
-8.593547334044160380e-03
-9.901045019432785921e-03
-8.375381475332233094e-03
-1.055062878072021704e-02
-9.525955709989375464e-03
-1.047644023049087991e-02
-9.325705497303715674e-03
-6.390951957996549027e-03
-6.581161583085304301e-03
-9.717288822862713005e-03
-1.132548918687348305e-02
-1.011819066769703568e-02
-8.754816526334252558e-03
-9.557565535942558199e-03
-8.094842199369622904e-03
-9.106081697609624825e-03
-1.042060832264724013e-02
-9.219586196564932834e-03
-8.595290912495556768e-03
-7.024279009783640504e-03
-8.190200869194086408e-03
-7.463842341167037375e-03
-7.209592457911639940e-03
-1.041444016891546198e-02
-8.279641186959452170e-03
-6.044458966073307238e-03
-8.356678798804750841e-03
-7.119090476749079244e-03
-9.324137202554538817e-03
-8.394115304668048338e-03
-7.790801906935485022e-03
-9.303858064242831460e-03
-9.001379794881358976e-03
-6.821940635518330964e-03
-9.616927830222721241e-03
-1.085559125056079210e-02
-8.525292165757036855e-03
-1.227062349857988011e-02
-1.062289719702391722e-02
-1.174160920345457271e-02
-1.077176505495458514e-02
-6.595575561391342490e-03
-5.226458003015466147e-03
-7.168381291556613633e-03
-9.783775212753198502e-03
-1.064422323759117717e-02
-1.371189382331294837e-02
-9.229352228317111440e-03
-1.046116061331758829e-02
-7.798797026055126480e-03
-1.134399539442654259e-02
-8.019993022031712826e-03
-9.168781423056771018e-03
-5.392950734659507361e-03
-1.161053663486200094e-02
-9.963493377824761410e-03
-8.478867344138052431e-03
-6.858845279225533886e-03
-2.006129783694632351e-03
-6.035578472079805579e-03
-6.681686863885261118e-03
-8.354422038962638908e-03
-6.304459863031297573e-03
-5.895218165093751850e-03
-1.029283520657031659e-02
-7.699423685892270441e-03
-7.700576912611722946e-03
-6.280792817392466532e-03
-4.705220027062750887e-03
-4.394925443875763449e-03
-1.118512687469319644e-02
-1.076005196370033445e-02
-9.401818818162155367e-03
-3.647386049948408981e-03
-5.086421073087876721e-03
-3.796966359345788078e-03
-8.900480228589913168e-03
-6.369214459823524521e-03
-7.914104548490286106e-03
-9.653345831623028062e-03
-9.483475224897119915e-03
-7.907542694056246546e-03
-6.282572046757195494e-03
-1.158869894462100092e-02
-1.292611912504071370e-02
-8.522832732751339790e-03
-1.256098776502767578e-02
-6.668488409928841065e-03
-8.497797965532072340e-03
-1.080243086690302334e-02
-1.122739401182570873e-02
-9.298714259671214677e-04
-9.361521084770174639e-03
-9.108209887244811398e-03
-8.454332451947266236e-03
-1.090233783469329865e-02
-7.719741685150438570e-03
-8.839123901282164297e-03
-9.504376660288471612e-03
-8.041049822168133687e-03
-8.880229563374086865e-03
-8.035944426978858246e-03
-6.220623730030183651e-03
3.132468341163985315e-03
-9.091717666024123901e-03
-9.940890403527191665e-03
-1.088968597616712941e-02
-7.576858847414769116e-03
-8.949470003926762729e-03
-9.392980980834408911e-03
-9.807796109498667647e-03
-1.013547667679404185e-02
-1.143956091823383758e-02
-1.110849116012957438e-02
-1.066306104222292106e-02
-1.047554576652487413e-02
-7.688164038086142682e-03
-1.007365903797108331e-02
-9.904392951648688381e-03
-8.860251426767717930e-03
-1.244992961273982957e-02
-1.249212698894552886e-02
-6.258612278543296270e-03
-8.912259865610394627e-03
-6.846370807039647843e-03
-7.604249584233002679e-03
-1.062231418475789724e-02
-9.081961318225140189e-03
-9.391779197926553024e-03
-6.637424441578332335e-03
-7.953619459215133247e-03
-6.435144222649569201e-03
-7.399196774350969008e-03
-5.718620048583034077e-03
-8.223876103784277802e-03
-9.390579304749735456e-03
-8.495907804899616167e-03
-8.844958026429594611e-03
-6.713081342240911908e-03
-8.828506448480766267e-03
-8.928170310468885873e-03
-9.595780368499617907e-03
-6.983140440581792063e-03
-9.911232808462955290e-03
-9.694678477529805605e-03
-1.118866953183328405e-02
-1.059203442528655614e-02
-9.782849999467657653e-03
-7.449409746186574921e-03
-5.115479877019879495e-03
-9.900462324736736264e-03
-9.148428418825460540e-03
-8.171523092812549294e-03
-8.197610266506671906e-03
-4.916598738077482267e-03
-7.983568141199270940e-03
-5.238581300716305122e-03
-8.633931076474254951e-03
-9.163718305444490397e-03
-8.827353429040840638e-03
-3.514204724524461199e-03
-8.534758710425194295e-03
-8.410940002136158000e-03
-6.668223436975040386e-03
-8.673203872604062781e-03
-9.118903100727493438e-03
-1.144519083645612056e-02
-1.036618077927187187e-02
-8.979359545662646269e-03
-8.290524920440134338e-03
-9.951405386530609576e-03
-5.732673239151608868e-03
-6.009146351416916332e-03
-9.945122431531672191e-03
-1.143301776900784716e-02
-7.887313738322632162e-03
-1.000555248182877222e-02
-1.019788236442309426e-02
-5.863352770546725878e-03
-7.709036691096571303e-03
-8.502598584172460505e-03
-8.630754222394898534e-03
-7.451684909256073297e-03
-2.333660230931400292e-03
-7.012802394285699847e-03
-6.455542900937416562e-03
-9.327458183179260232e-03
-1.046973289410857433e-02
-6.229713964785332792e-03
-1.137536022105223310e-02
-7.171210080741730053e-03
-9.650609742678284420e-03
-8.919087453961083156e-03
-9.610359856736749862e-03
-1.040725324401137186e-02
-8.453230443478787492e-03
-8.960673549154307693e-03
-8.641018866910599172e-03
-7.988893764490967442e-03
-8.741187210773659899e-03
-6.598317602765746415e-03
-1.123430068912512070e-02
-7.997643361250084126e-03
-9.996351043071172171e-03
-9.962479424558523533e-03
-9.782627273125399370e-03
-1.038359998565852038e-02
-7.580677571226601685e-03
-1.003211098895917530e-02
-9.879204680316888698e-03
-7.991249652263832104e-03
-7.130519314884509186e-03
-1.132143917351413620e-02
-9.921006594936443435e-03
-9.678578707109863899e-03
-1.115768837041741790e-02
-8.680767087867025111e-03
-8.353797671770468725e-03
-8.042559155732931231e-03
-9.052711311994698917e-03
-1.180290403283379419e-02
-9.591506436481544995e-03
-6.980948334330605576e-03
-8.863657086465082102e-03
-8.124052985664320659e-03
-8.597283835847235878e-03
-7.049395317153539509e-03
-9.954637874045602075e-03
-1.167753383637659681e-02
-9.854211660780265447e-03
-9.973304350921807782e-03
-8.150674842198668557e-03
-9.082194693121437012e-03
-8.667271336889825761e-03
-1.067249360348654363e-02
-7.043763992498952575e-03
-9.435104616215994611e-03
-1.079911382385034813e-02
-8.567069875425659120e-03
-1.109277973591815680e-02
-9.381599155290132330e-03
-8.453469999608387297e-03
-9.889443247175222496e-03
-5.649268616252811626e-03
-9.320360436618102540e-03
-9.285451976097647275e-03
-1.163181976008331731e-02
-1.032436742457321088e-02
-7.970812680980543519e-03
3.908385712065864936e-04
-8.144281586282886565e-03
-8.113876579500356456e-03
-8.414950824203515367e-03
-1.197426861182293578e-02
-9.241105209383704278e-03
-7.775991869834797399e-03
-8.293847923766861641e-03
-8.582855013742118899e-03
-7.408885237225604214e-03
-1.186307209135861740e-02
-7.922955411402199388e-03
-8.749868319142706241e-03
-8.455870532316112076e-03
-4.092287519767978665e-03
-1.004283057261545764e-02
-8.480274488817940437e-03
-9.959842450914635492e-03
-7.736620888294964971e-03
-8.959548064012778923e-03
-7.449598530371304150e-03
-9.477080209080668283e-03
-5.684561155078426964e-03
-1.002309166904069571e-02
-1.047873884380123854e-02
-9.823592008615378290e-03
-8.589328598873180454e-03
-9.413112848051241599e-03
-1.111514194633400621e-02
-1.011682374803513085e-02
-7.204990661534793617e-03
-9.697316025267355144e-03
-8.553104511520359665e-03
-1.092552406407776289e-02
-1.213998927266857208e-02
-9.594565839506685734e-03
-1.021896938473076943e-02
-9.337812833848602168e-03
-1.038124204933410510e-02
-1.048842471499256135e-02
-9.176774290153844049e-03
-1.134113161879213294e-02
-1.015758439604041996e-02
-1.093015353683313151e-02
-8.587527373130399155e-03
-9.525636606490195391e-03
-1.140921520418203272e-02
-8.073537648272122169e-03
-1.110472440052490128e-02
-6.967303733858898340e-03
-7.581511324673329000e-03
-9.910488308719322958e-03
