5.597335368394851685e+00
4.123043611645698547e+00
4.073566019535064697e+00
3.887622550129890442e+00
3.762135133147239685e+00
3.594645619392395020e+00
3.458078876137733459e+00
3.085197120904922485e+00
3.026908993721008301e+00
2.488068863749504089e+00
2.173722028732299805e+00
2.764536991715431213e+00
2.469369649887084961e+00
1.490302547812461853e+00
1.990035437047481537e+00
1.598668090999126434e+00
1.473512373864650726e+00
1.152383565902709961e+00
1.073602303862571716e+00
1.043131329119205475e+00
1.059953030198812485e+00
1.002635687589645386e+00
8.361732400953769684e-01
7.028941027820110321e-01
6.962199527770280838e-01
8.202304765582084656e-01
8.126937150955200195e-01
8.395677674561738968e-01
6.598354857414960861e-01
6.143986592069268227e-01
6.247149687260389328e-01
6.240205997601151466e-01
5.982110947370529175e-01
6.320061106234788895e-01
7.313278503715991974e-01
5.508751049637794495e-01
5.755713470280170441e-01
7.117237681522965431e-01
5.341607416048645973e-01
6.241564052179455757e-01
6.612865701317787170e-01
5.542199108749628067e-01
5.115643506869673729e-01
5.229929964989423752e-01
4.461519746109843254e-01
4.372868184000253677e-01
4.481679201126098633e-01
3.916833549737930298e-01
4.715842381119728088e-01
4.691301099956035614e-01
3.270776215940713882e-01
3.213194105774164200e-01
3.301828149706125259e-01
2.707596146501600742e-01
4.115099189803004265e-01
3.705278392881155014e-01
3.744073268026113510e-01
3.315238188952207565e-01
1.829508328810334206e-01
3.156379936262965202e-01
3.012501383200287819e-01
3.428861629217863083e-01
3.549160296097397804e-01
3.105193469673395157e-01
1.618686658330261707e-01
2.645604065619409084e-01
1.836930308490991592e-01
2.782706189900636673e-01
1.632579835131764412e-01
1.552997161634266376e-01
2.290677423588931561e-01
2.610071143135428429e-01
1.723249042406678200e-01
1.547151310369372368e-01
2.013625921681523323e-01
2.404051721096038818e-01
1.227999255061149597e-01
2.726138234138488770e-01
1.700290511362254620e-01
1.762810084037482738e-01
1.601218553259968758e-01
1.899600755423307419e-01
1.947246282361447811e-01
1.414484498091042042e-01
2.050782861188054085e-01
1.749667455442249775e-01
2.734342901967465878e-01
2.231953297741711140e-01
2.948165126144886017e-01
3.378142332658171654e-01
2.885838774964213371e-01
1.888378269504755735e-01
1.348016341216862202e-01
2.690457841381430626e-01
2.427143258973956108e-01
1.401424705982208252e-01
2.217227020300924778e-01
1.546759312041103840e-01
1.814961223863065243e-01
1.597660453990101814e-01
1.717821746133267879e-01
1.674603612627834082e-01
1.814686013385653496e-01
1.420334950089454651e-01
1.347632887773215771e-01
1.199465617537498474e-01
1.219464058522135019e-01
1.516281967051327229e-01
1.039115882012993097e-01
6.354609655681997538e-02
1.080949825700372458e-01
8.094749762676656246e-02
1.490595522336661816e-01
1.138630581554025412e-01
1.712968414649367332e-01
1.542002621572464705e-01
1.342460019513964653e-01
1.731455596163868904e-01
1.882947077974677086e-01
9.821348125115036964e-02
1.625008801929652691e-01
1.773686462547630072e-01
1.716782874427735806e-01
1.620742045342922211e-01
1.459811860695481300e-01
1.185276997275650501e-01
1.029834202490746975e-01
1.554381442256271839e-01
1.467372584156692028e-01
1.556051401421427727e-01
8.454614551737904549e-02
1.551394839771091938e-01
9.370238112751394510e-02
1.299893732648342848e-01
1.717929919250309467e-01
1.233975023496896029e-01
1.270565460436046124e-01
1.322111655026674271e-01
1.222470724023878574e-01
1.084410992916673422e-01
1.407051645219326019e-01
1.230627694167196751e-01
9.451608988456428051e-02
1.171764214523136616e-01
9.555354760959744453e-02
3.321330212056636810e-01
1.042028970550745726e-01
1.152495478745549917e-01
1.367757576517760754e-01
1.157338512130081654e-01
9.170646267011761665e-02
1.293275021016597748e-01
1.163748349063098431e-01
1.396633060649037361e-01
1.424941443838179111e-01
1.389954756014049053e-01
1.088994580786675215e-01
1.286304369568824768e-01
1.374560291878879070e-01
1.248344117775559425e-01
1.324548218399286270e-01
8.869028394110500813e-02
1.510247213300317526e-01
9.903846844099462032e-02
2.817875789478421211e-01
1.092788309324532747e-01
1.440063188783824444e-01
6.496463273651897907e-02
8.318808407057076693e-02
1.324013113044202328e-01
1.440541818737983704e-01
1.392973144538700581e-01
1.519181681796908379e-01
1.238972214050590992e-01
1.480022042524069548e-01
1.511104409582912922e-01
1.281753559596836567e-01
1.376361502334475517e-01
1.111176675185561180e-01
1.188212896231561899e-01
8.643074170686304569e-02
8.867741818539798260e-02
6.789286585990339518e-02
1.228696205653250217e-01
1.134363252203911543e-01
1.400332334451377392e-01
1.165161046665161848e-01
1.115949044469743967e-01
1.121876772958785295e-01
1.220284476876258850e-01
9.696178371086716652e-02
9.296670078765600920e-02
9.544876031577587128e-02
9.062543231993913651e-02
7.886726898141205311e-02
6.488109240308403969e-02
1.001963634043931961e-01
8.652225555852055550e-02
1.001312496373429894e-01
1.132439854554831982e-01
1.016858654329553246e-01
9.688093978911638260e-02
1.107598238158971071e-01
1.144660739228129387e-01
8.834413578733801842e-02
8.454583131242543459e-02
8.857146115042269230e-02
8.123963675461709499e-02
9.461881569586694241e-02
9.545926912687718868e-02
9.085325617343187332e-02
1.290118154138326645e-01
1.023630832787603140e-01
1.308077834546566010e-01
1.250846330076456070e-01
1.004413927439600229e-01
7.367155468091368675e-02
9.825674793682992458e-02
8.915745140984654427e-02
6.764198199380189180e-02
9.253920079208910465e-02
6.872697046492248774e-02
8.274451945908367634e-02
6.927168800029903650e-02
7.748903764877468348e-02
8.665242465212941170e-02
7.333361916244029999e-02
8.738715155050158501e-02
6.567434791941195726e-02
7.546838931739330292e-02
7.840162317734211683e-02
8.889051049482077360e-02
8.462272654287517071e-02
6.895708537194877863e-02
9.399684984236955643e-02
1.038727299310266972e-01
8.267789427191019058e-02
1.176306079141795635e-01
7.941367081366479397e-02
5.510539957322180271e-02
8.884582016617059708e-02
1.021776776760816574e-01
6.975257804151624441e-02
7.602737890556454659e-02
6.771558150649070740e-02
1.127981734462082386e-01
8.469119854271411896e-02
8.974930923432111740e-02
8.058629930019378662e-02
8.853624528273940086e-02
8.937956648878753185e-02
8.471051231026649475e-02
1.237298990599811077e-01
7.658979040570557117e-02
6.689185358118265867e-02
7.129003817681223154e-02
8.206539368256926537e-02
6.379528134129941463e-02
6.315789860673248768e-02
8.606256661005318165e-02
8.133045467548072338e-02
9.712768509052693844e-02
7.101581338793039322e-02
8.946445747278630733e-02
7.369095017202198505e-02
8.868488878943026066e-02
6.270051514729857445e-02
6.275739811826497316e-02
8.494515507481992245e-02
1.042044656351208687e-01
7.608566246926784515e-02
6.516105984337627888e-02
8.781959256157279015e-02
7.416475471109151840e-02
5.278781510423868895e-02
6.374286208301782608e-02
8.559059165418148041e-02
6.971003045327961445e-02
7.346124877221882343e-02
8.887111581861972809e-02
6.495729461312294006e-02
9.051028708927333355e-02
9.674355667084455490e-02
7.664448069408535957e-02
7.990080036688596010e-02
8.630726602859795094e-02
8.643631264567375183e-02
8.896321617066860199e-02
6.378495146054774523e-02
7.632187695708125830e-02
5.814605776686221361e-02
6.161609117407351732e-02
7.775351265445351601e-02
7.372967596165835857e-02
8.759283064864575863e-02
5.778602266218513250e-02
9.231028112117201090e-02
9.975854377262294292e-02
8.861149195581674576e-02
9.460354014299809933e-02
6.621482269838452339e-02
4.875669616740196943e-02
8.553192811086773872e-02
9.801408229395747185e-02
6.353208690416067839e-02
6.418268650304526091e-02
7.257583481259644032e-02
8.556452603079378605e-02
5.499236623290926218e-02
9.481403976678848267e-02
8.630214142613112926e-02
8.531476126518100500e-02
7.721149374265223742e-02
8.009686646983027458e-02
7.332956674508750439e-02
8.114127919543534517e-02
7.172348070889711380e-02
6.457563955336809158e-02
7.073306990787386894e-02
5.712188442703336477e-02
6.806344841606914997e-02
7.270948146469891071e-02
7.491438393481075764e-02
6.820692849578335881e-02
6.451385887339711189e-02
6.141800957266241312e-02
7.756473612971603870e-02
6.878936872817575932e-02
7.313680124934762716e-02
7.549442758318036795e-02
6.824658089317381382e-02
8.493542904034256935e-02
7.352463621646165848e-02
8.663617051206529140e-02
6.829346623271703720e-02
6.933455017860978842e-02
7.366634299978613853e-02
8.868425094988197088e-02
7.045041094534099102e-02
6.940714595839381218e-02
5.320782517082989216e-02
7.178625324741005898e-02
9.165714215487241745e-02
9.324198099784553051e-02
6.480481056496500969e-02
5.608103051781654358e-02
6.701603753026574850e-02
7.519193005282431841e-02
1.361500024795532227e-01
6.848706002347171307e-02
7.456762448418885469e-02
7.046639767941087484e-02
7.719414890743792057e-02
5.065828742226585746e-02
7.458189898170530796e-02
6.437531998381018639e-02
6.791369442362338305e-02
6.810381659306585789e-02
6.328807061072438955e-02
5.935298604890704155e-02
8.036339120008051395e-02
4.777431098045781255e-02
5.238167225616052747e-02
5.934794445056468248e-02
5.999613436870276928e-02
6.412414461374282837e-02
6.300990772433578968e-02
7.211918593384325504e-02
5.664807604625821114e-02
5.706973408814519644e-02
6.874831079039722681e-02
6.463371508289128542e-02
5.036497628316283226e-02
6.677589612081646919e-02
8.012678427621722221e-02
9.062692965380847454e-02
7.831095659639686346e-02
7.324632210657000542e-02
7.379705680068582296e-02
7.330411206930875778e-02
7.251441315747797489e-02
7.283049251418560743e-02
7.466258853673934937e-02
7.281181344296783209e-02
9.389464766718447208e-02
7.488700840622186661e-02
6.856409483589231968e-02
7.262524391990154982e-02
7.899452326819300652e-02
7.346172106917947531e-02
6.494356179609894753e-02
8.233591425232589245e-02
8.197993971407413483e-02
6.739483296405524015e-02
8.537036296911537647e-02
7.175636012107133865e-02
9.587877150624990463e-02
6.700476258993148804e-02
8.584463619627058506e-02
9.264501999132335186e-02
8.447152655571699142e-02
7.229290145915001631e-02
6.268312875181436539e-02
6.724519922863692045e-02
9.733541123569011688e-02
7.364842668175697327e-02
6.327470450196415186e-02
6.619902967941015959e-02
7.150758709758520126e-02
8.307128108572214842e-02
8.575772447511553764e-02
8.488757652230560780e-02
6.367396819405257702e-02
7.441643520724028349e-02
7.155646407045423985e-02
7.311676023527979851e-02
8.631767355836927891e-02
6.695745629258453846e-02
6.228392221964895725e-02
8.610409987159073353e-02
6.794705265201628208e-02
7.349313306622207165e-02
6.186344986781477928e-02
6.598473037593066692e-02
6.447208102326840162e-02
6.374023691751062870e-02
5.842937168199568987e-02
6.797696743160486221e-02
6.496924639213830233e-02
7.919478137046098709e-02
5.902574385982006788e-02
7.190080010332167149e-02
7.365868845954537392e-02
6.652081711217761040e-02
9.236482437700033188e-02
6.533380364999175072e-02
6.408897601068019867e-02
8.657277678139507771e-02
7.522540795616805553e-02
6.775290123187005520e-02
1.032129044178873301e-01
7.619659253396093845e-02
6.737807241734117270e-02
6.917640008032321930e-02
8.718217397108674049e-02
7.333036791533231735e-02
7.004700065590441227e-02
6.955970637500286102e-02
6.390344444662332535e-02
6.712231028359383345e-02
6.548738619312644005e-02
5.521002924069762230e-02
6.363500165753066540e-02
6.018668203614652157e-02
5.163765605539083481e-02
5.047639925032854080e-02
6.342857028357684612e-02
5.430257483385503292e-02
7.469092018436640501e-02
1.001475832890719175e-01
6.554275250528007746e-02
6.200219120364636183e-02
6.369608454406261444e-02
7.090010913088917732e-02
6.098585948348045349e-02
6.758539378643035889e-02
5.865817854646593332e-02
6.193083687685430050e-02
6.240988173522055149e-02
5.207287252414971590e-02
6.242001068312674761e-02
6.572790979407727718e-02
8.746576425619423389e-02
6.620069837663322687e-02
6.801634770818054676e-02
7.171918527456000447e-02
5.082370236050337553e-02
5.507239431608468294e-02
5.966877192258834839e-02
5.788767104968428612e-02
6.023858732078224421e-02
4.657471308019012213e-02
5.571725859772413969e-02
4.414584307232871652e-02
4.589047306217253208e-02
5.345667293295264244e-02
5.158941785339266062e-02
5.775953293778002262e-02
5.986279924400150776e-02
4.857322189491242170e-02
6.920948857441544533e-02
6.424305727705359459e-02
5.652182956691831350e-02
7.780735916458070278e-02
7.977240788750350475e-02
6.198350654449313879e-02
6.132546812295913696e-02
5.460028338711708784e-02
7.068172201979905367e-02
6.079668295569717884e-02
7.301639486104249954e-02
7.053727097809314728e-02
6.988463376183062792e-02
7.699889387004077435e-02
7.415909809060394764e-02
9.929807856678962708e-02
6.378764507826417685e-02
7.708635041490197182e-02
7.192197174299508333e-02
5.456390231847763062e-02
7.974691875278949738e-02
8.261173381470143795e-02
1.207021370064467192e-01
7.688715832773596048e-02
8.806626987643539906e-02
7.306089275516569614e-02
9.023657860234379768e-02
8.000892074778676033e-02
7.681137835606932640e-02
7.826690492220222950e-02
8.851368934847414494e-02
5.010530829895287752e-02
5.552059947513043880e-02
6.674935761839151382e-02
6.798760476522147655e-02
5.524794443044811487e-02
6.787478423211723566e-02
8.086412004195153713e-02
6.643325858749449253e-02
6.933487881906330585e-02
6.761066010221838951e-02
6.258961767889559269e-02
6.876676878891885281e-02
6.600487441755831242e-02
6.140639213845133781e-02
6.301988416817039251e-02
7.333513838239014149e-02
6.599551555700600147e-02
6.127705995459109545e-02
6.909285986330360174e-02
6.941136904060840607e-02
8.957143896259367466e-02
9.575665649026632309e-02
7.698753173463046551e-02
1.572804376482963562e-01
7.200087350793182850e-02
5.831358418799936771e-02
6.155604356899857521e-02
5.245507194194942713e-02
7.606657431460916996e-02
5.436712055234238505e-02
8.269083849154412746e-02
5.635197879746556282e-02
5.841046245768666267e-02
6.066619278863072395e-02
5.781354627106338739e-02
7.534089102409780025e-02
5.748984392266720533e-02
7.305156951770186424e-02
5.850427073892205954e-02
6.819795630872249603e-02
6.477986567188054323e-02
1.706072231754660606e-01
6.189203169196844101e-02
5.396101297810673714e-02
5.609061045106500387e-02
5.914801394101232290e-02
6.616064673289656639e-02
6.776009534951299429e-02
6.688115873839706182e-02
9.704172285273671150e-02
7.331663917284458876e-02
7.863425393588840961e-02
8.011738071218132973e-02
7.770672440528869629e-02
9.458407433703541756e-02
6.720586819574236870e-02
6.634772359393537045e-02
8.186201890930533409e-02
8.071730588562786579e-02
6.982519989833235741e-02
7.968074595555663109e-02
6.771651934832334518e-02
7.814570027403533459e-02
7.173772412352263927e-02
7.085060758981853724e-02
1.003217957913875580e-01
7.761789788492023945e-02
1.020980349276214838e-01
8.620085916481912136e-02
8.230474859010428190e-02
9.322986751794815063e-02
8.151377714239060879e-02
7.362080807797610760e-02
6.152823544107377529e-02
1.062184779439121485e-01
7.565083424560725689e-02
7.639963075052946806e-02
7.499969447962939739e-02
6.638344377279281616e-02
