 1.00000000e+08  1.89767048e-02 
 1.02330354e+08  1.90375280e-02 
 1.04715014e+08  1.90879813e-02 
 1.07155245e+08  1.91262394e-02 
 1.09652342e+08  1.91503436e-02 
 1.12207630e+08  1.91582230e-02 
 1.14822466e+08  1.91477247e-02 
 1.17498236e+08  1.91166555e-02 
 1.20236362e+08  1.90628346e-02 
 1.23038295e+08  1.89841572e-02 
 1.25905523e+08  1.88786681e-02 
 1.28839568e+08  1.87446425e-02 
 1.31841987e+08  1.85806709e-02 
 1.34914372e+08  1.83857419e-02 
 1.38058355e+08  1.81593183e-02 
 1.41275604e+08  1.79013991e-02 
 1.44567827e+08  1.76125624e-02 
 1.47936769e+08  1.72939830e-02 
 1.51384220e+08  1.69474233e-02 
 1.54912009e+08  1.65751947e-02 
 1.58522008e+08  1.61800937e-02 
 1.62216133e+08  1.57653148e-02 
 1.65996343e+08  1.53343490e-02 
 1.69864646e+08  1.48908729e-02 
 1.73823095e+08  1.44386383e-02 
 1.77873789e+08  1.39813669e-02 
 1.82018879e+08  1.35226587e-02 
 1.86260564e+08  1.30659146e-02 
 1.90601095e+08  1.26142779e-02 
 1.95042776e+08  1.21705938e-02 
 1.99587964e+08  1.17373855e-02 
 2.04239071e+08  1.13168468e-02 
 2.08998565e+08  1.09108469e-02 
 2.13868972e+08  1.05209481e-02 
 2.18852877e+08  1.01484343e-02 
 2.23952925e+08  9.79435435e-03 
 2.29171822e+08  9.45958807e-03 
 2.34512337e+08  9.14495674e-03 
 2.39977306e+08  8.85143010e-03 
 2.45569627e+08  8.58055829e-03 
 2.51292270e+08  8.33547119e-03 
 2.57148271e+08  8.12344888e-03 
 2.63140737e+08  7.96341317e-03 
 2.69272848e+08  7.91158269e-03 
 2.75547860e+08  8.17094815e-03 
 2.81969102e+08  9.72248254e-03 
 2.88539981e+08  1.86695396e-02 
 2.95263985e+08  1.68067377e-02 
 3.02144683e+08  1.08945115e-02 
 3.09185725e+08  9.22974163e-03 
 3.16390848e+08  8.60975961e-03 
 3.23763876e+08  8.55525319e-03 
 3.31308722e+08  9.80478274e-03 
 3.39029389e+08  1.68559040e-02 
 3.46929975e+08  1.23411088e-02 
 3.55014673e+08  9.66238523e-03 
 3.63287773e+08  8.85989358e-03 
 3.71753666e+08  8.54358230e-03 
 3.80416844e+08  8.41562184e-03 
 3.89281904e+08  8.38819264e-03 
 3.98353552e+08  8.43376395e-03 
 4.07636602e+08  8.56759272e-03 
 4.17135980e+08  8.78630950e-03 
 4.26856726e+08  9.15622981e-03 
 4.36804001e+08  1.02674013e-02 
 4.46983082e+08  1.58165270e-02 
 4.57399372e+08  1.08330026e-02 
 4.68058398e+08  1.31126191e-02 
 4.78965818e+08  9.70877178e-03 
 4.90127419e+08  9.67464811e-03 
 5.01549125e+08  1.38823133e-02 
 5.13236997e+08  1.10220080e-02 
 5.25197238e+08  1.03606023e-02 
 5.37436195e+08  9.83831117e-03 
 5.49960363e+08  9.85995389e-03 
 5.62776388e+08  1.25941799e-02 
 5.75891073e+08  1.15042042e-02 
 5.89311376e+08  1.02032975e-02 
 6.03044419e+08  1.01369146e-02 
 6.17097492e+08  9.81549279e-03 
 6.31478050e+08  1.05032718e-02 
 6.46193727e+08  1.09182399e-02 
 6.61252331e+08  1.25099607e-02 
 6.76661854e+08  1.60240831e-02 
 6.92430473e+08  1.30472807e-02 
 7.08566557e+08  1.18534661e-02 
 7.25078669e+08  1.70055956e-02 
 7.41975572e+08  1.17031713e-02 
 7.59266232e+08  1.57798329e-02 
 7.76959826e+08  1.62053928e-02 
 7.95065744e+08  1.07049802e-02 
 8.13593593e+08  1.08717364e-02 
 8.32553207e+08  1.12227392e-02 
 8.51954648e+08  1.16146115e-02 
 8.71808210e+08  1.43995276e-02 
 8.92124431e+08  1.24850479e-02 
 9.12914092e+08  1.23806653e-02 
 9.34188226e+08  1.38678021e-02 
 9.55958123e+08  1.42938410e-02 
 9.78235335e+08  1.73283974e-02 
 1.00103169e+09  1.36970832e-02 
 1.02435927e+09  1.34688529e-02 
 1.04823047e+09  1.52051699e-02 
 1.07265796e+09  1.53517297e-02 
 1.09765469e+09  1.50289219e-02 
 1.12323393e+09  1.55961031e-02 
 1.14940927e+09  1.58957983e-02 
 1.17619457e+09  1.41642062e-02 
 1.20360408e+09  1.53694233e-02 
 1.23165232e+09  1.74850673e-02 
 1.26035418e+09  1.64728339e-02 
 1.28972490e+09  1.74233159e-02 
 1.31978006e+09  1.93997886e-02 
 1.35053561e+09  2.11065037e-02 
 1.38200788e+09  2.06624416e-02 
 1.41421356e+09  2.31942638e-02 
 1.44716975e+09  2.20514251e-02 
 1.48089393e+09  2.15061546e-02 
 1.51540401e+09  2.60893516e-02 
 1.55071830e+09  2.99987411e-02 
 1.58685553e+09  3.34077656e-02 
 1.62383489e+09  3.06845267e-02 
 1.66167599e+09  3.41205685e-02 
 1.70039893e+09  2.19492746e-02 
 1.74002425e+09  3.28260731e-02 
 1.78057299e+09  3.61678792e-02 
 1.82206665e+09  2.81019849e-02 
 1.86452726e+09  1.74525831e-02 
 1.90797735e+09  9.32988665e-03 
 1.95243999e+09  2.60791806e-02 
 1.99793876e+09  2.07635910e-02 
 2.04449781e+09  1.99180615e-02 
 2.09214185e+09  1.72883540e-02 
 2.14089617e+09  1.54563613e-02 
 2.19078664e+09  1.41059405e-02 
 2.24183974e+09  1.30414687e-02 
 2.29408255e+09  1.23242379e-02 
 2.34754280e+09  1.16759657e-02 
 2.40224887e+09  1.12239301e-02 
 2.45822978e+09  1.08766549e-02 
 2.51551525e+09  1.07474103e-02 
 2.57413567e+09  1.08280668e-02 
 2.63412215e+09  1.10704553e-02 
 2.69550653e+09  1.13998384e-02 
 2.75832139e+09  1.17469421e-02 
 2.82260005e+09  1.20705869e-02 
 2.88837664e+09  1.23610618e-02 
 2.95568605e+09  1.26284895e-02 
 3.02456401e+09  1.28840459e-02 
 3.09504707e+09  1.31252829e-02 
 3.16717263e+09  1.33396214e-02 
 3.24097898e+09  1.35224313e-02 
 3.31650528e+09  1.36927785e-02 
 3.39379160e+09  1.37034052e-02 
 3.47287898e+09  1.38363848e-02 
 3.55380937e+09  1.39692461e-02 
 3.63662572e+09  1.40947667e-02 
 3.72137199e+09  1.42225444e-02 
 3.80809314e+09  1.43555907e-02 
 3.89683521e+09  1.44951040e-02 
 3.98764528e+09  1.46415648e-02 
 4.08057155e+09  1.47950628e-02 
 4.17566333e+09  1.49553324e-02 
 4.27297108e+09  1.51216443e-02 
 4.37254645e+09  1.52928468e-02 
 4.47444228e+09  1.54681660e-02 
 4.57871264e+09  1.56485446e-02 
 4.68541287e+09  1.58363224e-02 
 4.79459960e+09  1.60331947e-02 
 4.90633076e+09  1.62394910e-02 
 5.02066566e+09  1.64549174e-02 
 5.13766496e+09  1.66791928e-02 
 5.25739076e+09  1.69122398e-02 
 5.37990660e+09  1.71541836e-02 
 5.50527749e+09  1.74053228e-02 
 5.63356997e+09  1.76661169e-02 
 5.76485211e+09  1.79371918e-02 
 5.89919360e+09  1.82193285e-02 
 6.03666571e+09  1.85132994e-02 
 6.17734142e+09  1.88190293e-02 
 6.32129537e+09  1.91327448e-02 
 6.46860395e+09  1.94440624e-02 
 6.61934535e+09  1.97497808e-02 
 6.77359956e+09  2.00576864e-02 
 6.93144843e+09  2.03581504e-02 
 7.09297575e+09  2.06592945e-02 
 7.25826722e+09  2.10045558e-02 
 7.42741057e+09  2.14825268e-02 
 7.60049556e+09  2.07707907e-02 
 7.77761404e+09  2.18461371e-02 
 7.95886001e+09  2.23235303e-02 
 8.14432966e+09  2.27857975e-02 
 8.33412140e+09  2.35453145e-02 
 8.52833597e+09  2.35550017e-02 
 8.72707642e+09  2.40286459e-02 
 8.93044823e+09  2.45125096e-02 
 9.13855932e+09  2.49966882e-02 
 9.35152014e+09  2.54905638e-02 
 9.56944371e+09  2.59963717e-02 
 9.79244566e+09  2.65152454e-02 
 1.00206443e+10  2.70479593e-02 
 1.02541609e+10  2.75951386e-02 
 1.04931192e+10  2.81573391e-02 
 1.07376460e+10  2.87350831e-02 
 1.09878712e+10  2.93288789e-02 
 1.12439276e+10  2.99392317e-02 
 1.15059509e+10  3.05666505e-02 
 1.17740804e+10  3.12116531e-02 
 1.20484582e+10  3.18747694e-02 
 1.23292299e+10  3.25565447e-02 
 1.26165447e+10  3.32575423e-02 
 1.29105549e+10  3.39783456e-02 
 1.32114166e+10  3.47195601e-02 
 1.35192894e+10  3.54818165e-02 
 1.38343368e+10  3.62657722e-02 
 1.41567259e+10  3.70721139e-02 
 1.44866277e+10  3.79015607e-02 
 1.48242175e+10  3.87548662e-02 
 1.51696743e+10  3.96328225e-02 
 1.55231815e+10  4.05362627e-02 
 1.58849266e+10  4.14660659e-02 
 1.62551017e+10  4.24231608e-02 
 1.66339032e+10  4.34085316e-02 
 1.70215321e+10  4.44232235e-02 
 1.74181941e+10  4.54683503e-02 
 1.78240998e+10  4.65451029e-02 
 1.82394645e+10  4.76547597e-02 
 1.86645086e+10  4.87986995e-02 
 1.90994578e+10  4.99784182e-02 
 1.95445429e+10  5.11955502e-02 
 2.00000000e+10  5.24518960e-02 
