 1.00000000e+08  1.86293826e-02 
 1.02330354e+08  1.85993938e-02 
 1.04715014e+08  1.85523251e-02 
 1.07155245e+08  1.84865998e-02 
 1.09652342e+08  1.84007095e-02 
 1.12207630e+08  1.82932641e-02 
 1.14822466e+08  1.81630456e-02 
 1.17498236e+08  1.80090648e-02 
 1.20236362e+08  1.78306175e-02 
 1.23038295e+08  1.76273373e-02 
 1.25905523e+08  1.73992398e-02 
 1.28839568e+08  1.71467575e-02 
 1.31841987e+08  1.68707580e-02 
 1.34914372e+08  1.65725472e-02 
 1.38058355e+08  1.62538529e-02 
 1.41275604e+08  1.59167909e-02 
 1.44567827e+08  1.55638142e-02 
 1.47936769e+08  1.51976489e-02 
 1.51384220e+08  1.48212205e-02 
 1.54912009e+08  1.44375750e-02 
 1.58522008e+08  1.40497997e-02 
 1.62216133e+08  1.36609481e-02 
 1.65996343e+08  1.32739724e-02 
 1.69864646e+08  1.28916654e-02 
 1.73823095e+08  1.25166148e-02 
 1.77873789e+08  1.21511691e-02 
 1.82018879e+08  1.17974153e-02 
 1.86260564e+08  1.14571678e-02 
 1.90601095e+08  1.11319662e-02 
 1.95042776e+08  1.08230823e-02 
 1.99587964e+08  1.05315332e-02 
 2.04239071e+08  1.02581013e-02 
 2.08998565e+08  1.00033597e-02 
 2.13868972e+08  9.76770470e-03 
 2.18852877e+08  9.55139634e-03 
 2.23952925e+08  9.35461384e-03 
 2.29171822e+08  9.17753441e-03 
 2.34512337e+08  9.02045746e-03 
 2.39977306e+08  8.88401877e-03 
 2.45569627e+08  8.76959581e-03 
 2.51292270e+08  8.68015231e-03 
 2.57148271e+08  8.62219162e-03 
 2.63140737e+08  8.61086827e-03 
 2.69272848e+08  8.68564416e-03 
 2.75547860e+08  8.96970509e-03 
 2.81969102e+08  9.97634821e-03 
 2.88539981e+08  1.48535643e-02 
 2.95263985e+08  1.77876619e-02 
 3.02144683e+08  1.10137223e-02 
 3.09185725e+08  9.51975539e-03 
 3.16390848e+08  9.11951796e-03 
 3.23763876e+08  9.21008557e-03 
 3.31308722e+08  1.03837379e-02 
 3.39029389e+08  1.92478833e-02 
 3.46929975e+08  1.28365424e-02 
 3.55014673e+08  9.97577771e-03 
 3.63287773e+08  9.33392336e-03 
 3.71753666e+08  9.12967776e-03 
 3.80416844e+08  9.16323168e-03 
 3.89281904e+08  9.10185930e-03 
 3.98353552e+08  9.09224186e-03 
 4.07636602e+08  9.14499697e-03 
 4.17135980e+08  9.22408632e-03 
 4.26856726e+08  9.32863626e-03 
 4.36804001e+08  9.47645284e-03 
 4.46983082e+08  9.85619661e-03 
 4.57399372e+08  9.88684142e-03 
 4.68058398e+08  1.02744400e-02 
 4.78965818e+08  1.02001007e-02 
 4.90127419e+08  1.01757486e-02 
 5.01549125e+08  1.01461680e-02 
 5.13236997e+08  1.03328574e-02 
 5.25197238e+08  1.06588297e-02 
 5.37436195e+08  1.16553662e-02 
 5.49960363e+08  1.04827098e-02 
 5.62776388e+08  1.16694332e-02 
 5.75891073e+08  1.28774027e-02 
 5.89311376e+08  1.38929227e-02 
 6.03044419e+08  1.30790817e-02 
 6.17097492e+08  1.27319166e-02 
 6.31478050e+08  1.47900067e-02 
 6.46193727e+08  1.17378997e-02 
 6.61252331e+08  1.35681419e-02 
 6.76661854e+08  1.23069677e-02 
 6.92430473e+08  1.29311489e-02 
 7.08566557e+08  1.50845273e-02 
 7.25078669e+08  1.77230785e-02 
 7.41975572e+08  2.15691284e-02 
 7.59266232e+08  1.82854455e-02 
 7.76959826e+08  1.48037111e-02 
 7.95065744e+08  1.60421509e-02 
 8.13593593e+08  1.48186450e-02 
 8.32553207e+08  1.15669488e-02 
 8.51954648e+08  1.30971954e-02 
 8.71808210e+08  1.39432259e-02 
 8.92124431e+08  1.71711141e-02 
 9.12914092e+08  1.71368727e-02 
 9.34188226e+08  2.88797851e-02 
 9.55958123e+08  1.32576366e-02 
 9.78235335e+08  1.03733601e-02 
 1.00103169e+09  1.45583677e-02 
 1.02435927e+09  1.58650770e-02 
 1.04823047e+09  1.71083383e-02 
 1.07265796e+09  2.41986403e-02 
 1.09765469e+09  8.08259565e-03 
 1.12323393e+09  1.12645091e-02 
 1.14940927e+09  1.31124343e-02 
 1.17619457e+09  1.32651524e-02 
 1.20360408e+09  1.47381058e-02 
 1.23165232e+09  1.68552429e-02 
 1.26035418e+09  1.56721541e-02 
 1.28972490e+09  2.11276119e-02 
 1.31978006e+09  2.13078365e-02 
 1.35053561e+09  1.29902265e-02 
 1.38200788e+09  1.51780564e-02 
 1.41421356e+09  1.65622874e-02 
 1.44716975e+09  1.86467482e-02 
 1.48089393e+09  1.94297723e-02 
 1.51540401e+09  1.83887793e-02 
 1.55071830e+09  1.80643145e-02 
 1.58685553e+09  1.99584516e-02 
 1.62383489e+09  2.31471273e-02 
 1.66167599e+09  1.86511036e-02 
 1.70039893e+09  2.04263594e-02 
 1.74002425e+09  2.41781864e-02 
 1.78057299e+09  2.38106949e-02 
 1.82206665e+09  2.60202695e-02 
 1.86452726e+09  3.81914590e-02 
 1.90797735e+09  1.12994853e-02 
 1.95243999e+09  1.66218491e-02 
 1.99793876e+09  1.80042687e-02 
 2.04449781e+09  2.00946508e-02 
 2.09214185e+09  2.18889379e-02 
 2.14089617e+09  2.36117981e-02 
 2.19078664e+09  2.51313542e-02 
 2.24183974e+09  2.65030779e-02 
 2.29408255e+09  2.76481873e-02 
 2.34754280e+09  2.77619330e-02 
 2.40224887e+09  2.44904270e-02 
 2.45822978e+09  2.65447014e-02 
 2.51551525e+09  2.89350619e-02 
 2.57413567e+09  3.02474706e-02 
 2.63412215e+09  3.11496839e-02 
 2.69550653e+09  3.18436987e-02 
 2.75832139e+09  3.24093733e-02 
 2.82260005e+09  3.28874240e-02 
 2.88837664e+09  3.33024886e-02 
 2.95568605e+09  3.36709861e-02 
 3.02456401e+09  3.40043415e-02 
 3.09504707e+09  3.43105870e-02 
 3.16717263e+09  3.45953150e-02 
 3.24097898e+09  3.48623248e-02 
 3.31650528e+09  3.51140957e-02 
 3.39379160e+09  3.53521434e-02 
 3.47287898e+09  3.55772912e-02 
 3.55380937e+09  3.57898767e-02 
 3.63662572e+09  3.59899109e-02 
 3.72137199e+09  3.61771987e-02 
 3.80809314e+09  3.63514337e-02 
 3.89683521e+09  3.65122698e-02 
 3.98764528e+09  3.66593769e-02 
 4.08057155e+09  3.67924827e-02 
 4.17566333e+09  3.69114023e-02 
 4.27297108e+09  3.70160584e-02 
 4.37254645e+09  3.71064923e-02 
 4.47444228e+09  3.71828683e-02 
 4.57871264e+09  3.72454710e-02 
 4.68541287e+09  3.72946987e-02 
 4.79459960e+09  3.73310528e-02 
 4.90633076e+09  3.73551240e-02 
 5.02066566e+09  3.73675778e-02 
 5.13766496e+09  3.73691389e-02 
 5.25739076e+09  3.73605755e-02 
 5.37990660e+09  3.73426840e-02 
 5.50527749e+09  3.73162757e-02 
 5.63356997e+09  3.72821630e-02 
 5.76485211e+09  3.72411479e-02 
 5.89919360e+09  3.71940107e-02 
 6.03666571e+09  3.71414977e-02 
 6.17734142e+09  3.70843048e-02 
 6.32129537e+09  3.70230455e-02 
 6.46860395e+09  3.69581651e-02 
 6.61934535e+09  3.68896029e-02 
 6.77359956e+09  3.68143227e-02 
 6.93144843e+09  3.68604341e-02 
 7.09297575e+09  3.67723539e-02 
 7.25826722e+09  3.66209066e-02 
 7.42741057e+09  3.65284977e-02 
 7.60049556e+09  3.66431384e-02 
 7.77761404e+09  3.64701376e-02 
 7.95886001e+09  3.64049364e-02 
 8.14432966e+09  3.63567522e-02 
 8.33412140e+09  3.63002242e-02 
 8.52833597e+09  3.15424891e-02 
 8.72707642e+09  2.87810225e-02 
 8.93044823e+09  3.51892705e-02 
 9.13855932e+09  3.54886573e-02 
 9.35152014e+09  3.55395770e-02 
 9.56944371e+09  3.55309639e-02 
 9.79244566e+09  3.55002261e-02 
 1.00206443e+10  3.54595594e-02 
 1.02541609e+10  3.54140902e-02 
 1.04931192e+10  3.53663378e-02 
 1.07376460e+10  3.53176767e-02 
 1.09878712e+10  3.52689120e-02 
 1.12439276e+10  3.52205377e-02 
 1.15059509e+10  3.51728629e-02 
 1.17740804e+10  3.51260778e-02 
 1.20484582e+10  3.50802881e-02 
 1.23292299e+10  3.50355282e-02 
 1.26165447e+10  3.49917564e-02 
 1.29105549e+10  3.49488163e-02 
 1.32114166e+10  3.49063146e-02 
 1.35192894e+10  3.48631885e-02 
 1.38343368e+10  3.48155587e-02 
 1.41567259e+10  3.47319195e-02 
 1.44866277e+10  3.47841407e-02 
 1.48242175e+10  3.47592375e-02 
 1.51696743e+10  3.47185472e-02 
 1.55231815e+10  3.46835167e-02 
 1.58849266e+10  3.46513522e-02 
 1.62551017e+10  3.46211354e-02 
 1.66339032e+10  3.45924736e-02 
 1.70215321e+10  3.45651606e-02 
 1.74181941e+10  3.45390696e-02 
 1.78240998e+10  3.45141124e-02 
 1.82394645e+10  3.44902210e-02 
 1.86645086e+10  3.44673396e-02 
 1.90994578e+10  3.44454196e-02 
 1.95445429e+10  3.44244175e-02 
 2.00000000e+10  3.44042933e-02 
