 1.00000000e+08  2.24957561e-02 
 1.02330354e+08  2.26290534e-02 
 1.04715014e+08  2.27577560e-02 
 1.07155245e+08  2.28803576e-02 
 1.09652342e+08  2.29951423e-02 
 1.12207630e+08  2.31001753e-02 
 1.14822466e+08  2.31932999e-02 
 1.17498236e+08  2.32721420e-02 
 1.20236362e+08  2.33341243e-02 
 1.23038295e+08  2.33764949e-02 
 1.25905523e+08  2.33963693e-02 
 1.28839568e+08  2.33907912e-02 
 1.31841987e+08  2.33568106e-02 
 1.34914372e+08  2.32915816e-02 
 1.38058355e+08  2.31924744e-02 
 1.41275604e+08  2.30572015e-02 
 1.44567827e+08  2.28839473e-02 
 1.47936769e+08  2.26714952e-02 
 1.51384220e+08  2.24193405e-02 
 1.54912009e+08  2.21277777e-02 
 1.58522008e+08  2.17979535e-02 
 1.62216133e+08  2.14318763e-02 
 1.65996343e+08  2.10323798e-02 
 1.69864646e+08  2.06030405e-02 
 1.73823095e+08  2.01480552e-02 
 1.77873789e+08  1.96720882e-02 
 1.82018879e+08  1.91801005e-02 
 1.86260564e+08  1.86771744e-02 
 1.90601095e+08  1.81683455e-02 
 1.95042776e+08  1.76584530e-02 
 1.99587964e+08  1.71520152e-02 
 2.04239071e+08  1.66531337e-02 
 2.08998565e+08  1.61654269e-02 
 2.13868972e+08  1.56919907e-02 
 2.18852877e+08  1.52353824e-02 
 2.23952925e+08  1.47976232e-02 
 2.29171822e+08  1.43802128e-02 
 2.34512337e+08  1.39841507e-02 
 2.39977306e+08  1.36099592e-02 
 2.45569627e+08  1.32576999e-02 
 2.51292270e+08  1.29269796e-02 
 2.57148271e+08  1.26169381e-02 
 2.63140737e+08  1.23262174e-02 
 2.69272848e+08  1.20529456e-02 
 2.75547860e+08  1.17949287e-02 
 2.81969102e+08  1.15511377e-02 
 2.88539981e+08  1.13314240e-02 
 2.95263985e+08  1.12371008e-02 
 3.02144683e+08  1.27286456e-02 
 3.09185725e+08  2.04119708e-02 
 3.16390848e+08  1.35180868e-02 
 3.23763876e+08  1.22485619e-02 
 3.31308722e+08  1.17695294e-02 
 3.39029389e+08  1.15155682e-02 
 3.46929975e+08  1.13594336e-02 
 3.55014673e+08  1.12584158e-02 
 3.63287773e+08  1.11946701e-02 
 3.71753666e+08  1.11599809e-02 
 3.80416844e+08  1.11509710e-02 
 3.89281904e+08  1.11677811e-02 
 3.98353552e+08  1.12147964e-02 
 4.07636602e+08  1.13045402e-02 
 4.17135980e+08  1.14715627e-02 
 4.26856726e+08  1.18366887e-02 
 4.36804001e+08  1.31921152e-02 
 4.46983082e+08  1.43378103e-02 
 4.57399372e+08  1.58624411e-02 
 4.68058398e+08  1.54175674e-02 
 4.78965818e+08  1.21588857e-02 
 4.90127419e+08  1.18171353e-02 
 5.01549125e+08  1.23337275e-02 
 5.13236997e+08  1.17685981e-02 
 5.25197238e+08  1.18798625e-02 
 5.37436195e+08  1.20928540e-02 
 5.49960363e+08  1.25909182e-02 
 5.62776388e+08  1.39207375e-02 
 5.75891073e+08  1.21557458e-02 
 5.89311376e+08  1.29152106e-02 
 6.03044419e+08  1.37144750e-02 
 6.17097492e+08  1.39454777e-02 
 6.31478050e+08  1.65483509e-02 
 6.46193727e+08  1.61655106e-02 
 6.61252331e+08  2.15316301e-02 
 6.76661854e+08  1.51411276e-02 
 6.92430473e+08  1.60900712e-02 
 7.08566557e+08  1.99548119e-02 
 7.25078669e+08  1.60029425e-02 
 7.41975572e+08  1.79576871e-02 
 7.59266232e+08  1.64245419e-02 
 7.76959826e+08  1.50469614e-02 
 7.95065744e+08  2.00387103e-02 
 8.13593593e+08  1.56138704e-02 
 8.32553207e+08  1.74094987e-02 
 8.51954648e+08  2.31007970e-02 
 8.71808210e+08  1.90015072e-02 
 8.92124431e+08  1.61587204e-02 
 9.12914092e+08  2.10220797e-02 
 9.34188226e+08  1.88475688e-02 
 9.55958123e+08  1.63099616e-02 
 9.78235335e+08  1.97221759e-02 
 1.00103169e+09  1.70882637e-02 
 1.02435927e+09  2.46964352e-02 
 1.04823047e+09  1.99707324e-02 
 1.07265796e+09  2.17342108e-02 
 1.09765469e+09  2.16794996e-02 
 1.12323393e+09  2.26561504e-02 
 1.14940927e+09  2.78967353e-02 
 1.17619457e+09  3.13333521e-02 
 1.20360408e+09  1.14639756e-02 
 1.23165232e+09  2.49386336e-02 
 1.26035418e+09  2.89728161e-02 
 1.28972490e+09  2.64067700e-02 
 1.31978006e+09  2.98722810e-02 
 1.35053561e+09  3.64859268e-02 
 1.38200788e+09  3.33392426e-02 
 1.41421356e+09  3.54059336e-02 
 1.44716975e+09  3.87229704e-02 
 1.48089393e+09  4.05970749e-02 
 1.51540401e+09  4.03665026e-02 
 1.55071830e+09  3.73478516e-02 
 1.58685553e+09  3.09355456e-02 
 1.62383489e+09  2.80945295e-02 
 1.66167599e+09  2.59287726e-02 
 1.70039893e+09  2.33897197e-02 
 1.74002425e+09  2.09337339e-02 
 1.78057299e+09  2.22035078e-02 
 1.82206665e+09  2.08219887e-02 
 1.86452726e+09  1.99811810e-02 
 1.90797735e+09  1.90925654e-02 
 1.95243999e+09  1.83786698e-02 
 1.99793876e+09  1.84196070e-02 
 2.04449781e+09  1.80943388e-02 
 2.09214185e+09  1.82420257e-02 
 2.14089617e+09  1.81659914e-02 
 2.19078664e+09  1.82128487e-02 
 2.24183974e+09  1.83469495e-02 
 2.29408255e+09  1.85584250e-02 
 2.34754280e+09  1.87225912e-02 
 2.40224887e+09  1.91784088e-02 
 2.45822978e+09  1.96580079e-02 
 2.51551525e+09  2.01980083e-02 
 2.57413567e+09  2.08027830e-02 
 2.63412215e+09  2.14406492e-02 
 2.69550653e+09  2.20426782e-02 
 2.75832139e+09  2.25031518e-02 
 2.82260005e+09  2.27152952e-02 
 2.88837664e+09  2.26426810e-02 
 2.95568605e+09  2.23634162e-02 
 3.02456401e+09  2.20281168e-02 
 3.09504707e+09  2.17771114e-02 
 3.16717263e+09  2.16975925e-02 
 3.24097898e+09  2.18092297e-02 
 3.31650528e+09  2.18873849e-02 
 3.39379160e+09  2.23620211e-02 
 3.47287898e+09  2.32412914e-02 
 3.55380937e+09  2.41044217e-02 
 3.63662572e+09  2.48212380e-02 
 3.72137199e+09  2.50545032e-02 
 3.80809314e+09  2.45668008e-02 
 3.89683521e+09  2.35924057e-02 
 3.98764528e+09  2.26489272e-02 
 4.08057155e+09  2.20583916e-02 
 4.17566333e+09  2.18597870e-02 
 4.27297108e+09  2.19518869e-02 
 4.37254645e+09  2.21717161e-02 
 4.47444228e+09  2.22800924e-02 
 4.57871264e+09  2.19491863e-02 
 4.68541287e+09  2.09435436e-02 
 4.79459960e+09  1.95026283e-02 
 4.90633076e+09  1.82656575e-02 
 5.02066566e+09  1.76342750e-02 
 5.13766496e+09  1.75778705e-02 
 5.25739076e+09  1.79090742e-02 
 5.37990660e+09  1.84767146e-02 
 5.50527749e+09  1.91975435e-02 
 5.63356997e+09  2.00334045e-02 
 5.76485211e+09  2.09564685e-02 
 5.89919360e+09  2.18690670e-02 
 6.03666571e+09  2.10318081e-02 
 6.17734142e+09  1.31285102e-02 
 6.32129537e+09  2.38849661e-02 
 6.46860395e+09  2.44080005e-02 
 6.61934535e+09  2.02780163e-02 
 6.77359956e+09  1.26644219e-02 
 6.93144843e+09  6.87318633e-03 
 7.09297575e+09  6.43355634e-03 
 7.25826722e+09  8.34190016e-03 
 7.42741057e+09  1.03656807e-02 
 7.60049556e+09  1.19933072e-02 
 7.77761404e+09  1.34110720e-02 
 7.95886001e+09  1.45555616e-02 
 8.14432966e+09  1.56117950e-02 
 8.33412140e+09  1.68911054e-02 
 8.52833597e+09  1.76561702e-02 
 8.72707642e+09  1.69477031e-02 
 8.93044823e+09  1.82114775e-02 
 9.13855932e+09  1.89930040e-02 
 9.35152014e+09  1.96815445e-02 
 9.56944371e+09  2.03302016e-02 
 9.79244566e+09  2.09566813e-02 
 1.00206443e+10  2.15699383e-02 
 1.02541609e+10  2.21756084e-02 
 1.04931192e+10  2.27777070e-02 
 1.07376460e+10  2.33793226e-02 
 1.09878712e+10  2.39829604e-02 
 1.12439276e+10  2.45907405e-02 
 1.15059509e+10  2.52045279e-02 
 1.17740804e+10  2.58260333e-02 
 1.20484582e+10  2.64569057e-02 
 1.23292299e+10  2.70988418e-02 
 1.26165447e+10  2.77537469e-02 
 1.29105549e+10  2.84240288e-02 
 1.32114166e+10  2.91132290e-02 
 1.35192894e+10  2.98276461e-02 
 1.38343368e+10  3.05815538e-02 
 1.41567259e+10  3.14213273e-02 
 1.44866277e+10  3.26823181e-02 
 1.48242175e+10  3.16029268e-02 
 1.51696743e+10  3.26910020e-02 
 1.55231815e+10  3.36721212e-02 
 1.58849266e+10  3.46062398e-02 
 1.62551017e+10  3.54784320e-02 
 1.66339032e+10  3.63441471e-02 
 1.70215321e+10  3.72182508e-02 
 1.74181941e+10  3.81069962e-02 
 1.78240998e+10  3.90137842e-02 
 1.82394645e+10  3.99408369e-02 
 1.86645086e+10  4.08898209e-02 
 1.90994578e+10  4.18621199e-02 
 1.95445429e+10  4.28589697e-02 
 2.00000000e+10  4.38815301e-02 
