 1.00000000e+08  2.10203293e-02 
 1.02330354e+08  2.11486322e-02 
 1.04715014e+08  2.12721682e-02 
 1.07155245e+08  2.13892369e-02 
 1.09652342e+08  2.14979112e-02 
 1.12207630e+08  2.15960328e-02 
 1.14822466e+08  2.16812143e-02 
 1.17498236e+08  2.17508526e-02 
 1.20236362e+08  2.18021553e-02 
 1.23038295e+08  2.18321822e-02 
 1.25905523e+08  2.18379050e-02 
 1.28839568e+08  2.18162866e-02 
 1.31841987e+08  2.17643783e-02 
 1.34914372e+08  2.16794344e-02 
 1.38058355e+08  2.15590392e-02 
 1.41275604e+08  2.14012393e-02 
 1.44567827e+08  2.12046718e-02 
 1.47936769e+08  2.09686785e-02 
 1.51384220e+08  2.06933934e-02 
 1.54912009e+08  2.03797945e-02 
 1.58522008e+08  2.00297128e-02 
 1.62216133e+08  1.96457932e-02 
 1.65996343e+08  1.92314113e-02 
 1.69864646e+08  1.87905505e-02 
 1.73823095e+08  1.83276506e-02 
 1.77873789e+08  1.78474409e-02 
 1.82018879e+08  1.73547700e-02 
 1.86260564e+08  1.68544461e-02 
 1.90601095e+08  1.63510968e-02 
 1.95042776e+08  1.58490544e-02 
 1.99587964e+08  1.53522709e-02 
 2.04239071e+08  1.48642623e-02 
 2.08998565e+08  1.43880791e-02 
 2.13868972e+08  1.39263005e-02 
 2.18852877e+08  1.34810463e-02 
 2.23952925e+08  1.30540028e-02 
 2.29171822e+08  1.26464572e-02 
 2.34512337e+08  1.22593378e-02 
 2.39977306e+08  1.18932560e-02 
 2.45569627e+08  1.15485482e-02 
 2.51292270e+08  1.12253162e-02 
 2.57148271e+08  1.09234648e-02 
 2.63140737e+08  1.06427361e-02 
 2.69272848e+08  1.03827410e-02 
 2.75547860e+08  1.01429863e-02 
 2.81969102e+08  9.92290049e-03 
 2.88539981e+08  9.72185606e-03 
 2.95263985e+08  9.53919062e-03 
 3.02144683e+08  9.37422708e-03 
 3.09185725e+08  9.22629433e-03 
 3.16390848e+08  9.09475020e-03 
 3.23763876e+08  8.97900981e-03 
 3.31308722e+08  8.87858499e-03 
 3.39029389e+08  8.79314571e-03 
 3.46929975e+08  8.72262679e-03 
 3.55014673e+08  8.66743393e-03 
 3.63287773e+08  8.62888742e-03 
 3.71753666e+08  8.61031024e-03 
 3.80416844e+08  8.62018153e-03 
 3.89281904e+08  8.68371691e-03 
 3.98353552e+08  8.90476602e-03 
 4.07636602e+08  1.01391044e-02 
 4.17135980e+08  1.34450236e-02 
 4.26856726e+08  9.14436946e-03 
 4.36804001e+08  9.07621070e-03 
 4.46983082e+08  1.12085248e-02 
 4.57399372e+08  9.95943538e-03 
 4.68058398e+08  1.92494757e-02 
 4.78965818e+08  1.05949902e-02 
 4.90127419e+08  9.22978901e-03 
 5.01549125e+08  9.07885370e-03 
 5.13236997e+08  9.22745729e-03 
 5.25197238e+08  9.95285085e-03 
 5.37436195e+08  1.02258096e-02 
 5.49960363e+08  9.27125164e-03 
 5.62776388e+08  9.09465583e-03 
 5.75891073e+08  9.57056616e-03 
 5.89311376e+08  9.34856989e-03 
 6.03044419e+08  1.02162913e-02 
 6.17097492e+08  1.20188910e-02 
 6.31478050e+08  1.42862886e-02 
 6.46193727e+08  1.24351139e-02 
 6.61252331e+08  9.02409806e-03 
 6.76661854e+08  1.02112999e-02 
 6.92430473e+08  1.18315257e-02 
 7.08566557e+08  9.17192279e-03 
 7.25078669e+08  1.03210675e-02 
 7.41975572e+08  1.09120582e-02 
 7.59266232e+08  9.47898247e-03 
 7.76959826e+08  1.06834952e-02 
 7.95065744e+08  1.09231185e-02 
 8.13593593e+08  1.13383549e-02 
 8.32553207e+08  1.13003002e-02 
 8.51954648e+08  1.31768609e-02 
 8.71808210e+08  1.50103363e-02 
 8.92124431e+08  1.47780613e-02 
 9.12914092e+08  1.32696452e-02 
 9.34188226e+08  7.37994120e-03 
 9.55958123e+08  9.23280224e-03 
 9.78235335e+08  1.14092212e-02 
 1.00103169e+09  1.32950914e-02 
 1.02435927e+09  1.11572403e-02 
 1.04823047e+09  1.32940064e-02 
 1.07265796e+09  1.59034371e-02 
 1.09765469e+09  1.18992102e-02 
 1.12323393e+09  1.16298878e-02 
 1.14940927e+09  1.21349314e-02 
 1.17619457e+09  1.40755900e-02 
 1.20360408e+09  1.74826955e-02 
 1.23165232e+09  1.27407984e-02 
 1.26035418e+09  1.23600988e-02 
 1.28972490e+09  1.19130310e-02 
 1.31978006e+09  1.48815512e-02 
 1.35053561e+09  1.23272293e-02 
 1.38200788e+09  1.35000660e-02 
 1.41421356e+09  1.45138817e-02 
 1.44716975e+09  1.34405329e-02 
 1.48089393e+09  1.63016245e-02 
 1.51540401e+09  1.41554839e-02 
 1.55071830e+09  1.63019504e-02 
 1.58685553e+09  1.44511172e-02 
 1.62383489e+09  1.81056820e-02 
 1.66167599e+09  1.33552241e-02 
 1.70039893e+09  1.43785593e-02 
 1.74002425e+09  1.37931841e-02 
 1.78057299e+09  1.52729039e-02 
 1.82206665e+09  1.96938519e-02 
 1.86452726e+09  2.40048040e-02 
 1.90797735e+09  1.29147820e-02 
 1.95243999e+09  1.25771043e-02 
 1.99793876e+09  1.31194205e-02 
 2.04449781e+09  1.39726880e-02 
 2.09214185e+09  1.47838422e-02 
 2.14089617e+09  1.55721454e-02 
 2.19078664e+09  1.64181583e-02 
 2.24183974e+09  1.74576581e-02 
 2.29408255e+09  1.90985552e-02 
 2.34754280e+09  2.16328234e-02 
 2.40224887e+09  1.51555365e-02 
 2.45822978e+09  1.63967440e-02 
 2.51551525e+09  1.75165792e-02 
 2.57413567e+09  1.83855093e-02 
 2.63412215e+09  1.91416859e-02 
 2.69550653e+09  1.98400145e-02 
 2.75832139e+09  2.05041223e-02 
 2.82260005e+09  2.11449459e-02 
 2.88837664e+09  2.17675914e-02 
 2.95568605e+09  2.23742570e-02 
 3.02456401e+09  2.29656522e-02 
 3.09504707e+09  2.35417677e-02 
 3.16717263e+09  2.41023300e-02 
 3.24097898e+09  2.46470825e-02 
 3.31650528e+09  2.51759561e-02 
 3.39379160e+09  2.56891631e-02 
 3.47287898e+09  2.61872321e-02 
 3.55380937e+09  2.66709993e-02 
 3.63662572e+09  2.71415670e-02 
 3.72137199e+09  2.76002433e-02 
 3.80809314e+09  2.80484716e-02 
 3.89683521e+09  2.84877604e-02 
 3.98764528e+09  2.89196203e-02 
 4.08057155e+09  2.93455149e-02 
 4.17566333e+09  2.97668271e-02 
 4.27297108e+09  3.01848447e-02 
 4.37254645e+09  3.06007670e-02 
 4.47444228e+09  3.10157336e-02 
 4.57871264e+09  3.14308797e-02 
 4.68541287e+09  3.18474282e-02 
 4.79459960e+09  3.22668330e-02 
 4.90633076e+09  3.26910121e-02 
 5.02066566e+09  3.31227451e-02 
 5.13766496e+09  3.35664038e-02 
 5.25739076e+09  3.40294425e-02 
 5.37990660e+09  3.45258628e-02 
 5.50527749e+09  3.50860126e-02 
 5.63356997e+09  3.57953872e-02 
 5.76485211e+09  3.71362177e-02 
 5.89919360e+09  3.52763422e-02 
 6.03666571e+09  3.91362443e-02 
 6.17734142e+09  2.45977346e-02 
 6.32129537e+09  3.32700441e-02 
 6.46860395e+09  3.48540210e-02 
 6.61934535e+09  3.56874075e-02 
 6.77359956e+09  3.62952314e-02 
 6.93144843e+09  3.27431991e-02 
 7.09297575e+09  3.72083326e-02 
 7.25826722e+09  3.76413531e-02 
 7.42741057e+09  3.80543182e-02 
 7.60049556e+09  3.84566707e-02 
 7.77761404e+09  3.89043342e-02 
 7.95886001e+09  4.00744311e-02 
 8.14432966e+09  4.04863362e-02 
 8.33412140e+09  4.02633274e-02 
 8.52833597e+09  2.05304718e-02 
 8.72707642e+09  2.08799937e-02 
 8.93044823e+09  2.73888226e-02 
 9.13855932e+09  3.49783695e-02 
 9.35152014e+09  3.67093098e-02 
 9.56944371e+09  3.75946827e-02 
 9.79244566e+09  3.81701883e-02 
 1.00206443e+10  3.85938790e-02 
 1.02541609e+10  3.89301064e-02 
 1.04931192e+10  3.92102015e-02 
 1.07376460e+10  3.94513363e-02 
 1.09878712e+10  3.96637678e-02 
 1.12439276e+10  3.98540431e-02 
 1.15059509e+10  4.00265700e-02 
 1.17740804e+10  4.01844503e-02 
 1.20484582e+10  4.03299496e-02 
 1.23292299e+10  4.04647774e-02 
 1.26165447e+10  4.05902600e-02 
 1.29105549e+10  4.07074519e-02 
 1.32114166e+10  4.08172095e-02 
 1.35192894e+10  4.09202421e-02 
 1.38343368e+10  4.10171461e-02 
 1.41567259e+10  4.11084309e-02 
 1.44866277e+10  4.11945368e-02 
 1.48242175e+10  4.12758488e-02 
 1.51696743e+10  4.13527064e-02 
 1.55231815e+10  4.14254118e-02 
 1.58849266e+10  4.14942358e-02 
 1.62551017e+10  4.15594227e-02 
 1.66339032e+10  4.16211940e-02 
 1.70215321e+10  4.16797514e-02 
 1.74181941e+10  4.17352794e-02 
 1.78240998e+10  4.17879476e-02 
 1.82394645e+10  4.18379120e-02 
 1.86645086e+10  4.18853166e-02 
 1.90994578e+10  4.19302949e-02 
 1.95445429e+10  4.19729703e-02 
 2.00000000e+10  4.20134578e-02 
