 1.00000000e+08  2.73894942e-02 
 1.02330354e+08  2.75110920e-02 
 1.04715014e+08  2.76374894e-02 
 1.07155245e+08  2.77688626e-02 
 1.09652342e+08  2.79053950e-02 
 1.12207630e+08  2.80472778e-02 
 1.14822466e+08  2.81947101e-02 
 1.17498236e+08  2.83479001e-02 
 1.20236362e+08  2.85070651e-02 
 1.23038295e+08  2.86724327e-02 
 1.25905523e+08  2.88442414e-02 
 1.28839568e+08  2.90227412e-02 
 1.31841987e+08  2.92081948e-02 
 1.34914372e+08  2.94008784e-02 
 1.38058355e+08  2.96010826e-02 
 1.41275604e+08  2.98091140e-02 
 1.44567827e+08  3.00252957e-02 
 1.47936769e+08  3.02499692e-02 
 1.51384220e+08  3.04834954e-02 
 1.54912009e+08  3.07262562e-02 
 1.58522008e+08  3.09786563e-02 
 1.62216133e+08  3.12411247e-02 
 1.65996343e+08  3.15141164e-02 
 1.69864646e+08  3.17981149e-02 
 1.73823095e+08  3.20936336e-02 
 1.77873789e+08  3.24012187e-02 
 1.82018879e+08  3.27214510e-02 
 1.86260564e+08  3.30549491e-02 
 1.90601095e+08  3.34023714e-02 
 1.95042776e+08  3.37644198e-02 
 1.99587964e+08  3.41418418e-02 
 2.04239071e+08  3.45354348e-02 
 2.08998565e+08  3.49460485e-02 
 2.13868972e+08  3.53745889e-02 
 2.18852877e+08  3.58220223e-02 
 2.23952925e+08  3.62893783e-02 
 2.29171822e+08  3.67777544e-02 
 2.34512337e+08  3.72883193e-02 
 2.39977306e+08  3.78223170e-02 
 2.45569627e+08  3.83810699e-02 
 2.51292270e+08  3.89659826e-02 
 2.57148271e+08  3.95785434e-02 
 2.63140737e+08  4.02203267e-02 
 2.69272848e+08  4.08929926e-02 
 2.75547860e+08  4.15982851e-02 
 2.81969102e+08  4.23380276e-02 
 2.88539981e+08  4.31141146e-02 
 2.95263985e+08  4.39284984e-02 
 3.02144683e+08  4.47831690e-02 
 3.09185725e+08  4.56801252e-02 
 3.16390848e+08  4.66213341e-02 
 3.23763876e+08  4.76086750e-02 
 3.31308722e+08  4.86438631e-02 
 3.39029389e+08  4.97283480e-02 
 3.46929975e+08  5.08631789e-02 
 3.55014673e+08  5.20488277e-02 
 3.63287773e+08  5.32849612e-02 
 3.71753666e+08  5.45701487e-02 
 3.80416844e+08  5.59014952e-02 
 3.89281904e+08  5.72741863e-02 
 3.98353552e+08  5.86809402e-02 
 4.07636602e+08  6.01113632e-02 
 4.17135980e+08  6.15512283e-02 
 4.26856726e+08  6.29817119e-02 
 4.36804001e+08  6.43786684e-02 
 4.46983082e+08  6.57120653e-02 
 4.57399372e+08  6.69457629e-02 
 4.68058398e+08  6.80378732e-02 
 4.78965818e+08  6.89419608e-02 
 4.90127419e+08  6.96093076e-02 
 5.01549125e+08  6.99923298e-02 
 5.13236997e+08  7.00489739e-02 
 5.25197238e+08  6.97475879e-02 
 5.37436195e+08  6.90714370e-02 
 5.49960363e+08  6.80218908e-02 
 5.62776388e+08  6.66194574e-02 
 5.75891073e+08  6.49023062e-02 
 5.89311376e+08  6.29225477e-02 
 6.03044419e+08  6.07410813e-02 
 6.17097492e+08  5.84220739e-02 
 6.31478050e+08  5.60280370e-02 
 6.46193727e+08  5.36161257e-02 
 6.61252331e+08  5.12358768e-02 
 6.76661854e+08  4.89282672e-02 
 6.92430473e+08  4.67257852e-02 
 7.08566557e+08  4.46531557e-02 
 7.25078669e+08  4.27283982e-02 
 7.41975572e+08  4.09639759e-02 
 7.59266232e+08  3.93678802e-02 
 7.76959826e+08  3.79445705e-02 
 7.95065744e+08  3.66957364e-02 
 8.13593593e+08  3.56208925e-02 
 8.32553207e+08  3.47178280e-02 
 8.51954648e+08  3.39829479e-02 
 8.71808210e+08  3.34115411e-02 
 8.92124431e+08  3.29980061e-02 
 9.12914092e+08  3.27360578e-02 
 9.34188226e+08  3.26189304e-02 
 9.55958123e+08  3.26395801e-02 
 9.78235335e+08  3.27908872e-02 
 1.00103169e+09  3.30658503e-02 
 1.02435927e+09  3.34577659e-02 
 1.04823047e+09  3.39603859e-02 
 1.07265796e+09  3.45680496e-02 
 1.09765469e+09  3.52757883e-02 
 1.12323393e+09  3.60794036e-02 
 1.14940927e+09  3.69755245e-02 
 1.17619457e+09  3.79616466e-02 
 1.20360408e+09  3.90361599e-02 
 1.23165232e+09  4.01983704e-02 
 1.26035418e+09  4.14485210e-02 
 1.28972490e+09  4.27878163e-02 
 1.31978006e+09  4.42184553e-02 
 1.35053561e+09  4.57436765e-02 
 1.38200788e+09  4.73678179e-02 
 1.41421356e+09  4.90963959e-02 
 1.44716975e+09  5.09362046e-02 
 1.48089393e+09  5.28954395e-02 
 1.51540401e+09  5.49838447e-02 
 1.55071830e+09  5.72128847e-02 
 1.58685553e+09  5.95959353e-02 
 1.62383489e+09  6.21484842e-02 
 1.66167599e+09  6.48883157e-02 
 1.70039893e+09  6.78356364e-02 
 1.74002425e+09  7.10130558e-02 
 1.78057299e+09  7.44452664e-02 
 1.82206665e+09  7.81581450e-02 
 1.86452726e+09  8.21767795e-02 
 1.90797735e+09  8.65215551e-02 
 1.95243999e+09  9.12008193e-02 
 1.99793876e+09  9.61976876e-02 
 2.04449781e+09  1.01447272e-01 
 2.09214185e+09  1.06799536e-01 
 2.14089617e+09  1.11964171e-01 
 2.19078664e+09  1.16442877e-01 
 2.24183974e+09  1.19480628e-01 
 2.29408255e+09  1.20113435e-01 
 2.34754280e+09  1.17413172e-01 
 2.40224887e+09  1.10920584e-01 
 2.45822978e+09  1.00998434e-01 
 2.51551525e+09  8.87561004e-02 
 2.57413567e+09  7.55759063e-02 
 2.63412215e+09  6.26550082e-02 
 2.69550653e+09  5.08629892e-02 
 2.75832139e+09  4.09078340e-02 
 2.82260005e+09  3.36943501e-02 
 2.88837664e+09  3.06285563e-02 
 2.95568605e+09  3.31321935e-02 
 3.02456401e+09  4.18568854e-02 
 3.09504707e+09  5.88390853e-02 
 3.16717263e+09  9.99736319e-02 
 3.24097898e+09  5.53825574e-02 
 3.31650528e+09  8.83007120e-02 
 3.39379160e+09  1.68850681e-01 
 3.47287898e+09  1.48910657e-01 
 3.55380937e+09  8.79973526e-02 
 3.63662572e+09  5.75695877e-02 
 3.72137199e+09  4.27769275e-02 
 3.80809314e+09  3.64674676e-02 
 3.89683521e+09  3.55129904e-02 
 3.98764528e+09  3.83452314e-02 
 4.08057155e+09  4.53709103e-02 
 4.17566333e+09  7.01398992e-02 
 4.27297108e+09  5.53888619e-02 
 4.37254645e+09  4.03326985e-02 
 4.47444228e+09  4.68425102e-02 
 4.57871264e+09  5.36100997e-02 
 4.68541287e+09  6.15765392e-02 
 4.79459960e+09  7.80970345e-02 
 4.90633076e+09  7.93595678e-02 
 5.02066566e+09  1.65998971e-01 
 5.13766496e+09  3.22358044e-02 
 5.25739076e+09  5.93146912e-02 
 5.37990660e+09  6.30015526e-02 
 5.50527749e+09  7.37261385e-02 
 5.63356997e+09  8.03901017e-02 
 5.76485211e+09  8.99793495e-02 
 5.89919360e+09  1.02645817e-01 
 6.03666571e+09  1.24085568e-01 
 6.17734142e+09  5.21575462e-02 
 6.32129537e+09  1.26933258e-01 
 6.46860395e+09  1.69083970e-01 
 6.61934535e+09  3.78449123e-01 
 6.77359956e+09  3.21815620e-01 
 6.93144843e+09  9.13627584e-02 
 7.09297575e+09  2.09376346e-02 
 7.25826722e+09  8.67415069e-02 
 7.42741057e+09  2.40016174e-01 
 7.60049556e+09  4.00837785e-02 
 7.77761404e+09  4.23074935e-02 
 7.95886001e+09  6.18647505e-02 
 8.14432966e+09  7.38741536e-02 
 8.33412140e+09  9.79150160e-02 
 8.52833597e+09  1.12529034e-01 
 8.72707642e+09  8.35544823e-02 
 8.93044823e+09  9.16722310e-02 
 9.13855932e+09  1.30875118e-01 
 9.35152014e+09  1.01392400e-01 
 9.56944371e+09  1.10140933e-01 
 9.79244566e+09  1.03650160e-01 
 1.00206443e+10  1.19136229e-01 
 1.02541609e+10  1.25829244e-01 
 1.04931192e+10  1.31895976e-01 
 1.07376460e+10  1.37910271e-01 
 1.09878712e+10  1.44053922e-01 
 1.12439276e+10  1.50471122e-01 
 1.15059509e+10  1.57337578e-01 
 1.17740804e+10  1.64922545e-01 
 1.20484582e+10  1.73707843e-01 
 1.23292299e+10  1.84690303e-01 
 1.26165447e+10  2.00306565e-01 
 1.29105549e+10  2.27356179e-01 
 1.32114166e+10  2.38224096e-01 
 1.35192894e+10  1.17503616e-01 
 1.38343368e+10  1.45049728e-01 
 1.41567259e+10  1.65041881e-01 
 1.44866277e+10  1.81339976e-01 
 1.48242175e+10  1.82437543e-01 
 1.51696743e+10  1.91454903e-01 
 1.55231815e+10  2.01603361e-01 
 1.58849266e+10  2.10225785e-01 
 1.62551017e+10  2.18338261e-01 
 1.66339032e+10  2.26275201e-01 
 1.70215321e+10  2.34173045e-01 
 1.74181941e+10  2.42111426e-01 
 1.78240998e+10  2.50144559e-01 
 1.82394645e+10  2.58313154e-01 
 1.86645086e+10  2.66650118e-01 
 1.90994578e+10  2.75183682e-01 
 1.95445429e+10  2.83939275e-01 
 2.00000000e+10  2.92940726e-01 
