 1.00000000e+08  2.12400642e-02 
 1.02330354e+08  2.14038389e-02 
 1.04715014e+08  2.15730552e-02 
 1.07155245e+08  2.17478636e-02 
 1.09652342e+08  2.19284205e-02 
 1.12207630e+08  2.21148882e-02 
 1.14822466e+08  2.23074358e-02 
 1.17498236e+08  2.25062396e-02 
 1.20236362e+08  2.27114842e-02 
 1.23038295e+08  2.29233631e-02 
 1.25905523e+08  2.31420795e-02 
 1.28839568e+08  2.33678473e-02 
 1.31841987e+08  2.36008922e-02 
 1.34914372e+08  2.38414525e-02 
 1.38058355e+08  2.40897804e-02 
 1.41275604e+08  2.43461436e-02 
 1.44567827e+08  2.46108260e-02 
 1.47936769e+08  2.48841293e-02 
 1.51384220e+08  2.51663750e-02 
 1.54912009e+08  2.54579053e-02 
 1.58522008e+08  2.57590853e-02 
 1.62216133e+08  2.60703047e-02 
 1.65996343e+08  2.63919796e-02 
 1.69864646e+08  2.67245550e-02 
 1.73823095e+08  2.70685066e-02 
 1.77873789e+08  2.74243433e-02 
 1.82018879e+08  2.77926097e-02 
 1.86260564e+08  2.81738890e-02 
 1.90601095e+08  2.85688056e-02 
 1.95042776e+08  2.89780282e-02 
 1.99587964e+08  2.94022731e-02 
 2.04239071e+08  2.98423075e-02 
 2.08998565e+08  3.02989532e-02 
 2.13868972e+08  3.07730904e-02 
 2.18852877e+08  3.12656616e-02 
 2.23952925e+08  3.17776759e-02 
 2.29171822e+08  3.23102133e-02 
 2.34512337e+08  3.28644287e-02 
 2.39977306e+08  3.34415568e-02 
 2.45569627e+08  3.40429163e-02 
 2.51292270e+08  3.46699137e-02 
 2.57148271e+08  3.53240472e-02 
 2.63140737e+08  3.60069095e-02 
 2.69272848e+08  3.67201894e-02 
 2.75547860e+08  3.74656724e-02 
 2.81969102e+08  3.82452381e-02 
 2.88539981e+08  3.90608546e-02 
 2.95263985e+08  3.99145688e-02 
 3.02144683e+08  4.08084897e-02 
 3.09185725e+08  4.17447636e-02 
 3.16390848e+08  4.27255385e-02 
 3.23763876e+08  4.37529122e-02 
 3.31308722e+08  4.48288612e-02 
 3.39029389e+08  4.59551433e-02 
 3.46929975e+08  4.71331655e-02 
 3.55014673e+08  4.83638079e-02 
 3.63287773e+08  4.96471915e-02 
 3.71753666e+08  5.09823753e-02 
 3.80416844e+08  5.23669671e-02 
 3.89281904e+08  5.37966318e-02 
 3.98353552e+08  5.52644830e-02 
 4.07636602e+08  5.67603510e-02 
 4.17135980e+08  5.82699352e-02 
 4.26856726e+08  5.97738757e-02 
 4.36804001e+08  6.12468220e-02 
 4.46983082e+08  6.26566377e-02 
 4.57399372e+08  6.39639592e-02 
 4.68058398e+08  6.51224053e-02 
 4.78965818e+08  6.60797885e-02 
 4.90127419e+08  6.67806541e-02 
 5.01549125e+08  6.71703113e-02 
 5.13236997e+08  6.72001886e-02 
 5.25197238e+08  6.68338742e-02 
 5.37436195e+08  6.60527422e-02 
 5.49960363e+08  6.48598432e-02 
 5.62776388e+08  6.32809571e-02 
 5.75891073e+08  6.13623825e-02 
 5.89311376e+08  5.91659307e-02 
 6.03044419e+08  5.67623154e-02 
 6.17097492e+08  5.42243933e-02 
 6.31478050e+08  5.16214714e-02 
 6.46193727e+08  4.90153640e-02 
 6.61252331e+08  4.64583112e-02 
 6.76661854e+08  4.39924712e-02 
 6.92430473e+08  4.16505144e-02 
 7.08566557e+08  3.94568390e-02 
 7.25078669e+08  3.74290181e-02 
 7.41975572e+08  3.55792134e-02 
 7.59266232e+08  3.39153966e-02 
 7.76959826e+08  3.24423120e-02 
 7.95065744e+08  3.11621695e-02 
 8.13593593e+08  3.00750978e-02 
 8.32553207e+08  2.91794125e-02 
 8.51954648e+08  2.84717674e-02 
 8.71808210e+08  2.79472569e-02 
 8.92124431e+08  2.75995330e-02 
 9.12914092e+08  2.74209795e-02 
 9.34188226e+08  2.74029610e-02 
 9.55958123e+08  2.75361415e-02 
 9.78235335e+08  2.78108438e-02 
 1.00103169e+09  2.82174162e-02 
 1.02435927e+09  2.87465714e-02 
 1.04823047e+09  2.93896716e-02 
 1.07265796e+09  3.01389483e-02 
 1.09765469e+09  3.09876546e-02 
 1.12323393e+09  3.19301585e-02 
 1.14940927e+09  3.29619885e-02 
 1.17619457e+09  3.40798466e-02 
 1.20360408e+09  3.52816014e-02 
 1.23165232e+09  3.65662735e-02 
 1.26035418e+09  3.79340226e-02 
 1.28972490e+09  3.93861438e-02 
 1.31978006e+09  4.09250788e-02 
 1.35053561e+09  4.25544478e-02 
 1.38200788e+09  4.42791050e-02 
 1.41421356e+09  4.61052235e-02 
 1.44716975e+09  4.80404116e-02 
 1.48089393e+09  5.00938666e-02 
 1.51540401e+09  5.22765698e-02 
 1.55071830e+09  5.46015267e-02 
 1.58685553e+09  5.70840556e-02 
 1.62383489e+09  5.97421232e-02 
 1.66167599e+09  6.25967175e-02 
 1.70039893e+09  6.56722335e-02 
 1.74002425e+09  6.89968090e-02 
 1.78057299e+09  7.26024878e-02 
 1.82206665e+09  7.65249607e-02 
 1.86452726e+09  8.08024012e-02 
 1.90797735e+09  8.54724765e-02 
 1.95243999e+09  9.05658127e-02 
 1.99793876e+09  9.60927778e-02 
 2.04449781e+09  1.02018146e-01 
 2.09214185e+09  1.08215140e-01 
 2.14089617e+09  1.14388620e-01 
 2.19078664e+09  1.19965064e-01 
 2.24183974e+09  1.23984859e-01 
 2.29408255e+09  1.25121869e-01 
 2.34754280e+09  1.22037563e-01 
 2.40224887e+09  1.14101833e-01 
 2.45822978e+09  1.01966191e-01 
 2.51551525e+09  8.73186216e-02 
 2.57413567e+09  7.20146338e-02 
 2.63412215e+09  5.74270614e-02 
 2.69550653e+09  4.43893724e-02 
 2.75832139e+09  3.35652452e-02 
 2.82260005e+09  2.61072306e-02 
 2.88837664e+09  2.41417928e-02 
 2.95568605e+09  2.89748121e-02 
 3.02456401e+09  3.98637820e-02 
 3.09504707e+09  5.82607124e-02 
 3.16717263e+09  1.00179507e-01 
 3.24097898e+09  4.48426413e-02 
 3.31650528e+09  9.02597583e-02 
 3.39379160e+09  1.74305116e-01 
 3.47287898e+09  1.61338174e-01 
 3.55380937e+09  9.27102261e-02 
 3.63662572e+09  5.79614974e-02 
 3.72137199e+09  4.06462707e-02 
 3.80809314e+09  3.21751080e-02 
 3.89683521e+09  2.94647135e-02 
 3.98764528e+09  3.03205810e-02 
 4.08057155e+09  3.31367862e-02 
 4.17566333e+09  3.69649147e-02 
 4.27297108e+09  4.13656727e-02 
 4.37254645e+09  4.62172175e-02 
 4.47444228e+09  5.15867228e-02 
 4.57871264e+09  5.77942718e-02 
 4.68541287e+09  6.57773337e-02 
 4.79459960e+09  8.07626890e-02 
 4.90633076e+09  7.67050287e-02 
 5.02066566e+09  1.45845240e-01 
 5.13766496e+09  2.06185462e-02 
 5.25739076e+09  6.98899350e-02 
 5.37990660e+09  5.74749450e-02 
 5.50527749e+09  6.89173197e-02 
 5.63356997e+09  7.48023840e-02 
 5.76485211e+09  8.66208499e-02 
 5.89919360e+09  9.87603813e-02 
 6.03666571e+09  1.17461721e-01 
 6.17734142e+09  2.45683591e-01 
 6.32129537e+09  1.12981753e-01 
 6.46860395e+09  1.88616590e-01 
 6.61934535e+09  1.25426515e-01 
 6.77359956e+09  3.88355497e-01 
 6.93144843e+09  5.21037076e-01 
 7.09297575e+09  5.41110147e-02 
 7.25826722e+09  2.78026806e-02 
 7.42741057e+09  3.83923265e-02 
 7.60049556e+09  9.35148371e-02 
 7.77761404e+09  8.65893582e-02 
 7.95886001e+09  4.73169945e-02 
 8.14432966e+09  5.24040652e-02 
 8.33412140e+09  6.26690942e-02 
 8.52833597e+09  9.30008821e-02 
 8.72707642e+09  5.49028581e-02 
 8.93044823e+09  9.03631135e-02 
 9.13855932e+09  9.43514610e-02 
 9.35152014e+09  1.00132858e-01 
 9.56944371e+09  1.09394101e-01 
 9.79244566e+09  1.17081444e-01 
 1.00206443e+10  1.17505537e-01 
 1.02541609e+10  1.24872484e-01 
 1.04931192e+10  1.31059034e-01 
 1.07376460e+10  1.37132963e-01 
 1.09878712e+10  1.43320658e-01 
 1.12439276e+10  1.49777654e-01 
 1.15059509e+10  1.56684257e-01 
 1.17740804e+10  1.64311997e-01 
 1.20484582e+10  1.73142816e-01 
 1.23292299e+10  1.84168366e-01 
 1.26165447e+10  1.99810326e-01 
 1.29105549e+10  2.27113768e-01 
 1.32114166e+10  2.53600091e-01 
 1.35192894e+10  1.12247769e-01 
 1.38343368e+10  1.40309153e-01 
 1.41567259e+10  1.61615119e-01 
 1.44866277e+10  1.80401352e-01 
 1.48242175e+10  1.84397895e-01 
 1.51696743e+10  1.91382553e-01 
 1.55231815e+10  2.00423574e-01 
 1.58849266e+10  2.09004997e-01 
 1.62551017e+10  2.17131935e-01 
 1.66339032e+10  2.25094494e-01 
 1.70215321e+10  2.33021068e-01 
 1.74181941e+10  2.40989558e-01 
 1.78240998e+10  2.49054179e-01 
 1.82394645e+10  2.57256235e-01 
 1.86645086e+10  2.65629486e-01 
 1.90994578e+10  2.74203162e-01 
 1.95445429e+10  2.83003824e-01 
 2.00000000e+10  2.92056575e-01 
