 1.00000000e+08  2.05271219e-02 
 1.02330354e+08  2.07451854e-02 
 1.04715014e+08  2.09729842e-02 
 1.07155245e+08  2.12109568e-02 
 1.09652342e+08  2.14595537e-02 
 1.12207630e+08  2.17192347e-02 
 1.14822466e+08  2.19904646e-02 
 1.17498236e+08  2.22737087e-02 
 1.20236362e+08  2.25694255e-02 
 1.23038295e+08  2.28780585e-02 
 1.25905523e+08  2.32000238e-02 
 1.28839568e+08  2.35356964e-02 
 1.31841987e+08  2.38853903e-02 
 1.34914372e+08  2.42493353e-02 
 1.38058355e+08  2.46276470e-02 
 1.41275604e+08  2.50202889e-02 
 1.44567827e+08  2.54270265e-02 
 1.47936769e+08  2.58473698e-02 
 1.51384220e+08  2.62805040e-02 
 1.54912009e+08  2.67252058e-02 
 1.58522008e+08  2.71797440e-02 
 1.62216133e+08  2.76417634e-02 
 1.65996343e+08  2.81081533e-02 
 1.69864646e+08  2.85749005e-02 
 1.73823095e+08  2.90369353e-02 
 1.77873789e+08  2.94879777e-02 
 1.82018879e+08  2.99203999e-02 
 1.86260564e+08  3.03251298e-02 
 1.90601095e+08  3.06916230e-02 
 1.95042776e+08  3.10079443e-02 
 1.99587964e+08  3.12609979e-02 
 2.04239071e+08  3.14369468e-02 
 2.08998565e+08  3.15218435e-02 
 2.13868972e+08  3.15024681e-02 
 2.18852877e+08  3.13673277e-02 
 2.23952925e+08  3.11077182e-02 
 2.29171822e+08  3.07187105e-02 
 2.34512337e+08  3.01998955e-02 
 2.39977306e+08  2.95557433e-02 
 2.45569627e+08  2.87954857e-02 
 2.51292270e+08  2.79325219e-02 
 2.57148271e+08  2.69834369e-02 
 2.63140737e+08  2.59667922e-02 
 2.69272848e+08  2.49018753e-02 
 2.75547860e+08  2.38075730e-02 
 2.81969102e+08  2.27014827e-02 
 2.88539981e+08  2.15993146e-02 
 2.95263985e+08  2.05145793e-02 
 3.02144683e+08  1.94585191e-02 
 3.09185725e+08  1.84402216e-02 
 3.16390848e+08  1.74668527e-02 
 3.23763876e+08  1.65439541e-02 
 3.31308722e+08  1.56757628e-02 
 3.39029389e+08  1.48655238e-02 
 3.46929975e+08  1.41157781e-02 
 3.55014673e+08  1.34286181e-02 
 3.63287773e+08  1.28059124e-02 
 3.71753666e+08  1.22495060e-02 
 3.80416844e+08  1.17614224e-02 
 3.89281904e+08  1.13441158e-02 
 3.98353552e+08  1.10008916e-02 
 4.07636602e+08  1.07367933e-02 
 4.17135980e+08  1.05608074e-02 
 4.26856726e+08  1.04922831e-02 
 4.36804001e+08  1.05839091e-02 
 4.46983082e+08  1.10339562e-02 
 4.57399372e+08  1.30257075e-02 
 4.68058398e+08  1.53446778e-02 
 4.78965818e+08  1.15453389e-02 
 4.90127419e+08  1.12091794e-02 
 5.01549125e+08  1.14844780e-02 
 5.13236997e+08  1.20161148e-02 
 5.25197238e+08  1.28483144e-02 
 5.37436195e+08  1.44262756e-02 
 5.49960363e+08  1.59164012e-02 
 5.62776388e+08  1.56920017e-02 
 5.75891073e+08  1.46868253e-02 
 5.89311376e+08  1.60870752e-02 
 6.03044419e+08  1.72242367e-02 
 6.17097492e+08  1.86009524e-02 
 6.31478050e+08  2.07867111e-02 
 6.46193727e+08  2.34867274e-02 
 6.61252331e+08  2.68718570e-02 
 6.76661854e+08  3.11298104e-02 
 6.92430473e+08  3.63100707e-02 
 7.08566557e+08  4.18626132e-02 
 7.25078669e+08  4.59057964e-02 
 7.41975572e+08  4.59018135e-02 
 7.59266232e+08  4.18445623e-02 
 7.76959826e+08  3.63291078e-02 
 7.95065744e+08  3.13157835e-02 
 8.13593593e+08  2.73766704e-02 
 8.32553207e+08  2.44510627e-02 
 8.51954648e+08  2.23327544e-02 
 8.71808210e+08  2.08259714e-02 
 8.92124431e+08  1.97749370e-02 
 9.12914092e+08  1.90599285e-02 
 9.34188226e+08  1.85882329e-02 
 9.55958123e+08  1.82880111e-02 
 9.78235335e+08  1.81097727e-02 
 1.00103169e+09  1.80453343e-02 
 1.02435927e+09  1.81883667e-02 
 1.04823047e+09  1.88736890e-02 
 1.07265796e+09  2.08292681e-02 
 1.09765469e+09  2.46953513e-02 
 1.12323393e+09  2.94515064e-02 
 1.14940927e+09  3.30798512e-02 
 1.17619457e+09  3.41217460e-02 
 1.20360408e+09  3.32871814e-02 
 1.23165232e+09  3.15516598e-02 
 1.26035418e+09  2.95114668e-02 
 1.28972490e+09  2.74824713e-02 
 1.31978006e+09  2.56311982e-02 
 1.35053561e+09  2.40376233e-02 
 1.38200788e+09  2.27233352e-02 
 1.41421356e+09  2.16667469e-02 
 1.44716975e+09  2.08140700e-02 
 1.48089393e+09  2.00906680e-02 
 1.51540401e+09  1.94154982e-02 
 1.55071830e+09  1.87181955e-02 
 1.58685553e+09  1.79542756e-02 
 1.62383489e+09  1.71121490e-02 
 1.66167599e+09  1.62089476e-02 
 1.70039893e+09  1.52784182e-02 
 1.74002425e+09  1.43576880e-02 
 1.78057299e+09  1.34780925e-02 
 1.82206665e+09  1.26613455e-02 
 1.86452726e+09  1.19196513e-02 
 1.90797735e+09  1.12578134e-02 
 1.95243999e+09  1.06759862e-02 
 1.99793876e+09  1.01724114e-02 
 2.04449781e+09  9.74577312e-03 
 2.09214185e+09  9.39656680e-03 
 2.14089617e+09  9.12634054e-03 
 2.19078664e+09  8.93365982e-03 
 2.24183974e+09  8.80779195e-03 
 2.29408255e+09  8.72664398e-03 
 2.34754280e+09  8.66980765e-03 
 2.40224887e+09  8.64161567e-03 
 2.45822978e+09  8.66831527e-03 
 2.51551525e+09  8.76578658e-03 
 2.57413567e+09  8.92682603e-03 
 2.63412215e+09  9.13436901e-03 
 2.69550653e+09  9.37346272e-03 
 2.75832139e+09  9.63444648e-03 
 2.82260005e+09  9.91217127e-03 
 2.88837664e+09  1.02048455e-02 
 2.95568605e+09  1.05139297e-02 
 3.02456401e+09  1.08471612e-02 
 3.09504707e+09  1.12396638e-02 
 3.16717263e+09  1.20478012e-02 
 3.24097898e+09  1.15286160e-02 
 3.31650528e+09  1.19870760e-02 
 3.39379160e+09  1.24421793e-02 
 3.47287898e+09  1.26504705e-02 
 3.55380937e+09  1.31139515e-02 
 3.63662572e+09  1.35479623e-02 
 3.72137199e+09  1.40014441e-02 
 3.80809314e+09  1.44952866e-02 
 3.89683521e+09  1.50384249e-02 
 3.98764528e+09  1.57234594e-02 
 4.08057155e+09  1.69694344e-02 
 4.17566333e+09  1.43688608e-02 
 4.27297108e+09  1.62992294e-02 
 4.37254645e+09  1.73426790e-02 
 4.47444228e+09  1.84231486e-02 
 4.57871264e+09  1.99318543e-02 
 4.68541287e+09  2.32601129e-02 
 4.79459960e+09  1.59186987e-02 
 4.90633076e+09  1.90822020e-02 
 5.02066566e+09  2.29713506e-02 
 5.13766496e+09  1.82302322e-02 
 5.25739076e+09  2.17249804e-02 
 5.37990660e+09  2.55051278e-02 
 5.50527749e+09  3.45569699e-02 
 5.63356997e+09  4.04175412e-02 
 5.76485211e+09  1.84200415e-02 
 5.89919360e+09  2.37791238e-02 
 6.03666571e+09  2.55433283e-02 
 6.17734142e+09  2.40496362e-02 
 6.32129537e+09  1.99454341e-02 
 6.46860395e+09  1.98991873e-02 
 6.61934535e+09  2.27862860e-02 
 6.77359956e+09  2.32701724e-02 
 6.93144843e+09  2.80533114e-02 
 7.09297575e+09  3.87529798e-02 
 7.25826722e+09  2.56004099e-02 
 7.42741057e+09  2.44948781e-02 
 7.60049556e+09  3.68680462e-02 
 7.77761404e+09  2.85205783e-02 
 7.95886001e+09  1.77065017e-02 
 8.14432966e+09  2.13155502e-02 
 8.33412140e+09  2.34409679e-02 
 8.52833597e+09  3.67773076e-02 
 8.72707642e+09  2.79623163e-02 
 8.93044823e+09  3.67128817e-02 
 9.13855932e+09  2.59209923e-02 
 9.35152014e+09  2.87277101e-02 
 9.56944371e+09  2.94174178e-02 
 9.79244566e+09  3.13714557e-02 
 1.00206443e+10  3.18179477e-02 
 1.02541609e+10  3.34916391e-02 
 1.04931192e+10  3.50580867e-02 
 1.07376460e+10  3.66744417e-02 
 1.09878712e+10  3.83952022e-02 
 1.12439276e+10  4.02634873e-02 
 1.15059509e+10  4.23195050e-02 
 1.17740804e+10  4.45866784e-02 
 1.20484582e+10  4.70098034e-02 
 1.23292299e+10  4.92590176e-02 
 1.26165447e+10  5.03060242e-02 
 1.29105549e+10  4.84827078e-02 
 1.32114166e+10  4.41455607e-02 
 1.35192894e+10  4.07778620e-02 
 1.38343368e+10  4.00436022e-02 
 1.41567259e+10  4.12417393e-02 
 1.44866277e+10  4.63068740e-02 
 1.48242175e+10  4.86980796e-02 
 1.51696743e+10  4.93136979e-02 
 1.55231815e+10  4.83364479e-02 
 1.58849266e+10  5.27227194e-02 
 1.62551017e+10  5.55905783e-02 
 1.66339032e+10  5.83988859e-02 
 1.70215321e+10  6.13566145e-02 
 1.74181941e+10  6.45323538e-02 
 1.78240998e+10  6.79801671e-02 
 1.82394645e+10  7.17608967e-02 
 1.86645086e+10  7.59498182e-02 
 1.90994578e+10  8.06432528e-02 
 1.95445429e+10  8.59670328e-02 
 2.00000000e+10  9.20882817e-02 
