 1.00000000e+08  2.00152463e-02 
 1.02330354e+08  2.02099642e-02 
 1.04715014e+08  2.04142441e-02 
 1.07155245e+08  2.06285447e-02 
 1.09652342e+08  2.08533380e-02 
 1.12207630e+08  2.10891060e-02 
 1.14822466e+08  2.13363374e-02 
 1.17498236e+08  2.15955229e-02 
 1.20236362e+08  2.18671487e-02 
 1.23038295e+08  2.21516879e-02 
 1.25905523e+08  2.24495899e-02 
 1.28839568e+08  2.27612661e-02 
 1.31841987e+08  2.30870718e-02 
 1.34914372e+08  2.34272836e-02 
 1.38058355e+08  2.37820704e-02 
 1.41275604e+08  2.41514573e-02 
 1.44567827e+08  2.45352813e-02 
 1.47936769e+08  2.49331359e-02 
 1.51384220e+08  2.53443039e-02 
 1.54912009e+08  2.57676766e-02 
 1.58522008e+08  2.62016574e-02 
 1.62216133e+08  2.66440488e-02 
 1.65996343e+08  2.70919239e-02 
 1.69864646e+08  2.75414837e-02 
 1.73823095e+08  2.79879049e-02 
 1.77873789e+08  2.84251880e-02 
 1.82018879e+08  2.88460213e-02 
 1.86260564e+08  2.92416801e-02 
 1.90601095e+08  2.96019944e-02 
 1.95042776e+08  2.99154185e-02 
 1.99587964e+08  3.01692450e-02 
 2.04239071e+08  3.03500006e-02 
 2.08998565e+08  3.04440469e-02 
 2.13868972e+08  3.04383839e-02 
 2.18852877e+08  3.03216126e-02 
 2.23952925e+08  3.00849631e-02 
 2.29171822e+08  2.97232543e-02 
 2.34512337e+08  2.92356269e-02 
 2.39977306e+08  2.86259072e-02 
 2.45569627e+08  2.79025129e-02 
 2.51292270e+08  2.70778960e-02 
 2.57148271e+08  2.61676085e-02 
 2.63140737e+08  2.51891433e-02 
 2.69272848e+08  2.41607273e-02 
 2.75547860e+08  2.31002285e-02 
 2.81969102e+08  2.20242887e-02 
 2.88539981e+08  2.09477324e-02 
 2.95263985e+08  1.98832510e-02 
 3.02144683e+08  1.88413212e-02 
 3.09185725e+08  1.78303008e-02 
 3.16390848e+08  1.68566417e-02 
 3.23763876e+08  1.59251677e-02 
 3.31308722e+08  1.50393770e-02 
 3.39029389e+08  1.42017429e-02 
 3.46929975e+08  1.34139967e-02 
 3.55014673e+08  1.26773877e-02 
 3.63287773e+08  1.19929230e-02 
 3.71753666e+08  1.13615978e-02 
 3.80416844e+08  1.07846429e-02 
 3.89281904e+08  1.02638420e-02 
 3.98353552e+08  9.80204471e-03 
 4.07636602e+08  9.40420297e-03 
 4.17135980e+08  9.07990418e-03 
 4.26856726e+08  8.85082682e-03 
 4.36804001e+08  8.77817390e-03 
 4.46983082e+08  9.10087174e-03 
 4.57399372e+08  1.12842571e-02 
 4.68058398e+08  1.45744731e-02 
 4.78965818e+08  9.86319365e-03 
 4.90127419e+08  9.04277338e-03 
 5.01549125e+08  9.10574135e-03 
 5.13236997e+08  9.67674525e-03 
 5.25197238e+08  1.12948245e-02 
 5.37436195e+08  1.72121339e-02 
 5.49960363e+08  1.10559776e-02 
 5.62776388e+08  1.06549267e-02 
 5.75891073e+08  1.44724582e-02 
 5.89311376e+08  1.16453050e-02 
 6.03044419e+08  6.61646623e-03 
 6.17097492e+08  8.22540352e-03 
 6.31478050e+08  9.49835544e-03 
 6.46193727e+08  1.09714580e-02 
 6.61252331e+08  1.27390114e-02 
 6.76661854e+08  1.49413194e-02 
 6.92430473e+08  1.76692986e-02 
 7.08566557e+08  2.07405221e-02 
 7.25078669e+08  2.32984863e-02 
 7.41975572e+08  2.40341382e-02 
 7.59266232e+08  2.27580710e-02 
 7.76959826e+08  2.06335231e-02 
 7.95065744e+08  1.86290441e-02 
 8.13593593e+08  1.70599965e-02 
 8.32553207e+08  1.59207279e-02 
 8.51954648e+08  1.51235602e-02 
 8.71808210e+08  1.45806749e-02 
 8.92124431e+08  1.42217292e-02 
 9.12914092e+08  1.39928837e-02 
 9.34188226e+08  1.38518430e-02 
 9.55958123e+08  1.37626238e-02 
 9.78235335e+08  1.36906240e-02 
 1.00103169e+09  1.35981332e-02 
 1.02435927e+09  1.34422771e-02 
 1.04823047e+09  1.31856112e-02 
 1.07265796e+09  1.28544595e-02 
 1.09765469e+09  1.27081677e-02 
 1.12323393e+09  1.32639372e-02 
 1.14940927e+09  1.43860496e-02 
 1.17619457e+09  1.54721777e-02 
 1.20360408e+09  1.61976596e-02 
 1.23165232e+09  1.66236423e-02 
 1.26035418e+09  1.68809878e-02 
 1.28972490e+09  1.70641365e-02 
 1.31978006e+09  1.72279582e-02 
 1.35053561e+09  1.74005760e-02 
 1.38200788e+09  1.75940996e-02 
 1.41421356e+09  1.78118709e-02 
 1.44716975e+09  1.80530490e-02 
 1.48089393e+09  1.83154159e-02 
 1.51540401e+09  1.85970231e-02 
 1.55071830e+09  1.88969796e-02 
 1.58685553e+09  1.92154954e-02 
 1.62383489e+09  1.95533662e-02 
 1.66167599e+09  1.99112850e-02 
 1.70039893e+09  2.02893923e-02 
 1.74002425e+09  2.06872217e-02 
 1.78057299e+09  2.11039205e-02 
 1.82206665e+09  2.15385315e-02 
 1.86452726e+09  2.19902000e-02 
 1.90797735e+09  2.24582706e-02 
 1.95243999e+09  2.29422884e-02 
 1.99793876e+09  2.34419241e-02 
 2.04449781e+09  2.39568189e-02 
 2.09214185e+09  2.44863132e-02 
 2.14089617e+09  2.50290159e-02 
 2.19078664e+09  2.55823019e-02 
 2.24183974e+09  2.61423749e-02 
 2.29408255e+09  2.67066435e-02 
 2.34754280e+09  2.72795452e-02 
 2.40224887e+09  2.78756098e-02 
 2.45822978e+09  2.85102149e-02 
 2.51551525e+09  2.91885073e-02 
 2.57413567e+09  2.99077214e-02 
 2.63412215e+09  3.06648474e-02 
 2.69550653e+09  3.14602586e-02 
 2.75832139e+09  3.22984290e-02 
 2.82260005e+09  3.31888866e-02 
 2.88837664e+09  3.41498020e-02 
 2.95568605e+09  3.52192776e-02 
 3.02456401e+09  3.64959910e-02 
 3.09504707e+09  3.83513226e-02 
 3.16717263e+09  4.23057605e-02 
 3.24097898e+09  3.46398053e-02 
 3.31650528e+09  3.77841260e-02 
 3.39379160e+09  3.96541752e-02 
 3.47287898e+09  4.08290271e-02 
 3.55380937e+09  4.24586003e-02 
 3.63662572e+09  4.40648348e-02 
 3.72137199e+09  4.58029907e-02 
 3.80809314e+09  4.78283889e-02 
 3.89683521e+09  5.01296607e-02 
 3.98764528e+09  5.35933021e-02 
 4.08057155e+09  6.14925249e-02 
 4.17566333e+09  2.69964457e-02 
 4.27297108e+09  4.84906597e-02 
 4.37254645e+09  5.46509530e-02 
 4.47444228e+09  5.86452015e-02 
 4.57871264e+09  6.48909795e-02 
 4.68541287e+09  7.60136795e-02 
 4.79459960e+09  3.42147947e-02 
 4.90633076e+09  6.03574055e-02 
 5.02066566e+09  7.84308695e-02 
 5.13766496e+09  4.34029473e-02 
 5.25739076e+09  6.35001958e-02 
 5.37990660e+09  7.48408294e-02 
 5.50527749e+09  8.66431536e-02 
 5.63356997e+09  6.49094715e-02 
 5.76485211e+09  1.02395789e-01 
 5.89919360e+09  1.26151025e-01 
 6.03666571e+09  1.21739778e-01 
 6.17734142e+09  1.07902564e-01 
 6.32129537e+09  4.55637076e-02 
 6.46860395e+09  3.84850549e-02 
 6.61934535e+09  6.37440753e-02 
 6.77359956e+09  3.07860502e-02 
 6.93144843e+09  3.60573138e-02 
 7.09297575e+09  8.06134118e-02 
 7.25826722e+09  3.95027018e-02 
 7.42741057e+09  1.71668613e-02 
 7.60049556e+09  4.81541572e-02 
 7.77761404e+09  3.84021361e-02 
 7.95886001e+09  4.06496232e-02 
 8.14432966e+09  6.92220702e-02 
 8.33412140e+09  3.39492885e-02 
 8.52833597e+09  3.87026264e-02 
 8.72707642e+09  4.56868892e-02 
 8.93044823e+09  5.65388467e-02 
 9.13855932e+09  3.06427113e-02 
 9.35152014e+09  6.22386736e-02 
 9.56944371e+09  6.57138939e-02 
 9.79244566e+09  6.85781703e-02 
 1.00206443e+10  7.35824328e-02 
 1.02541609e+10  7.76226610e-02 
 1.04931192e+10  8.15642976e-02 
 1.07376460e+10  8.55906216e-02 
 1.09878712e+10  8.97957892e-02 
 1.12439276e+10  9.42551523e-02 
 1.15059509e+10  9.90218359e-02 
 1.17740804e+10  1.04071876e-01 
 1.20484582e+10  1.09119174e-01 
 1.23292299e+10  1.13093535e-01 
 1.26165447e+10  1.13155397e-01 
 1.29105549e+10  1.05347964e-01 
 1.32114166e+10  9.19256153e-02 
 1.35192894e+10  8.29508816e-02 
 1.38343368e+10  8.20573167e-02 
 1.41567259e+10  8.63035906e-02 
 1.44866277e+10  1.02167767e-01 
 1.48242175e+10  1.02883706e-01 
 1.51696743e+10  1.12960891e-01 
 1.55231815e+10  9.78148556e-02 
 1.58849266e+10  1.08735401e-01 
 1.62551017e+10  1.14123696e-01 
 1.66339032e+10  1.18836372e-01 
 1.70215321e+10  1.23403515e-01 
 1.74181941e+10  1.27939696e-01 
 1.78240998e+10  1.32491378e-01 
 1.82394645e+10  1.37087916e-01 
 1.86645086e+10  1.41752758e-01 
 1.90994578e+10  1.46506924e-01 
 1.95445429e+10  1.51370410e-01 
 2.00000000e+10  1.56362512e-01 
