 1.00000000e+08  2.06341268e-02 
 1.02329299e+08  2.08524882e-02 
 1.04712855e+08  2.10800128e-02 
 1.07151931e+08  2.13170535e-02 
 1.09647820e+08  2.15639634e-02 
 1.12201845e+08  2.18210908e-02 
 1.14815362e+08  2.20887732e-02 
 1.17489755e+08  2.23673290e-02 
 1.20226443e+08  2.26570477e-02 
 1.23026877e+08  2.29581765e-02 
 1.25892541e+08  2.32709039e-02 
 1.28824955e+08  2.35953395e-02 
 1.31825674e+08  2.39314878e-02 
 1.34896288e+08  2.42792167e-02 
 1.38038426e+08  2.46382186e-02 
 1.41253754e+08  2.50079629e-02 
 1.44543977e+08  2.53876382e-02 
 1.47910839e+08  2.57760846e-02 
 1.51356125e+08  2.61717119e-02 
 1.54881662e+08  2.65724071e-02 
 1.58489319e+08  2.69754279e-02 
 1.62181010e+08  2.73772868e-02 
 1.65958691e+08  2.77736283e-02 
 1.69824365e+08  2.81591077e-02 
 1.73780083e+08  2.85272827e-02 
 1.77827941e+08  2.88705352e-02 
 1.81970086e+08  2.91800469e-02 
 1.86208714e+08  2.94458560e-02 
 1.90546072e+08  2.96570283e-02 
 1.94984460e+08  2.98019724e-02 
 1.99526231e+08  2.98689205e-02 
 2.04173794e+08  2.98465766e-02 
 2.08929613e+08  2.97249058e-02 
 2.13796209e+08  2.94959984e-02 
 2.18776162e+08  2.91549087e-02 
 2.23872114e+08  2.87003439e-02 
 2.29086765e+08  2.81350799e-02 
 2.34422882e+08  2.74660118e-02 
 2.39883292e+08  2.67038114e-02 
 2.45470892e+08  2.58622302e-02 
 2.51188643e+08  2.49571558e-02 
 2.57039578e+08  2.40055626e-02 
 2.63026799e+08  2.30245011e-02 
 2.69153480e+08  2.20302384e-02 
 2.75422870e+08  2.10376193e-02 
 2.81838293e+08  2.00596667e-02 
 2.88403150e+08  1.91074024e-02 
 2.95120923e+08  1.81898453e-02 
 3.01995172e+08  1.73141373e-02 
 3.09029543e+08  1.64857444e-02 
 3.16227766e+08  1.57086943e-02 
 3.23593657e+08  1.49858175e-02 
 3.31131121e+08  1.43189733e-02 
 3.38844156e+08  1.37092478e-02 
 3.46736850e+08  1.31571212e-02 
 3.54813389e+08  1.26626032e-02 
 3.63078055e+08  1.22253430e-02 
 3.71535229e+08  1.18447207e-02 
 3.80189396e+08  1.15199291e-02 
 3.89045145e+08  1.12500593e-02 
 3.98107171e+08  1.10342030e-02 
 4.07380278e+08  1.08715930e-02 
 4.16869383e+08  1.07618066e-02 
 4.26579519e+08  1.07050826e-02 
 4.36515832e+08  1.07028375e-02 
 4.46683592e+08  1.07585666e-02 
 4.57088190e+08  1.08795492e-02 
 4.67735141e+08  1.10804235e-02 
 4.78630092e+08  1.13917280e-02 
 4.89778819e+08  1.18842287e-02 
 5.01187234e+08  1.27572054e-02 
 5.12861384e+08  1.46634757e-02 
 5.24807460e+08  1.48503953e-02 
 5.37031796e+08  1.94739063e-02 
 5.49540874e+08  2.46920257e-02 
 5.62341325e+08  1.38237563e-02 
 5.75439937e+08  1.24062592e-02 
 5.88843655e+08  1.27728810e-02 
 6.02559586e+08  1.40157948e-02 
 6.16595002e+08  1.76075770e-02 
 6.30957344e+08  1.76486724e-02 
 6.45654229e+08  2.04595299e-02 
 6.60693448e+08  1.60218177e-02 
 6.76082975e+08  1.99565227e-02 
 6.91830971e+08  1.87525362e-02 
 7.07945784e+08  1.57793227e-02 
 7.24435960e+08  1.51236285e-02 
 7.41310241e+08  1.52926402e-02 
 7.58577575e+08  1.68524122e-02 
 7.76247117e+08  1.79268688e-02 
 7.94328235e+08  2.10620915e-02 
 8.12830516e+08  2.18194049e-02 
 8.31763771e+08  2.72023401e-02 
 8.51138038e+08  3.14114962e-02 
 8.70963590e+08  3.13917822e-02 
 8.91250938e+08  1.95970775e-02 
 9.12010839e+08  2.89050974e-02 
 9.33254301e+08  2.60454899e-02 
 9.54992586e+08  2.33345826e-02 
 9.77237221e+08  2.11521744e-02 
 1.00000000e+09  1.92968016e-02 
 1.02329299e+09  1.75028485e-02 
 1.04712855e+09  1.84487873e-02 
 1.07151931e+09  1.91716394e-02 
 1.09647820e+09  2.22887424e-02 
 1.12201845e+09  2.35375685e-02 
 1.14815362e+09  2.77934831e-02 
 1.17489755e+09  3.03488769e-02 
 1.20226443e+09  3.17784385e-02 
 1.23026877e+09  3.17898594e-02 
 1.25892541e+09  2.98301532e-02 
 1.28824955e+09  2.53580400e-02 
 1.31825674e+09  1.97420609e-02 
 1.34896288e+09  2.54376043e-02 
 1.38038426e+09  3.29465343e-02 
 1.41253754e+09  3.24992760e-02 
 1.44543977e+09  3.02592339e-02 
 1.47910839e+09  2.80358445e-02 
 1.51356125e+09  2.59778432e-02 
 1.54881662e+09  2.38457296e-02 
 1.58489319e+09  2.18271376e-02 
 1.62181010e+09  2.59674749e-02 
 1.65958691e+09  3.06722663e-02 
 1.69824365e+09  3.04096674e-02 
 1.73780083e+09  2.95896860e-02 
 1.77827941e+09  2.79727097e-02 
 1.81970086e+09  2.18509867e-02 
 1.86208714e+09  2.82403375e-02 
 1.90546072e+09  2.89713830e-02 
 1.94984460e+09  2.89620164e-02 
 1.99526231e+09  2.88968251e-02 
 2.04173794e+09  2.88445255e-02 
 2.08929613e+09  2.88218870e-02 
 2.13796209e+09  2.88329160e-02 
 2.18776162e+09  2.88735093e-02 
 2.23872114e+09  2.89290639e-02 
 2.29086765e+09  2.89712500e-02 
 2.34422882e+09  2.89633442e-02 
 2.39883292e+09  2.88844048e-02 
 2.45470892e+09  2.87568309e-02 
 2.51188643e+09  2.86364727e-02 
 2.57039578e+09  2.85716958e-02 
 2.63026799e+09  2.85823657e-02 
 2.69153480e+09  2.86682711e-02 
 2.75422870e+09  2.88235934e-02 
 2.81838293e+09  2.90458495e-02 
 2.88403150e+09  2.93412325e-02 
 2.95120923e+09  2.97324631e-02 
 3.01995172e+09  3.02825049e-02 
 3.09029543e+09  3.11872009e-02 
 3.16227766e+09  3.04659430e-02 
 3.23593657e+09  2.87102657e-02 
 3.31131121e+09  3.17594356e-02 
 3.38844156e+09  2.60052531e-02 
 3.46736850e+09  2.88913135e-02 
 3.54813389e+09  3.00374139e-02 
 3.63078055e+09  3.09864037e-02 
 3.71535229e+09  3.18697548e-02 
 3.80189396e+09  3.29501296e-02 
 3.89045145e+09  3.21957790e-02 
 3.98107171e+09  3.44717089e-02 
 4.07380278e+09  3.68209061e-02 
 4.16869383e+09  2.48888802e-02 
 4.26579519e+09  3.47596997e-02 
 4.36515832e+09  3.72929624e-02 
 4.46683592e+09  3.98073423e-02 
 4.57088190e+09  4.33959049e-02 
 4.67735141e+09  4.89551370e-02 
 4.78630092e+09  2.87128265e-02 
 4.89778819e+09  4.57939675e-02 
 5.01187234e+09  3.62345374e-02 
 5.12861384e+09  4.11449654e-02 
 5.24807460e+09  4.75509209e-02 
 5.37031796e+09  5.45187574e-02 
 5.49540874e+09  6.16970944e-02 
 5.62341325e+09  6.71141252e-02 
 5.75439937e+09  7.52975589e-02 
 5.88843655e+09  7.79130376e-02 
 6.02559586e+09  6.71906861e-02 
 6.16595002e+09  4.87331715e-02 
 6.30957344e+09  4.07886844e-02 
 6.45654229e+09  2.86777683e-02 
 6.60693448e+09  2.86586581e-02 
 6.76082975e+09  3.02429627e-02 
 6.91830971e+09  3.26234918e-02 
 7.07945784e+09  3.34767254e-02 
 7.24435960e+09  1.95439002e-02 
 7.41310241e+09  3.19987455e-02 
 7.58577575e+09  1.18326396e-02 
 7.76247117e+09  3.05104327e-02 
 7.94328235e+09  1.83500054e-02 
 8.12830516e+09  2.88718236e-02 
 8.31763771e+09  3.10367979e-02 
 8.51138038e+09  3.08733407e-02 
 8.70963590e+09  2.40980490e-02 
 8.91250938e+09  3.39198591e-02 
 9.12010839e+09  3.14588661e-02 
 9.33254301e+09  3.35510908e-02 
 9.54992586e+09  3.54212162e-02 
 9.77237221e+09  3.48141224e-02 
 1.00000000e+10  3.63536418e-02 
 1.02329299e+10  3.76886993e-02 
 1.04712855e+10  3.90346022e-02 
 1.07151931e+10  4.04394992e-02 
 1.09647820e+10  4.19328706e-02 
 1.12201845e+10  4.35407268e-02 
 1.14815362e+10  4.52853811e-02 
 1.17489755e+10  4.71734118e-02 
 1.20226443e+10  4.91554390e-02 
 1.23026877e+10  5.10150114e-02 
 1.25892541e+10  5.21377876e-02 
 1.28824955e+10  5.14136279e-02 
 1.31825674e+10  4.84099934e-02 
 1.34896288e+10  4.50907984e-02 
 1.38038426e+10  4.36243817e-02 
 1.41253754e+10  4.41392898e-02 
 1.44543977e+10  4.76784283e-02 
 1.47910839e+10  4.85190062e-02 
 1.51356125e+10  5.04845466e-02 
 1.54881662e+10  4.83820122e-02 
 1.58489319e+10  5.37627050e-02 
 1.62181010e+10  5.65636884e-02 
 1.65958691e+10  5.91341899e-02 
 1.69824365e+10  6.17795189e-02 
 1.73780083e+10  6.45783528e-02 
 1.77827941e+10  6.75779958e-02 
 1.81970086e+10  7.08249172e-02 
 1.86208714e+10  7.43730936e-02 
 1.90546072e+10  7.82889113e-02 
 1.94984460e+10  8.26562557e-02 
 1.99526231e+10  8.75827971e-02 
