 1.00000000e+08  1.94456589e-02 
 1.02330354e+08  1.96407774e-02 
 1.04715014e+08  1.98452873e-02 
 1.07155245e+08  2.00596490e-02 
 1.09652342e+08  2.02843374e-02 
 1.12207630e+08  2.05198402e-02 
 1.14822466e+08  2.07666538e-02 
 1.17498236e+08  2.10252800e-02 
 1.20236362e+08  2.12962188e-02 
 1.23038295e+08  2.15799614e-02 
 1.25905523e+08  2.18769794e-02 
 1.28839568e+08  2.21877113e-02 
 1.31841987e+08  2.25125456e-02 
 1.34914372e+08  2.28517985e-02 
 1.38058355e+08  2.32056862e-02 
 1.41275604e+08  2.35742903e-02 
 1.44567827e+08  2.39575141e-02 
 1.47936769e+08  2.43550291e-02 
 1.51384220e+08  2.47662094e-02 
 1.54912009e+08  2.51900526e-02 
 1.58522008e+08  2.56250851e-02 
 1.62216133e+08  2.60692510e-02 
 1.65996343e+08  2.65197853e-02 
 1.69864646e+08  2.69730719e-02 
 1.73823095e+08  2.74244926e-02 
 1.77873789e+08  2.78682748e-02 
 1.82018879e+08  2.82973525e-02 
 1.86260564e+08  2.87032627e-02 
 1.90601095e+08  2.90761049e-02 
 1.95042776e+08  2.94046009e-02 
 1.99587964e+08  2.96762948e-02 
 2.04239071e+08  2.98779303e-02 
 2.08998565e+08  2.99960311e-02 
 2.13868972e+08  3.00176822e-02 
 2.18852877e+08  2.99314704e-02 
 2.23952925e+08  2.97284962e-02 
 2.29171822e+08  2.94033244e-02 
 2.34512337e+08  2.89547178e-02 
 2.39977306e+08  2.83860148e-02 
 2.45569627e+08  2.77050581e-02 
 2.51292270e+08  2.69236693e-02 
 2.57148271e+08  2.60567483e-02 
 2.63140737e+08  2.51211457e-02 
 2.69272848e+08  2.41344814e-02 
 2.75547860e+08  2.31140671e-02 
 2.81969102e+08  2.20760462e-02 
 2.88539981e+08  2.10347994e-02 
 2.95263985e+08  2.00026194e-02 
 3.02144683e+08  1.89896140e-02 
 3.09185725e+08  1.80037837e-02 
 3.16390848e+08  1.70512145e-02 
 3.23763876e+08  1.61363332e-02 
 3.31308722e+08  1.52621876e-02 
 3.39029389e+08  1.44307221e-02 
 3.46929975e+08  1.36430328e-02 
 3.55014673e+08  1.28995951e-02 
 3.63287773e+08  1.22004626e-02 
 3.71753666e+08  1.15454421e-02 
 3.80416844e+08  1.09342614e-02 
 3.89281904e+08  1.03667611e-02 
 3.98353552e+08  9.84319423e-03 
 4.07636602e+08  9.36487290e-03 
 4.17135980e+08  8.93594397e-03 
 4.26856726e+08  8.56933434e-03 
 4.36804001e+08  8.31164936e-03 
 4.46983082e+08  8.38607677e-03 
 4.57399372e+08  1.04288139e-02 
 4.68058398e+08  1.50512222e-02 
 4.78965818e+08  1.00201377e-02 
 4.90127419e+08  8.65960686e-03 
 5.01549125e+08  8.21562673e-03 
 5.13236997e+08  8.12444719e-03 
 5.25197238e+08  8.38079415e-03 
 5.37436195e+08  9.79602609e-03 
 5.49960363e+08  1.00527134e-02 
 5.62776388e+08  1.22332169e-02 
 5.75891073e+08  9.24817465e-03 
 5.89311376e+08  9.11380739e-03 
 6.03044419e+08  7.24659960e-03 
 6.17097492e+08  8.62167095e-03 
 6.31478050e+08  9.61266589e-03 
 6.46193727e+08  1.07294771e-02 
 6.61252331e+08  1.21240079e-02 
 6.76661854e+08  1.39147443e-02 
 6.92430473e+08  1.61652037e-02 
 7.08566557e+08  1.86950146e-02 
 7.25078669e+08  2.07400819e-02 
 7.41975572e+08  2.11742827e-02 
 7.59266232e+08  1.98829266e-02 
 7.76959826e+08  1.79101533e-02 
 7.95065744e+08  1.60928366e-02 
 8.13593593e+08  1.46877810e-02 
 8.32553207e+08  1.36760196e-02 
 8.51954648e+08  1.29724659e-02 
 8.71808210e+08  1.24956047e-02 
 8.92124431e+08  1.21814710e-02 
 9.12914092e+08  1.19821258e-02 
 9.34188226e+08  1.18613156e-02 
 9.55958123e+08  1.17907035e-02 
 9.78235335e+08  1.17477791e-02 
 1.00103169e+09  1.17170786e-02 
 1.02435927e+09  1.16995005e-02 
 1.04823047e+09  1.17416034e-02 
 1.07265796e+09  1.19982942e-02 
 1.09765469e+09  1.27448596e-02 
 1.12323393e+09  1.39397725e-02 
 1.14940927e+09  1.51677051e-02 
 1.17619457e+09  1.58733450e-02 
 1.20360408e+09  1.61067087e-02 
 1.23165232e+09  1.61020121e-02 
 1.26035418e+09  1.60208787e-02 
 1.28972490e+09  1.59454280e-02 
 1.31978006e+09  1.59115633e-02 
 1.35053561e+09  1.59308151e-02 
 1.38200788e+09  1.60024582e-02 
 1.41421356e+09  1.61203729e-02 
 1.44716975e+09  1.62769447e-02 
 1.48089393e+09  1.64652312e-02 
 1.51540401e+09  1.66800784e-02 
 1.55071830e+09  1.69184685e-02 
 1.58685553e+09  1.71791881e-02 
 1.62383489e+09  1.74620058e-02 
 1.66167599e+09  1.77667753e-02 
 1.70039893e+09  1.80928868e-02 
 1.74002425e+09  1.84391951e-02 
 1.78057299e+09  1.88042552e-02 
 1.82206665e+09  1.91866156e-02 
 1.86452726e+09  1.95850240e-02 
 1.90797735e+09  1.99985084e-02 
 1.95243999e+09  2.04263595e-02 
 1.99793876e+09  2.08680354e-02 
 2.04449781e+09  2.13229860e-02 
 2.09214185e+09  2.17903598e-02 
 2.14089617e+09  2.22685482e-02 
 2.19078664e+09  2.27546597e-02 
 2.24183974e+09  2.32445913e-02 
 2.29408255e+09  2.37355171e-02 
 2.34754280e+09  2.42319579e-02 
 2.40224887e+09  2.47489249e-02 
 2.45822978e+09  2.53022174e-02 
 2.51551525e+09  2.58968823e-02 
 2.57413567e+09  2.65296927e-02 
 2.63412215e+09  2.71971586e-02 
 2.69550653e+09  2.78992766e-02 
 2.75832139e+09  2.86402291e-02 
 2.82260005e+09  2.94293055e-02 
 2.88837664e+09  3.02845013e-02 
 2.95568605e+09  3.12439252e-02 
 3.02456401e+09  3.24069851e-02 
 3.09504707e+09  3.41502222e-02 
 3.16717263e+09  3.81445383e-02 
 3.24097898e+09  3.01168007e-02 
 3.31650528e+09  3.31265863e-02 
 3.39379160e+09  3.48442029e-02 
 3.47287898e+09  3.58426288e-02 
 3.55380937e+09  3.72854397e-02 
 3.63662572e+09  3.86802057e-02 
 3.72137199e+09  4.01730872e-02 
 3.80809314e+09  4.18991366e-02 
 3.89683521e+09  4.37969999e-02 
 3.98764528e+09  4.65929957e-02 
 4.08057155e+09  5.25910257e-02 
 4.17566333e+09  2.69215381e-02 
 4.27297108e+09  4.39175981e-02 
 4.37254645e+09  4.90783541e-02 
 4.47444228e+09  5.25145841e-02 
 4.57871264e+09  5.84820935e-02 
 4.68541287e+09  7.02274239e-02 
 4.79459960e+09  2.54585072e-02 
 4.90633076e+09  5.02895067e-02 
 5.02066566e+09  6.67200078e-02 
 5.13766496e+09  3.66905944e-02 
 5.25739076e+09  5.39718288e-02 
 5.37990660e+09  6.36284370e-02 
 5.50527749e+09  7.36950068e-02 
 5.63356997e+09  5.33260056e-02 
 5.76485211e+09  8.45091498e-02 
 5.89919360e+09  9.94915780e-02 
 6.03666571e+09  9.56198210e-02 
 6.17734142e+09  8.08303670e-02 
 6.32129537e+09  3.44365107e-02 
 6.46860395e+09  3.02673698e-02 
 6.61934535e+09  4.54863931e-02 
 6.77359956e+09  4.01341828e-02 
 6.93144843e+09  7.36051308e-02 
 7.09297575e+09  6.60576557e-02 
 7.25826722e+09  3.18092162e-02 
 7.42741057e+09  6.11004900e-02 
 7.60049556e+09  1.86639138e-01 
 7.77761404e+09  3.95469003e-02 
 7.95886001e+09  1.88303757e-02 
 8.14432966e+09  3.78746200e-02 
 8.33412140e+09  4.86552964e-02 
 8.52833597e+09  1.51282970e-01 
 8.72707642e+09  1.82928988e-02 
 8.93044823e+09  5.01896723e-02 
 9.13855932e+09  4.90639519e-02 
 9.35152014e+09  4.01522832e-02 
 9.56944371e+09  5.02828481e-02 
 9.79244566e+09  5.70855143e-02 
 1.00206443e+10  6.14034371e-02 
 1.02541609e+10  6.55145411e-02 
 1.04931192e+10  6.94204968e-02 
 1.07376460e+10  7.33225077e-02 
 1.09878712e+10  7.73317914e-02 
 1.12439276e+10  8.15319172e-02 
 1.15059509e+10  8.59778638e-02 
 1.17740804e+10  9.06447893e-02 
 1.20484582e+10  9.52525741e-02 
 1.23292299e+10  9.87734459e-02 
 1.26165447e+10  9.85087265e-02 
 1.29105549e+10  9.07060601e-02 
 1.32114166e+10  7.74885614e-02 
 1.35192894e+10  6.86223150e-02 
 1.38343368e+10  6.78662389e-02 
 1.41567259e+10  7.23419735e-02 
 1.44866277e+10  8.29413018e-02 
 1.48242175e+10  8.37631792e-02 
 1.51696743e+10  8.59426710e-02 
 1.55231815e+10  9.54357011e-02 
 1.58849266e+10  9.78605123e-02 
 1.62551017e+10  1.00708047e-01 
 1.66339032e+10  1.04213747e-01 
 1.70215321e+10  1.08004882e-01 
 1.74181941e+10  1.11944039e-01 
 1.78240998e+10  1.15987109e-01 
 1.82394645e+10  1.20124950e-01 
 1.86645086e+10  1.24362956e-01 
 1.90994578e+10  1.28713487e-01 
 1.95445429e+10  1.33192873e-01 
 2.00000000e+10  1.37819828e-01 
