3.821229308843612671e+00
3.818706870079040527e+00
3.864975705742835999e+00
3.808462053537368774e+00
3.852954357862472534e+00
3.789316684007644653e+00
3.813751474022865295e+00
3.819496840238571167e+00
3.764616504311561584e+00
3.770615383982658386e+00
3.747099459171295166e+00
3.751073211431503296e+00
3.748012468218803406e+00
3.739043027162551880e+00
3.808437168598175049e+00
3.737328052520751953e+00
3.830591604113578796e+00
3.740437671542167664e+00
3.776240170001983643e+00
3.751743480563163757e+00
3.758485540747642517e+00
3.717631816864013672e+00
3.764743402600288391e+00
3.787605047225952148e+00
3.687761932611465454e+00
3.743469938635826111e+00
3.692825615406036377e+00
3.800225406885147095e+00
3.778944671154022217e+00
3.882511854171752930e+00
3.868177503347396851e+00
3.809881061315536499e+00
3.666243091225624084e+00
3.725447222590446472e+00
3.809336870908737183e+00
3.692576333880424500e+00
3.686765462160110474e+00
3.668276876211166382e+00
3.745525449514389038e+00
3.640952274203300476e+00
3.667691722512245178e+00
3.697991728782653809e+00
3.759313344955444336e+00
3.807991862297058105e+00
3.808216527104377747e+00
3.717189729213714600e+00
3.849361434578895569e+00
3.804149523377418518e+00
3.752942323684692383e+00
3.937445268034934998e+00
3.710256546735763550e+00
3.767701521515846252e+00
3.713387191295623779e+00
3.750328049063682556e+00
3.724551543593406677e+00
3.703587681055068970e+00
3.780595108866691589e+00
3.668002098798751831e+00
3.556172281503677368e+00
3.657694682478904724e+00
3.600029319524765015e+00
3.643618062138557434e+00
3.701206758618354797e+00
3.586242228746414185e+00
3.567771047353744507e+00
3.586403861641883850e+00
3.706883728504180908e+00
3.609678938984870911e+00
3.730929121375083923e+00
3.866930544376373291e+00
3.735992968082427979e+00
3.712548032402992249e+00
3.687840968370437622e+00
3.658349663019180298e+00
3.844015806913375854e+00
3.710186257958412170e+00
3.760333672165870667e+00
3.716701254248619080e+00
3.546504199504852295e+00
3.753428325057029724e+00
3.676132798194885254e+00
3.685195758938789368e+00
3.607855752110481262e+00
3.701065868139266968e+00
3.624991342425346375e+00
3.680512189865112305e+00
3.577251896262168884e+00
3.756933212280273438e+00
3.567169278860092163e+00
3.656285718083381653e+00
3.788249924778938293e+00
3.652091369032859802e+00
3.659713268280029297e+00
3.525984406471252441e+00
3.648176044225692749e+00
3.715645268559455872e+00
3.699895650148391724e+00
3.593609392642974854e+00
3.602925479412078857e+00
3.657345235347747803e+00
3.656426608562469482e+00
3.634952679276466370e+00
3.643259018659591675e+00
3.689562052488327026e+00
3.641821458935737610e+00
3.641313895583152771e+00
3.685287579894065857e+00
3.625131309032440186e+00
3.561539649963378906e+00
3.687643498182296753e+00
3.736440092325210571e+00
3.743722259998321533e+00
3.568750232458114624e+00
3.534049466252326965e+00
3.489662751555442810e+00
3.486750870943069458e+00
3.548544988036155701e+00
3.551691561937332153e+00
3.635606154799461365e+00
3.642160400748252869e+00
3.499589845538139343e+00
3.476760119199752808e+00
3.673584878444671631e+00
3.629519343376159668e+00
3.729041099548339844e+00
3.516030758619308472e+00
3.611651018261909485e+00
3.531171813607215881e+00
3.556563988327980042e+00
3.551568120718002319e+00
3.568367004394531250e+00
3.546487152576446533e+00
3.414545953273773193e+00
3.510156035423278809e+00
3.395147174596786499e+00
3.458939164876937866e+00
3.576532810926437378e+00
3.456232413649559021e+00
3.465289011597633362e+00
3.446294426918029785e+00
3.452205628156661987e+00
3.502373382449150085e+00
3.524222344160079956e+00
3.504998415708541870e+00
3.505774885416030884e+00
3.522273734211921692e+00
3.494858577847480774e+00
3.473998099565505981e+00
3.548768669366836548e+00
3.439463794231414795e+00
3.486847460269927979e+00
3.531289771199226379e+00
3.480382680892944336e+00
3.426987186074256897e+00
3.589090079069137573e+00
3.605627700686454773e+00
3.492897912859916687e+00
3.423824384808540344e+00
3.449467077851295471e+00
3.582528904080390930e+00
3.365118399262428284e+00
3.467268943786621094e+00
3.443693608045578003e+00
3.441546276211738586e+00
3.315985411405563354e+00
3.400892853736877441e+00
3.395671516656875610e+00
3.319467514753341675e+00
3.430045649409294128e+00
3.381209015846252441e+00
3.322919070720672607e+00
3.376474037766456604e+00
3.306383803486824036e+00
3.295388489961624146e+00
3.354531481862068176e+00
3.322937130928039551e+00
3.359899014234542847e+00
3.261462986469268799e+00
3.324593424797058105e+00
3.273285359144210815e+00
3.200081124901771545e+00
3.255458146333694458e+00
3.186571285128593445e+00
3.326490521430969238e+00
3.220389112830162048e+00
3.218277946114540100e+00
3.201299458742141724e+00
3.360209509730339050e+00
3.263242051005363464e+00
3.227117314934730530e+00
3.208719953894615173e+00
3.277294188737869263e+00
3.183932855725288391e+00
3.330283150076866150e+00
3.333357781171798706e+00
3.163904249668121338e+00
3.351236552000045776e+00
3.090116813778877258e+00
3.223808720707893372e+00
3.264259576797485352e+00
3.143433049321174622e+00
3.275025323033332825e+00
3.183969050645828247e+00
3.127724602818489075e+00
3.069372296333312988e+00
3.140152230858802795e+00
3.197925820946693420e+00
3.138054147362709045e+00
3.051817923784255981e+00
3.059751212596893311e+00
3.100351542234420776e+00
3.058571353554725647e+00
3.143336042761802673e+00
3.092587441205978394e+00
3.144001036882400513e+00
3.137361750006675720e+00
3.200148835778236389e+00
3.209841609001159668e+00
3.243118599057197571e+00
3.211998149752616882e+00
3.203638374805450439e+00
3.216353818774223328e+00
3.200668111443519592e+00
3.171998754143714905e+00
3.261104822158813477e+00
3.288469716906547546e+00
3.188089981675148010e+00
3.225459143519401550e+00
3.313122138381004333e+00
3.270188480615615845e+00
3.233850434422492981e+00
3.168763592839241028e+00
3.285140052437782288e+00
3.211919322609901428e+00
3.257597818970680237e+00
3.123606458306312561e+00
3.263872191309928894e+00
3.258453100919723511e+00
3.272457614541053772e+00
3.202604457736015320e+00
3.293049708008766174e+00
3.305611446499824524e+00
3.324608266353607178e+00
3.271493598818778992e+00
3.359891697764396667e+00
3.240768149495124817e+00
3.283997654914855957e+00
3.354567781090736389e+00
3.205514267086982727e+00
3.278705656528472900e+00
3.365144014358520508e+00
3.248058021068572998e+00
3.389548018574714661e+00
3.281380414962768555e+00
3.253807082772254944e+00
3.359993919730186462e+00
3.368945464491844177e+00
3.409762814640998840e+00
3.394561305642127991e+00
3.367643013596534729e+00
3.293068721890449524e+00
3.222591459751129150e+00
3.284654587507247925e+00
3.460284993052482605e+00
3.301803976297378540e+00
3.233573898673057556e+00
3.224199026823043823e+00
3.342736974358558655e+00
3.386719405651092529e+00
3.281728431582450867e+00
3.377121433615684509e+00
3.336589500308036804e+00
3.396348506212234497e+00
3.367289826273918152e+00
3.301704615354537964e+00
3.279449298977851868e+00
3.350999206304550171e+00
3.310885801911354065e+00
3.361613616347312927e+00
3.295625925064086914e+00
3.424310505390167236e+00
3.319837167859077454e+00
3.388934567570686340e+00
3.528940603137016296e+00
3.337621748447418213e+00
3.328055292367935181e+00
3.410712659358978271e+00
3.356659248471260071e+00
3.412771522998809814e+00
3.587295249104499817e+00
3.310756370425224304e+00
3.409827217459678650e+00
3.360729396343231201e+00
3.417602732777595520e+00
3.538823217153549194e+00
3.580143451690673828e+00
3.370785996317863464e+00
3.485100522637367249e+00
3.380311489105224609e+00
3.361066281795501709e+00
3.493795633316040039e+00
3.596545964479446411e+00
3.411574810743331909e+00
3.475512444972991943e+00
3.527745649218559265e+00
3.541553810238838196e+00
3.580350264906883240e+00
3.532086998224258423e+00
3.541871502995491028e+00
3.484267294406890869e+00
3.489607244729995728e+00
3.546198114752769470e+00
3.367865547537803650e+00
3.421703785657882690e+00
3.471402600407600403e+00
3.453511744737625122e+00
3.532174095511436462e+00
3.394340261816978455e+00
3.537312388420104980e+00
3.397591292858123779e+00
3.538098141551017761e+00
3.466195568442344666e+00
3.476804852485656738e+00
3.478102132678031921e+00
3.430295288562774658e+00
3.488079473376274109e+00
3.568244040012359619e+00
3.467940807342529297e+00
3.456152617931365967e+00
3.472863525152206421e+00
3.507820203900337219e+00
3.616854459047317505e+00
3.454945087432861328e+00
3.381627470254898071e+00
3.458319857716560364e+00
3.387585371732711792e+00
3.363291218876838684e+00
3.352292552590370178e+00
3.388432756066322327e+00
3.377635866403579712e+00
3.305302277207374573e+00
3.527190953493118286e+00
3.452616766095161438e+00
3.467345029115676880e+00
3.364929437637329102e+00
3.504332110285758972e+00
3.384671390056610107e+00
3.439024373888969421e+00
3.384649291634559631e+00
3.402198821306228638e+00
3.439848229289054871e+00
3.341033592820167542e+00
3.375665292143821716e+00
3.449513494968414307e+00
3.438707530498504639e+00
3.432753011584281921e+00
3.393138930201530457e+00
3.478553488850593567e+00
3.286235973238945007e+00
3.450445219874382019e+00
3.478062823414802551e+00
3.380458310246467590e+00
3.346299350261688232e+00
3.394988328218460083e+00
3.426856085658073425e+00
3.283673629164695740e+00
3.403233766555786133e+00
3.311071202158927917e+00
3.301970958709716797e+00
3.356667608022689819e+00
3.348587512969970703e+00
3.334585815668106079e+00
3.307619795203208923e+00
3.304800763726234436e+00
3.201290711760520935e+00
3.232634201645851135e+00
3.237031430006027222e+00
3.241727218031883240e+00
3.193413555622100830e+00
3.398849636316299438e+00
3.271802335977554321e+00
3.177189543843269348e+00
3.244887322187423706e+00
3.331948921084403992e+00
3.296144559979438782e+00
3.221214249730110168e+00
3.243264764547348022e+00
3.267920911312103271e+00
3.228569373488426208e+00
3.292955204844474792e+00
3.209832519292831421e+00
3.164011597633361816e+00
3.229855149984359741e+00
3.157208830118179321e+00
3.102360859513282776e+00
3.090753957629203796e+00
3.105843931436538696e+00
3.084353223443031311e+00
3.144647985696792603e+00
3.130115360021591187e+00
3.121388673782348633e+00
3.117348819971084595e+00
3.052495300769805908e+00
3.086707517504692078e+00
2.971473380923271179e+00
3.034220650792121887e+00
3.047775045037269592e+00
3.018630743026733398e+00
3.011384934186935425e+00
2.996244072914123535e+00
3.028480336070060730e+00
2.975418880581855774e+00
2.949282750487327576e+00
2.993923068046569824e+00
2.966601863503456116e+00
2.950825288891792297e+00
3.012206509709358215e+00
2.936715379357337952e+00
3.080230563879013062e+00
2.917711749672889709e+00
3.003585845232009888e+00
3.027431830763816833e+00
3.018377542495727539e+00
2.911786854267120361e+00
2.857682228088378906e+00
3.008581250905990601e+00
2.983161211013793945e+00
2.993406176567077637e+00
2.934952199459075928e+00
3.022754326462745667e+00
3.060753732919692993e+00
3.001432508230209351e+00
3.069017514586448669e+00
3.035452350974082947e+00
3.133356183767318726e+00
3.051160812377929688e+00
3.185279056429862976e+00
3.186141327023506165e+00
3.058476820588111877e+00
3.181287363171577454e+00
3.215237632393836975e+00
3.227581217885017395e+00
3.144513383507728577e+00
3.190221041440963745e+00
3.275026053190231323e+00
3.227912858128547668e+00
3.338134706020355225e+00
3.313488081097602844e+00
3.249799385666847229e+00
3.344367057085037231e+00
3.225987061858177185e+00
3.273287057876586914e+00
3.251210913062095642e+00
3.296165958046913147e+00
3.326040849089622498e+00
3.299997568130493164e+00
3.292448461055755615e+00
3.306478932499885559e+00
3.252026855945587158e+00
3.315520673990249634e+00
3.371375054121017456e+00
3.340160816907882690e+00
3.344985142350196838e+00
3.332186728715896606e+00
3.298847317695617676e+00
3.268561735749244690e+00
3.240341514348983765e+00
3.319129139184951782e+00
3.175018876791000366e+00
3.300765573978424072e+00
3.395098388195037842e+00
3.371812939643859863e+00
3.398266330361366272e+00
3.357787057757377625e+00
3.396891310811042786e+00
3.266753256320953369e+00
3.330775901675224304e+00
3.332830071449279785e+00
3.316447868943214417e+00
3.443947732448577881e+00
3.333275139331817627e+00
3.367690756916999817e+00
3.391841024160385132e+00
3.423386469483375549e+00
3.367262467741966248e+00
3.368871808052062988e+00
3.438510686159133911e+00
3.347603276371955872e+00
3.275688245892524719e+00
3.358592584729194641e+00
3.497881308197975159e+00
3.386485204100608826e+00
3.274279803037643433e+00
3.422882527112960815e+00
3.496749728918075562e+00
3.518900871276855469e+00
3.379584699869155884e+00
3.544614180922508240e+00
3.619196459650993347e+00
3.606511071324348450e+00
3.577619180083274841e+00
3.623103022575378418e+00
3.595667466521263123e+00
3.552752852439880371e+00
3.541771247982978821e+00
3.687335565686225891e+00
3.641847923398017883e+00
3.663154020905494690e+00
3.566753312945365906e+00
3.439800128340721130e+00
3.514218300580978394e+00
3.348764434456825256e+00
3.386092051863670349e+00
3.442237392067909241e+00
3.418613880872726440e+00
3.488124728202819824e+00
3.370839297771453857e+00
3.380110397934913635e+00
3.433225214481353760e+00
3.395649701356887817e+00
3.417755290865898132e+00
3.386089920997619629e+00
3.396320745348930359e+00
3.469950705766677856e+00
3.471235439181327820e+00
3.394763529300689697e+00
3.446274787187576294e+00
3.386322751641273499e+00
3.452314063906669617e+00
3.325279384851455688e+00
3.408327177166938782e+00
3.434398591518402100e+00
3.353325560688972473e+00
3.436667770147323608e+00
3.454156681895256042e+00
3.325952604413032532e+00
3.444178566336631775e+00
3.485350519418716431e+00
3.378184720873832703e+00
3.457493662834167480e+00
3.343812525272369385e+00
3.370498791337013245e+00
3.436266303062438965e+00
3.445267885923385620e+00
3.304768711328506470e+00
3.372518718242645264e+00
3.513622283935546875e+00
3.472279742360115051e+00
3.304599151015281677e+00
3.415488675236701965e+00
3.495832353830337524e+00
3.441410213708877563e+00
3.587762013077735901e+00
3.469992130994796753e+00
3.450145199894905090e+00
3.412220075726509094e+00
3.479694187641143799e+00
3.470011949539184570e+00
3.504027202725410461e+00
3.448749557137489319e+00
3.435151189565658569e+00
3.492718115448951721e+00
3.422562777996063232e+00
3.286045655608177185e+00
3.385410174727439880e+00
3.521947205066680908e+00
3.444540798664093018e+00
3.344641357660293579e+00
3.198876276612281799e+00
3.153417289257049561e+00
3.250533550977706909e+00
3.246477961540222168e+00
3.286008834838867188e+00
3.290075123310089111e+00
3.295379593968391418e+00
3.200371086597442627e+00
3.291419923305511475e+00
3.240864187479019165e+00
3.258311495184898376e+00
3.192577674984931946e+00
3.289495959877967834e+00
3.180520907044410706e+00
3.175726205110549927e+00
3.196190118789672852e+00
3.244451493024826050e+00
3.211094915866851807e+00
3.252426549792289734e+00
3.237797886133193970e+00
3.285325095057487488e+00
3.106052353978157043e+00
3.148326992988586426e+00
3.191681236028671265e+00
3.231057733297348022e+00
3.180274218320846558e+00
3.158578217029571533e+00
3.141919806599617004e+00
3.057676479220390320e+00
3.120254963636398315e+00
3.066750660538673401e+00
3.004614800214767456e+00
