1.098999999999978805e-05
2.098000000000001936e-05
3.096999999999980682e-05
4.096000000000003474e-05
5.094999999999982220e-05
6.094000000000005689e-05
7.092999999999985113e-05
8.092000000000007227e-05
9.090999999999985974e-05
1.009000000000000944e-04
1.108899999999998819e-04
1.208800000000001166e-04
1.308699999999999176e-04
1.408600000000001387e-04
1.508499999999999262e-04
1.608400000000001473e-04
1.708299999999999348e-04
1.808200000000001831e-04
1.908099999999999705e-04
2.008000000000001917e-04
2.107899999999999791e-04
2.207800000000002274e-04
2.307700000000000148e-04
2.407600000000002360e-04
2.507500000000000505e-04
2.607399999999998651e-04
2.707300000000000591e-04
2.807200000000003074e-04
2.907100000000000677e-04
3.006999999999998823e-04
3.106900000000001306e-04
3.206799999999998909e-04
3.306700000000001392e-04
3.406599999999998995e-04
3.506500000000001478e-04
3.606399999999999623e-04
3.706300000000001564e-04
3.806199999999999709e-04
3.906100000000001650e-04
4.005999999999999795e-04
4.105900000000002278e-04
4.205799999999999881e-04
4.305700000000002364e-04
4.405599999999999968e-04
4.505500000000002450e-04
4.605400000000000596e-04
4.705299999999998199e-04
4.805200000000000682e-04
4.905100000000003164e-04
5.005000000000000768e-04
5.104899999999998371e-04
5.204800000000001396e-04
5.304700000000003336e-04
5.404600000000000940e-04
5.504499999999998543e-04
5.604400000000001568e-04
5.704299999999999171e-04
5.804200000000001112e-04
5.904099999999999800e-04
6.004000000000001740e-04
6.103899999999999344e-04
6.203800000000002368e-04
6.303699999999999972e-04
6.403600000000001912e-04
6.503499999999999516e-04
6.603400000000002540e-04
6.703300000000000144e-04
6.803200000000002084e-04
6.903100000000000772e-04
7.003000000000002712e-04
7.102900000000000316e-04
7.202799999999999004e-04
7.302700000000000944e-04
7.402600000000002884e-04
7.502500000000001572e-04
7.602399999999999176e-04
7.702300000000001116e-04
7.802200000000003056e-04
7.902100000000001744e-04
8.001999999999999348e-04
8.101900000000001288e-04
8.201799999999999976e-04
8.301700000000001916e-04
8.401599999999999520e-04
8.501500000000002544e-04
8.601400000000000148e-04
8.701300000000002088e-04
8.801199999999999692e-04
8.901100000000002717e-04
9.001000000000000320e-04
9.100900000000002260e-04
9.200800000000000948e-04
9.300700000000002889e-04
9.400600000000000492e-04
9.500500000000003517e-04
9.600400000000001120e-04
9.700299999999998724e-04
9.800200000000000664e-04
9.900100000000001520e-04
1.000000000000000021e-03
9.900100000000001520e-04
9.800200000000000664e-04
9.700299999999998724e-04
9.600400000000001120e-04
9.500500000000003517e-04
9.400600000000000492e-04
9.300699999999998552e-04
9.200800000000000948e-04
9.100900000000002260e-04
9.001000000000000320e-04
8.901099999999998380e-04
8.801199999999999692e-04
8.701300000000002088e-04
8.601400000000004485e-04
8.501500000000002544e-04
8.401599999999999520e-04
8.301700000000001916e-04
8.201800000000004313e-04
8.101900000000001288e-04
8.001999999999999348e-04
7.902100000000001744e-04
7.802200000000003056e-04
7.702300000000001116e-04
7.602399999999999176e-04
7.502500000000001572e-04
7.402600000000002884e-04
7.302700000000000944e-04
7.202799999999999004e-04
7.102900000000000316e-04
7.003000000000002712e-04
6.903100000000000772e-04
6.803199999999997747e-04
6.703300000000000144e-04
6.603400000000002540e-04
6.503499999999999516e-04
6.403599999999997575e-04
6.303699999999999972e-04
6.203800000000002368e-04
6.103900000000003680e-04
6.004000000000001740e-04
5.904099999999999800e-04
5.804200000000001112e-04
5.704300000000003508e-04
5.604400000000001568e-04
5.504499999999998543e-04
5.404600000000000940e-04
5.304700000000003336e-04
5.204800000000001396e-04
5.104899999999998371e-04
5.005000000000000768e-04
4.905100000000003164e-04
4.805200000000000682e-04
4.705299999999998199e-04
4.605400000000000596e-04
4.505500000000002450e-04
4.405599999999999968e-04
4.305699999999998027e-04
4.205799999999999881e-04
4.105900000000002278e-04
4.005999999999999795e-04
3.906099999999997313e-04
3.806199999999999709e-04
3.706300000000001564e-04
3.606400000000003960e-04
3.506500000000001478e-04
3.406599999999998995e-04
3.306700000000001392e-04
3.206800000000003246e-04
3.106900000000001306e-04
3.006999999999998823e-04
2.907100000000000677e-04
2.807200000000003074e-04
2.707300000000000591e-04
2.607399999999998651e-04
2.507500000000000505e-04
2.407600000000002360e-04
2.307700000000000148e-04
2.207799999999997666e-04
2.107899999999999791e-04
2.008000000000001917e-04
1.908099999999999705e-04
1.808199999999997223e-04
1.708299999999999348e-04
1.608400000000001473e-04
1.508499999999999262e-04
1.408599999999997051e-04
1.308699999999999176e-04
1.208800000000001166e-04
1.108900000000003291e-04
1.009000000000000944e-04
9.090999999999985974e-05
8.092000000000007227e-05
7.093000000000028481e-05
6.094000000000005689e-05
5.094999999999982220e-05
4.096000000000003474e-05
3.097000000000024728e-05
2.098000000000001936e-05
1.098999999999978805e-05
9.999999999999999547e-07
1.098999999999978805e-05
2.097999999999957551e-05
3.096999999999936636e-05
4.096000000000003474e-05
5.094999999999982220e-05
6.094000000000049735e-05
7.093000000000028481e-05
8.092000000000007227e-05
9.090999999999985974e-05
1.008999999999996472e-04
1.108899999999994347e-04
1.208800000000001166e-04
1.308699999999999176e-04
1.408600000000005724e-04
1.508500000000003599e-04
1.608400000000001473e-04
1.708299999999999348e-04
1.808199999999997223e-04
1.908099999999995097e-04
2.008000000000001917e-04
2.107899999999999791e-04
2.207800000000006610e-04
2.307700000000004485e-04
2.407600000000002360e-04
2.507500000000000505e-04
2.607399999999998651e-04
2.707299999999996255e-04
2.807199999999994400e-04
2.907100000000000677e-04
3.006999999999998823e-04
3.106900000000005642e-04
3.206800000000003246e-04
3.306700000000001392e-04
3.406599999999998995e-04
3.506499999999997141e-04
3.606399999999994744e-04
3.706300000000001564e-04
3.806199999999999709e-04
3.906100000000006529e-04
4.006000000000004132e-04
4.105900000000002278e-04
4.205799999999999881e-04
4.305699999999998027e-04
4.405599999999995631e-04
4.505500000000002450e-04
4.605400000000000596e-04
4.705300000000006873e-04
4.805200000000005018e-04
4.905100000000003164e-04
5.005000000000000768e-04
5.104899999999998371e-04
5.204799999999997059e-04
5.304699999999994663e-04
5.404600000000000940e-04
5.504499999999998543e-04
5.604400000000005905e-04
5.704300000000003508e-04
5.804200000000001112e-04
5.904099999999999800e-04
6.003999999999997403e-04
6.103899999999995007e-04
6.203800000000002368e-04
6.303699999999999972e-04
6.403600000000006249e-04
6.503500000000004937e-04
6.603400000000002540e-04
6.703300000000000144e-04
6.803199999999997747e-04
6.903099999999996435e-04
7.003000000000002712e-04
7.102900000000000316e-04
7.202800000000007677e-04
7.302700000000005281e-04
7.402600000000002884e-04
7.502500000000001572e-04
7.602399999999999176e-04
7.702299999999996779e-04
7.802199999999994383e-04
7.902100000000001744e-04
8.001999999999999348e-04
8.101900000000005625e-04
8.201800000000004313e-04
8.301700000000001916e-04
8.401599999999999520e-04
8.501499999999997123e-04
8.601399999999995811e-04
8.701300000000002088e-04
8.801199999999999692e-04
8.901100000000007053e-04
9.001000000000004657e-04
9.100900000000002260e-04
9.200800000000000948e-04
9.300699999999998552e-04
9.400599999999996155e-04
9.500500000000003517e-04
9.600400000000001120e-04
9.700300000000007397e-04
9.800200000000005001e-04
9.900100000000001520e-04
1.000000000000000021e-03
9.900100000000001520e-04
9.800200000000005001e-04
9.700300000000007397e-04
9.600400000000001120e-04
9.500500000000003517e-04
9.400599999999996155e-04
9.300699999999998552e-04
9.200800000000000948e-04
9.100900000000002260e-04
9.001000000000004657e-04
8.901100000000007053e-04
8.801199999999999692e-04
8.701300000000002088e-04
8.601399999999995811e-04
8.501499999999997123e-04
8.401599999999999520e-04
8.301700000000001916e-04
8.201800000000004313e-04
8.101900000000005625e-04
8.001999999999999348e-04
7.902100000000001744e-04
7.802199999999994383e-04
7.702299999999996779e-04
7.602399999999999176e-04
7.502500000000001572e-04
7.402600000000002884e-04
7.302700000000005281e-04
7.202800000000007677e-04
7.102900000000000316e-04
7.003000000000002712e-04
6.903099999999996435e-04
6.803199999999997747e-04
6.703300000000000144e-04
6.603400000000002540e-04
6.503500000000004937e-04
6.403600000000006249e-04
6.303699999999999972e-04
6.203800000000002368e-04
6.103899999999995007e-04
6.003999999999997403e-04
5.904099999999999800e-04
5.804200000000001112e-04
5.704300000000003508e-04
5.604400000000005905e-04
5.504499999999998543e-04
5.404600000000000940e-04
5.304699999999994663e-04
5.204799999999997059e-04
5.104899999999998371e-04
5.005000000000000768e-04
4.905100000000003164e-04
4.805200000000005018e-04
4.705300000000006873e-04
4.605400000000000596e-04
4.505500000000002450e-04
4.405599999999995631e-04
4.305699999999998027e-04
4.205799999999999881e-04
4.105900000000002278e-04
4.006000000000004132e-04
3.906100000000006529e-04
3.806199999999999709e-04
3.706300000000001564e-04
3.606399999999994744e-04
3.506499999999997141e-04
3.406599999999998995e-04
3.306700000000001392e-04
3.206800000000003246e-04
3.106900000000005642e-04
3.006999999999998823e-04
2.907100000000000677e-04
2.807199999999994400e-04
2.707299999999996255e-04
2.607399999999998651e-04
2.507500000000000505e-04
2.407600000000002360e-04
2.307700000000004485e-04
2.207800000000006610e-04
2.107899999999999791e-04
2.008000000000001917e-04
1.908099999999995097e-04
1.808199999999997223e-04
1.708299999999999348e-04
1.608400000000001473e-04
1.508500000000003599e-04
1.408600000000005724e-04
1.308699999999999176e-04
1.208800000000001166e-04
1.108899999999994347e-04
1.008999999999996472e-04
9.090999999999985974e-05
8.092000000000007227e-05
7.093000000000028481e-05
6.094000000000049735e-05
5.094999999999982220e-05
4.096000000000003474e-05
3.096999999999936636e-05
2.097999999999957551e-05
1.098999999999978805e-05
9.999999999999999547e-07
1.098999999999978805e-05
2.097999999999957551e-05
3.097000000000024728e-05
4.096000000000003474e-05
5.094999999999982220e-05
6.093999999999961644e-05
7.093000000000028481e-05
8.092000000000007227e-05
9.090999999999985974e-05
1.008999999999996472e-04
1.108900000000003291e-04
1.208800000000001166e-04
1.308699999999999176e-04
1.408599999999997051e-04
1.508500000000003599e-04
1.608400000000001473e-04
1.708299999999999348e-04
1.808199999999997223e-04
1.908100000000004042e-04
2.008000000000001917e-04
2.107899999999999791e-04
2.207799999999997666e-04
2.307700000000004485e-04
2.407600000000002360e-04
2.507500000000000505e-04
2.607399999999998651e-04
2.707299999999996255e-04
2.807200000000003074e-04
2.907100000000000677e-04
3.006999999999998823e-04
3.106899999999996427e-04
3.206800000000003246e-04
3.306700000000001392e-04
3.406599999999998995e-04
3.506499999999997141e-04
3.606400000000003960e-04
3.706300000000001564e-04
3.806199999999999709e-04
3.906099999999997313e-04
4.006000000000004132e-04
4.105900000000002278e-04
4.205799999999999881e-04
4.305699999999998027e-04
4.405600000000004846e-04
4.505500000000002450e-04
4.605400000000000596e-04
4.705299999999998199e-04
4.805200000000005018e-04
4.905100000000003164e-04
5.005000000000000768e-04
5.104899999999998371e-04
5.204799999999997059e-04
5.304700000000003336e-04
5.404600000000000940e-04
5.504499999999998543e-04
5.604399999999997231e-04
5.704300000000003508e-04
5.804200000000001112e-04
5.904099999999999800e-04
6.003999999999997403e-04
6.103900000000003680e-04
6.203800000000002368e-04
6.303699999999999972e-04
6.403599999999997575e-04
6.503500000000004937e-04
6.603400000000002540e-04
6.703300000000000144e-04
6.803199999999997747e-04
6.903100000000005109e-04
7.003000000000002712e-04
7.102900000000000316e-04
7.202799999999999004e-04
7.302700000000005281e-04
7.402600000000002884e-04
7.502500000000001572e-04
7.602399999999999176e-04
7.702299999999996779e-04
7.802200000000003056e-04
7.902100000000001744e-04
8.001999999999999348e-04
8.101899999999996951e-04
8.201800000000004313e-04
8.301700000000001916e-04
8.401599999999999520e-04
8.501499999999997123e-04
8.601400000000004485e-04
8.701300000000002088e-04
8.801199999999999692e-04
8.901099999999998380e-04
9.001000000000004657e-04
9.100900000000002260e-04
9.200800000000000948e-04
9.300699999999998552e-04
9.400600000000004829e-04
9.500500000000003517e-04
9.600400000000001120e-04
9.700299999999998724e-04
9.800200000000005001e-04
9.900100000000001520e-04
1.000000000000000021e-03
9.900100000000001520e-04
9.800200000000005001e-04
9.700299999999998724e-04
9.600400000000001120e-04
9.500500000000003517e-04
9.400600000000004829e-04
9.300699999999998552e-04
9.200800000000000948e-04
9.100900000000002260e-04
9.001000000000004657e-04
8.901099999999998380e-04
8.801199999999999692e-04
8.701300000000002088e-04
8.601400000000004485e-04
8.501499999999997123e-04
8.401599999999999520e-04
8.301700000000001916e-04
8.201800000000004313e-04
8.101899999999996951e-04
8.001999999999999348e-04
7.902100000000001744e-04
7.802200000000003056e-04
7.702299999999996779e-04
7.602399999999999176e-04
7.502500000000001572e-04
7.402600000000002884e-04
7.302700000000005281e-04
7.202799999999999004e-04
7.102900000000000316e-04
7.003000000000002712e-04
6.903100000000005109e-04
6.803199999999997747e-04
6.703300000000000144e-04
6.603400000000002540e-04
6.503500000000004937e-04
6.403599999999997575e-04
6.303699999999999972e-04
6.203800000000002368e-04
6.103900000000003680e-04
6.003999999999997403e-04
5.904099999999999800e-04
5.804200000000001112e-04
5.704300000000003508e-04
5.604399999999997231e-04
5.504499999999998543e-04
5.404600000000000940e-04
5.304700000000003336e-04
5.204799999999997059e-04
5.104899999999998371e-04
5.005000000000000768e-04
4.905100000000003164e-04
4.805200000000005018e-04
4.705299999999998199e-04
4.605400000000000596e-04
4.505500000000002450e-04
4.405600000000004846e-04
4.305699999999998027e-04
4.205799999999999881e-04
4.105900000000002278e-04
4.006000000000004132e-04
3.906099999999997313e-04
3.806199999999999709e-04
3.706300000000001564e-04
3.606400000000003960e-04
3.506499999999997141e-04
3.406599999999998995e-04
3.306700000000001392e-04
3.206800000000003246e-04
3.106899999999996427e-04
3.006999999999998823e-04
2.907100000000000677e-04
2.807200000000003074e-04
2.707299999999996255e-04
2.607399999999998651e-04
2.507500000000000505e-04
2.407600000000002360e-04
2.307700000000004485e-04
2.207799999999997666e-04
2.107899999999999791e-04
2.008000000000001917e-04
1.908100000000004042e-04
1.808199999999997223e-04
1.708299999999999348e-04
1.608400000000001473e-04
1.508500000000003599e-04
1.408599999999997051e-04
1.308699999999999176e-04
1.208800000000001166e-04
1.108900000000003291e-04
1.008999999999996472e-04
9.090999999999985974e-05
8.092000000000007227e-05
7.093000000000028481e-05
6.093999999999961644e-05
5.094999999999982220e-05
4.096000000000003474e-05
3.097000000000024728e-05
2.097999999999957551e-05
1.098999999999978805e-05
9.999999999999999547e-07
