2.739158019423484802e+00
3.171519920229911804e+00
2.658585980534553528e+00
2.516086935997009277e+00
2.298237532377243042e+00
2.056930504739284515e+00
1.488315403461456299e+00
1.784085571765899658e+00
1.343666620552539825e+00
1.501732297241687775e+00
9.664216451346874237e-01
6.740457192063331604e-01
6.936749592423439026e-01
8.046570643782615662e-01
7.073672153055667877e-01
4.787590745836496353e-01
5.312462523579597473e-01
3.299490408971905708e-01
3.882943727076053619e-01
3.149108625948429108e-01
1.861745994538068771e-01
2.079093502834439278e-01
2.313419291749596596e-01
1.822283277288079262e-01
1.483138161711394787e-01
2.189198462292551994e-01
1.479904176667332649e-01
1.919160531833767891e-01
9.351697098463773727e-02
1.124691609293222427e-01
9.271047729998826981e-02
4.852860094979405403e-02
7.170664332807064056e-02
5.385832255706191063e-02
6.082719704136252403e-02
1.494847079738974571e-01
1.115538189187645912e-01
-1.282854797318577766e-02
7.071249140426516533e-02
1.422591693699359894e-02
3.868629969656467438e-02
1.346609089523553848e-03
-9.572349954396486282e-03
1.301461784169077873e-02
4.549087490886449814e-02
-3.724588965997099876e-02
4.490358009934425354e-02
1.120459334924817085e-02
-2.500182157382369041e-02
3.005797555670142174e-02
-5.408447189256548882e-02
2.328454982489347458e-03
-3.344565117731690407e-02
1.621740683913230896e-02
-4.787472449243068695e-02
-2.136145671829581261e-02
-2.114288043230772018e-02
3.817688161507248878e-02
-2.744017960503697395e-02
-1.234965026378631592e-02
-2.017390122637152672e-02
-7.940109074115753174e-02
-2.679093740880489349e-02
-5.819141911342740059e-02
-9.153934428468346596e-02
-6.790967704728245735e-02
-6.643759505823254585e-02
-9.189506527036428452e-02
-4.011008050292730331e-02
-2.400038717314600945e-02
-6.856332672759890556e-02
-8.203961513936519623e-02
1.632452076300978661e-01
-6.917698960751295090e-02
-6.808706466108560562e-02
-7.140323519706726074e-03
-3.748471103608608246e-02
-5.032413266599178314e-02
-1.257579871453344822e-01
-1.928431214764714241e-02
4.607954993844032288e-03
-8.888890547677874565e-02
-1.029822290875017643e-01
-8.425618661567568779e-02
-1.091238688677549362e-01
-1.084985090419650078e-01
-1.224667760543525219e-01
-3.529587714001536369e-02
-8.418254274874925613e-02
1.747820386663079262e-02
-5.279727932065725327e-02
-2.244899375364184380e-02
-4.429016215726733208e-02
-5.925303837284445763e-02
-4.844439309090375900e-02
-4.102228442206978798e-02
-5.301869893446564674e-02
-7.158565334975719452e-02
-7.910362584516406059e-02
1.639168011024594307e-02
-7.323578838258981705e-02
-1.035603727214038372e-01
-6.270184228196740150e-02
-2.388089522719383240e-02
-8.753860415890812874e-02
-4.057968407869338989e-02
-4.829427925869822502e-02
-7.887192303314805031e-02
-1.034398260526359081e-01
-5.272228550165891647e-02
-2.121265465393662453e-02
-3.017457341775298119e-02
-9.472191985696554184e-02
-7.345558097586035728e-02
-1.210287748835980892e-01
-1.137760500423610210e-01
-8.539527282118797302e-02
-1.241180961951613426e-01
-1.252387352287769318e-01
-9.423215873539447784e-02
-1.046881549991667271e-01
-1.056289118714630604e-01
-7.200121134519577026e-02
-1.055829594843089581e-01
-8.193248510360717773e-02
-1.168864932842552662e-01
-1.242360919713973999e-01
-1.200891104526817799e-01
-1.088192276656627655e-01
-9.759497130289673805e-02
-1.123371399007737637e-01
-1.126947323791682720e-01
-1.251361859031021595e-01
-1.190390149131417274e-01
-1.344731077551841736e-01
-1.346929697319865227e-01
-1.229196358472108841e-01
-1.261084699071943760e-01
-1.279913792386651039e-01
-1.376516488380730152e-01
-1.266153231263160706e-01
-1.230060663074254990e-01
-1.337266401387751102e-01
-1.349983573891222477e-01
-1.206504814326763153e-01
-1.148503650911152363e-01
-1.271040104329586029e-01
-1.327291363850235939e-01
-1.149568301625549793e-01
-1.223739576525986195e-01
-1.187170078046619892e-01
-1.166082541458308697e-01
-1.346907010301947594e-01
-1.391358552500605583e-01
-1.228664447553455830e-01
-1.168892006389796734e-01
-1.305217845365405083e-01
-1.319782193750143051e-01
-1.106924368068575859e-01
-1.155660888180136681e-01
-1.420450266450643539e-01
-1.230578646063804626e-01
-1.235945173539221287e-01
-1.188889471814036369e-01
-1.451736977323889732e-01
-1.342828837223351002e-01
-1.277155629359185696e-01
-1.412156005389988422e-01
-1.197234448045492172e-01
-1.277654822915792465e-01
-1.392964534461498260e-01
-1.358096059411764145e-01
-1.367641151882708073e-01
-1.474536261521279812e-01
-1.392863276414573193e-01
-1.513522122986614704e-01
-1.412401720881462097e-01
-1.533987168222665787e-01
-1.404452035203576088e-01
-1.414226838387548923e-01
-1.432436760514974594e-01
-1.400028481148183346e-01
-1.487785680219531059e-01
-1.421287246048450470e-01
-1.516661331988871098e-01
-1.396240992471575737e-01
-1.563508315011858940e-01
-1.385999694466590881e-01
-1.451614759862422943e-01
-1.422968553379178047e-01
-1.501511973328888416e-01
-1.469131894409656525e-01
-1.496765641495585442e-01
-1.325432606972754002e-01
-1.436612727120518684e-01
-1.443103393539786339e-01
-1.418802486732602119e-01
-1.516115935519337654e-01
-1.342950207181274891e-01
-1.328681758604943752e-01
-1.392494430765509605e-01
-1.333561590872704983e-01
-1.415065471082925797e-01
-1.427066707983613014e-01
-1.409140406176447868e-01
-1.467444440349936485e-01
-1.383765046484768391e-01
-1.436856552027165890e-01
-1.504863929003477097e-01
-1.382599640637636185e-01
-1.431757118552923203e-01
-1.494609490036964417e-01
-1.446708585135638714e-01
-1.430700668133795261e-01
-1.389353629201650620e-01
-1.516597159206867218e-01
-1.376352715305984020e-01
-1.490942193195223808e-01
-1.389824505895376205e-01
-1.412212308496236801e-01
-1.518416209146380424e-01
-1.488477410748600960e-01
-1.418039477430284023e-01
-1.465984359383583069e-01
-1.420465707778930664e-01
-1.468359148129820824e-01
-1.336578819900751114e-01
-1.516590835526585579e-01
-1.446839133277535439e-01
-1.470176456496119499e-01
-1.477351170033216476e-01
-1.594655243679881096e-01
-1.336360271088778973e-01
-1.471782019361853600e-01
-1.430182196199893951e-01
-1.504666944965720177e-01
-1.488549220375716686e-01
-1.458702376112341881e-01
-1.448105880990624428e-01
-1.548319468274712563e-01
-1.423417944461107254e-01
-1.408203495666384697e-01
-1.485715042799711227e-01
-1.534017445519566536e-01
-1.434352430514991283e-01
-1.507121557369828224e-01
-1.556036225520074368e-01
-1.420488618314266205e-01
-1.597988773137331009e-01
-1.461942996829748154e-01
-1.328675746917724609e-01
-1.530960863456130028e-01
-1.348270107991993427e-01
-1.534968474879860878e-01
-1.561448741704225540e-01
-1.435081465169787407e-01
-1.477984050288796425e-01
-1.424455861561000347e-01
-1.454331744462251663e-01
-1.410928759723901749e-01
-1.535332584753632545e-01
-1.460709087550640106e-01
-1.598107907921075821e-01
-1.413349439390003681e-01
-1.482502743601799011e-01
-1.526581398211419582e-01
-1.563864005729556084e-01
-1.397005473263561726e-01
-1.363428509794175625e-01
-1.477164383977651596e-01
-1.411194689571857452e-01
-1.495423940941691399e-01
-1.247477759607136250e-01
-1.413450473919510841e-01
-1.515083117410540581e-01
-1.398214073851704597e-01
-1.532682711258530617e-01
-1.503817411139607430e-01
-1.368774147704243660e-01
-1.271194871515035629e-01
-1.409333674237132072e-01
-1.551375817507505417e-01
-1.388667318969964981e-01
-1.330154854804277420e-01
-1.321445428766310215e-01
-1.632644804194569588e-01
-1.408061850816011429e-01
-1.489059454761445522e-01
-1.155322226695716381e-01
-1.259049428626894951e-01
-1.649548448622226715e-01
-1.369344689883291721e-01
-1.250565084628760815e-01
-1.520634070038795471e-01
-1.253657983615994453e-01
-1.360289379954338074e-01
-1.560356579720973969e-01
-1.375232492573559284e-01
-1.432976610958576202e-01
-1.422653640620410442e-01
-1.392545262351632118e-01
-1.073816879652440548e-01
-1.245553889311850071e-01
-1.479425821453332901e-01
-1.468996293842792511e-01
-1.253392151556909084e-01
-1.154427812434732914e-01
-1.329244500957429409e-01
-6.822229782119393349e-02
-1.515237479470670223e-01
-1.245168605819344521e-01
-1.307376651093363762e-01
-1.361149465665221214e-01
-1.402436043135821819e-01
-1.491125836037099361e-01
-1.497392277233302593e-01
-1.244685258716344833e-01
-1.518035838380455971e-01
-1.351798772811889648e-01
-1.433444721624255180e-01
-1.041770908050239086e-01
-1.372744352556765079e-01
-1.400466165505349636e-01
-1.202685688622295856e-01
-1.390265398658812046e-01
-1.278675287030637264e-01
-1.149776428937911987e-01
-1.357067539356648922e-01
-1.335123172029852867e-01
-1.364300767891108990e-01
-1.284639337100088596e-01
-1.355634154751896858e-01
-1.330851898528635502e-01
-1.349101723171770573e-01
-1.323171649128198624e-01
-1.371823479421436787e-01
-1.359317302703857422e-01
-1.445058714598417282e-01
-1.407484663650393486e-01
-1.385349323973059654e-01
-1.530164545401930809e-01
-1.345830066129565239e-01
-1.430681487545371056e-01
-1.405472215265035629e-01
-1.538633387535810471e-01
-1.327871158719062805e-01
-1.378917093388736248e-01
-1.440461715683341026e-01
-1.429536766372621059e-01
-1.425502770580351353e-01
-1.465242141857743263e-01
-1.416617962531745434e-01
-1.366166686639189720e-01
-1.493973275646567345e-01
-1.431938502937555313e-01
-1.402385500259697437e-01
-1.278189192526042461e-01
-1.317279599606990814e-01
-1.466751815751194954e-01
-1.358698802068829536e-01
-1.340454765595495701e-01
-1.270101461559534073e-01
-1.474961400963366032e-01
-1.376223331317305565e-01
-1.394061646424233913e-01
-1.559497346170246601e-01
-1.389018194749951363e-01
-1.479712491855025291e-01
-1.368788699619472027e-01
-1.306032193824648857e-01
-1.302090277895331383e-01
-1.380070843733847141e-01
-1.346953902393579483e-01
-1.346951578743755817e-01
-1.243410422466695309e-01
-1.447880296036601067e-01
-1.381588550284504890e-01
-1.388094094581902027e-01
-1.339798192493617535e-01
-1.283850115723907948e-01
-1.376213170588016510e-01
-1.494728815741837025e-01
-1.347667314112186432e-01
-1.378049557097256184e-01
-1.373196952044963837e-01
-1.436788905411958694e-01
-1.353251985274255276e-01
-1.413783594034612179e-01
-1.490138033404946327e-01
-1.375864380970597267e-01
-1.408078349195420742e-01
-1.399925178848206997e-01
-1.394666898995637894e-01
-1.375820217654109001e-01
-1.429823706857860088e-01
-1.471843719482421875e-01
-1.386349401436746120e-01
-1.429660012945532799e-01
-1.369787710718810558e-01
-1.412711972370743752e-01
-1.367584802210330963e-01
-1.409593475982546806e-01
-1.430733846500515938e-01
-1.377942236140370369e-01
-1.452560536563396454e-01
-1.428156206384301186e-01
-1.332575990818440914e-01
-1.395903080701828003e-01
-1.428172644227743149e-01
-1.339328861795365810e-01
-1.406055404804646969e-01
-1.390387048013508320e-01
-1.432981714606285095e-01
-1.415554857812821865e-01
-1.417937148362398148e-01
-1.436745105311274529e-01
-1.352789290249347687e-01
-1.452521728351712227e-01
-1.410124707035720348e-01
-1.441118391230702400e-01
-1.410792628303170204e-01
-1.457479735836386681e-01
-1.417397349141538143e-01
-1.424505701288580894e-01
-1.406507124193012714e-01
-1.406854786910116673e-01
-1.400249791331589222e-01
-1.458120895549654961e-01
-1.492917602881789207e-01
-1.418726826086640358e-01
-1.475078994408249855e-01
-1.437383545562624931e-01
-1.365594388917088509e-01
-1.441971166059374809e-01
-1.427166713401675224e-01
-1.501668551936745644e-01
-1.461766455322504044e-01
-1.475754436105489731e-01
-1.443054843693971634e-01
-1.485905842855572701e-01
-1.443354953080415726e-01
-1.419460829347372055e-01
-1.469005979597568512e-01
-1.441861819475889206e-01
-1.521138846874237061e-01
-1.470428090542554855e-01
-1.456074570305645466e-01
-1.527222050353884697e-01
-1.475258152931928635e-01
-1.383740585297346115e-01
-1.480133123695850372e-01
-1.397513761185109615e-01
-1.429513795301318169e-01
-1.269185887649655342e-01
-1.372721074149012566e-01
-1.384729398414492607e-01
-1.458977996371686459e-01
-1.508393744006752968e-01
-1.431820536963641644e-01
-1.369462436996400356e-01
-1.443268703296780586e-01
-1.439144262112677097e-01
-1.442139698192477226e-01
-1.403647554107010365e-01
-1.382229914888739586e-01
-1.519238837063312531e-01
-1.476739812642335892e-01
-1.380686564370989799e-01
-1.487271953374147415e-01
-1.467732624150812626e-01
-1.401049904525279999e-01
-1.385552552528679371e-01
-1.426197844557464123e-01
-1.397516261786222458e-01
-1.284310207702219486e-01
-1.416154848411679268e-01
-1.362363593652844429e-01
-1.456647729501128197e-01
-1.448760107159614563e-01
-1.328484211117029190e-01
-1.465466017834842205e-01
-1.415911056101322174e-01
-1.346765090711414814e-01
-1.299516893923282623e-01
-1.349011869169771671e-01
-1.375272106379270554e-01
-1.235836711712181568e-01
-1.404211167246103287e-01
-1.502042273059487343e-01
-1.399037088267505169e-01
-1.274409503675997257e-01
-1.402582307346165180e-01
-1.345453318208456039e-01
-1.361890751868486404e-01
-1.307203955948352814e-01
-1.359871621243655682e-01
-1.464451598003506660e-01
-1.380595811642706394e-01
-1.277712592855095863e-01
-1.248530671000480652e-01
-1.300902850925922394e-01
-9.267648542299866676e-02
-1.332190381363034248e-01
-1.318528922274708748e-01
-1.298800716176629066e-01
-1.077990019693970680e-01
-1.185935470275580883e-01
-7.699152827262878418e-02
-1.264543584547936916e-01
-1.302405688911676407e-01
-1.379783577285706997e-01
-1.561968317255377769e-01
-1.454551820643246174e-01
-1.398493465967476368e-01
-1.393317980691790581e-01
-1.331644896417856216e-01
-1.403407794423401356e-01
-1.471639112569391727e-01
-1.404460011981427670e-01
-1.360891433432698250e-01
-1.371701420284807682e-01
-1.523494971916079521e-01
-1.644219132140278816e-01
-1.294872243888676167e-01
-1.308431676588952541e-01
-1.157741611823439598e-01
-1.408408298157155514e-01
-1.461810399778187275e-01
-1.519153676927089691e-01
-1.441166973672807217e-01
-1.413724906742572784e-01
-1.437405212782323360e-01
-1.489522228948771954e-01
-1.372215864248573780e-01
-1.309484881348907948e-01
-1.474678548984229565e-01
-1.371483565308153629e-01
-1.295921821147203445e-01
-1.453567682765424252e-01
-1.384464264847338200e-01
-1.666897786781191826e-01
-1.318301693536341190e-01
-1.522725084796547890e-01
-1.439540451392531395e-01
-1.491921944543719292e-01
-1.484224265441298485e-01
-1.339381649158895016e-01
-1.368457200005650520e-01
-1.471635559573769569e-01
-1.474161273799836636e-01
-1.364203430712223053e-01
-1.483765463344752789e-01
-1.402343488298356533e-01
-1.261059870012104511e-01
-1.322217728011310101e-01
-1.446641483344137669e-01
-1.318457382731139660e-01
-1.385452970862388611e-01
-1.388220111839473248e-01
-1.323334067128598690e-01
-1.533914911560714245e-01
-1.322884811088442802e-01
-1.394001203589141369e-01
-1.589414374902844429e-01
-1.503263637423515320e-01
-1.291516777127981186e-01
-1.353183346800506115e-01
-1.473485142923891544e-01
-1.548956409096717834e-01
-1.642521759495139122e-01
-1.568768974393606186e-01
-1.560416030697524548e-01
-1.459296988323330879e-01
-1.458791722543537617e-01
-1.516525717452168465e-01
-1.529111657291650772e-01
-1.471570711582899094e-01
-1.554975770413875580e-01
-1.435988396406173706e-01
-1.566113615408539772e-01
-1.413282430730760098e-01
-1.526273647323250771e-01
-1.470633745193481445e-01
-1.513400208204984665e-01
-1.495836228132247925e-01
-1.464514485560357571e-01
-1.490127011202275753e-01
-1.352808661758899689e-01
-1.419900385662913322e-01
-1.552091157063841820e-01
-1.544586122035980225e-01
-1.409194073639810085e-01
-1.508466899394989014e-01
-1.358887944370508194e-01
-1.423465870320796967e-01
-1.465537752956151962e-01
-1.363011864013969898e-01
-1.368154119700193405e-01
-1.343804914504289627e-01
-1.387738706544041634e-01
