-5.516822811557631212e-04
-5.248553759201968205e-03
-5.465090793421722992e-03
-7.452614112850142192e-03
-9.343336570879046121e-03
-8.628968738243258940e-03
-9.195076562264148379e-03
-1.141866330615926017e-02
-7.571239759670334024e-03
-1.351116915233774307e-02
-1.082205103301703275e-02
-5.727664303037727223e-03
-8.803509746940108016e-03
-8.868683521711773210e-03
-8.251066036791598890e-03
-1.211167176697358627e-02
-4.742288757569212976e-03
-7.313983359210851631e-03
-5.630485404253704473e-03
-5.516132843141008379e-03
-9.368512679799323450e-03
-9.044263195391977206e-03
-4.252099116641261389e-03
-4.048793330298394721e-03
-7.401264241536864574e-03
1.144297941575445066e-03
-7.574710847819687842e-03
-8.845507228762983232e-03
-1.055512798086510884e-02
-7.946524830913404003e-03
-4.674743505987066783e-03
-8.825499254442092933e-03
-1.046795510846720845e-02
-7.446343805895594414e-03
-7.317795018764172710e-04
-3.366297524934225294e-03
-2.549164307140472374e-03
-9.042554536421221201e-03
-3.168560472843751086e-03
-7.385834031481408601e-03
-2.022732401201210450e-03
-7.613638002666789362e-03
-8.282488497215467760e-03
-8.688770478869400904e-03
-4.412744290309689177e-03
-1.192342185385086850e-02
-7.620112872615436572e-03
-1.128991365547449277e-02
-1.074979578481816134e-02
-1.384490643431490753e-03
-9.402183434218613911e-03
-3.642018386706524780e-03
-6.177799269778461166e-03
-4.532777640974927635e-03
-1.075495329570230751e-02
-8.677983747475082055e-03
-4.369787724101570348e-03
-3.426557597961732426e-03
-8.559746609137164342e-03
4.075002849276643246e-03
-7.529354442340263631e-03
-4.743394762044772506e-03
-4.810853893275179871e-03
-1.163116221539439721e-02
-4.037647768569740947e-03
-4.024735695793424384e-04
-8.901266154133224973e-03
3.558451474987123220e-03
-2.273393209293317341e-04
8.096252291579730809e-03
-8.294850416120880254e-03
-8.476411149615614704e-03
-5.379110715892920780e-03
-1.128322540311899047e-02
-1.151742003565914274e-02
-1.367570011252539075e-02
-6.729724799498626453e-03
-9.954483473848085850e-03
-1.022462285682479433e-02
-7.730202676611952484e-03
-4.971235479018787373e-03
-8.918830933566823660e-03
-1.025785536003809284e-02
-7.191061711637303233e-03
-1.144600443319632177e-02
-1.317169636112680564e-02
-9.547615243377549632e-03
-7.667400389259171334e-03
-1.289388368896027259e-02
-5.454999445646535605e-04
-2.886532404225761184e-03
-1.303772833779248685e-02
-1.332372728138864204e-02
-5.013345192125484573e-03
-1.003228150653967532e-02
-1.066172964001310675e-02
-3.699364600649346357e-03
-9.343647063019488996e-03
-4.966723550211327165e-03
-4.084823482482846657e-03
-6.442080144186235202e-03
-1.019836950290198274e-02
-6.190605616623656715e-03
-1.039047896412625960e-02
-3.604970076793279077e-03
-5.167215412072323488e-03
-9.825657913644647579e-03
-5.368847881612737183e-03
-7.639224473678041250e-03
-5.298665820561154760e-03
-1.823323042856372922e-03
5.877278168917143830e-03
-1.985963844447269366e-03
-1.409222172156887609e-03
-9.877176254292407975e-03
-9.451813665606323411e-03
-2.213115317118763414e-03
-7.813680276655077250e-03
-1.130262619535926660e-02
-9.901586268114215272e-03
-1.191852452029706910e-02
-1.283473447693950220e-02
-9.134804570919641264e-03
-1.158216409967849359e-02
-7.549305475549772382e-03
-9.631264762731461815e-03
-5.209975395700894296e-03
-6.955441154431696305e-03
-9.087245629046947215e-03
-6.215058967029563064e-03
-2.107954131474798487e-03
-3.244238406480803860e-03
-7.973745613711002989e-03
-5.114683046130608091e-03
-1.137328670301940292e-02
-9.953068760637506784e-03
-9.964220524125266820e-03
-1.185549013808895324e-02
-7.189169495518399344e-03
-9.394605382112786174e-03
-1.139349874865747125e-02
-9.641465599997900426e-03
-9.403997370100114495e-03
-9.735887734130699300e-03
-9.627495610004643822e-03
-9.551919487421400845e-03
-1.374116046318363260e-02
-1.361809943921343802e-02
-1.230545250874115482e-02
-1.190680302971713900e-02
-1.157908175736110934e-02
-9.974889445601320404e-03
-1.205352139947990509e-02
-9.001314057968556881e-03
-8.241893722150450685e-03
-1.227306502914871089e-02
-8.788082699268784381e-03
-7.699981261623634055e-03
-1.113367836762790830e-02
-1.080611006818799069e-02
-1.166238551596165962e-02
-1.049934577531530522e-02
-1.051858561586982432e-02
-8.772089456755338688e-03
-1.041734622339163252e-02
-6.735088786797405191e-03
-5.374499061872484162e-03
-8.629697451510764949e-03
-6.855571323100662084e-03
-9.657356788375537349e-03
-1.054390552599215880e-02
-8.670814752264277558e-03
-1.053539638158440539e-02
-1.003147174088780957e-02
-1.140192778802884277e-02
-1.000589203613344580e-02
-8.380967852090748238e-03
-1.147397112146109066e-02
-1.034209643330541439e-02
-8.699191326911659417e-03
-1.056466345289663877e-02
-9.985571591101916056e-03
-9.973928141704391237e-03
-4.907946522507700138e-03
-8.087679289744187372e-03
-9.735950214974309347e-03
-7.732544958884091102e-03
-8.858360346863491941e-03
-1.038369351078927139e-02
-7.731409274867928616e-03
-9.980808763032200659e-03
-7.208690560929653657e-03
-8.917511674383149511e-03
-7.939303012449272501e-03
-4.256881219589558896e-03
-8.673721231929221176e-03
-4.653733325000075638e-03
-6.113606980932217994e-03
-4.155033172082767123e-03
-2.506854174498585053e-03
-2.983780676828473588e-04
-1.683576759752725138e-03
-5.206489184445217688e-03
-6.206631851455313154e-03
-5.951832934897538507e-03
-5.698972206985786215e-03
-5.330884325672968771e-03
-9.345942889922298491e-03
-5.923524251386425021e-03
-1.013995916238741302e-02
-4.370948588586998085e-03
-8.826173533037717789e-03
-6.314086525527784488e-03
-8.932688618187967222e-03
-1.014902350726742952e-02
-7.430950025451465990e-03
-6.915655064233305893e-03
-9.763694940943423717e-03
-9.956941418181486370e-03
-1.014538879899262724e-02
-9.805769460939472992e-03
-1.138899173456309200e-02
-1.165990386220983055e-02
-1.236179707922246962e-02
-8.065756264500123507e-03
-7.175251118681558182e-03
-7.780724405897387896e-03
-7.196126219426446369e-03
-1.056960259593253681e-02
-1.159073285563749778e-02
-8.962360920847345369e-03
-1.142703065161754239e-02
-8.830649597804551831e-03
-1.036850271630385123e-02
-1.001763418679502138e-02
-1.091188502505247016e-02
-1.033661499096183434e-02
-9.392916918955052097e-03
-1.146256180655313983e-02
-9.773244133249647803e-03
-6.827733285888371029e-03
-7.699556132848783818e-03
-1.105896554582841418e-02
-1.067589575977478944e-02
-9.214766756855397034e-03
-1.133509978245683669e-02
-1.267630751972248504e-02
-9.893742253211712523e-03
-1.316667377250269055e-02
-7.695827086166673325e-03
-9.262092482096306867e-03
-1.171437115080919966e-02
-9.856591628334854249e-03
-1.104483068331774120e-02
-1.223693198407715954e-02
-7.307274859339685236e-03
-8.910464140342355677e-03
-8.537049176709388121e-03
-1.015978948854012742e-02
-1.278635225469315628e-02
-1.351656170589876638e-02
-1.163063118292484432e-02
-1.330434837217353561e-02
-1.088427055441343327e-02
-1.513058199779493407e-02
-1.026146728399623953e-02
-7.301130522506582565e-03
-8.482344076014669554e-03
-1.086906541749499411e-02
-7.444509284681544159e-03
-1.005130716075441910e-02
-8.155013005307409912e-03
-9.962188126515059139e-03
-1.135961167237553582e-02
-1.141067507268189729e-02
-1.063039633737616896e-02
-1.157035704090958461e-02
-1.524697409112718560e-02
-1.478181815764401108e-02
-1.021685268506189459e-02
-8.513494678481947631e-03
-6.752343836012641987e-03
-1.126654898979495556e-02
-1.084132444229979342e-02
-1.315022814087285496e-02
-1.573959269299507469e-02
-7.371359755055095775e-03
-1.608411294142797487e-02
-1.250670335357995100e-02
-1.071209508808124156e-02
-1.388486923679010943e-02
-1.327521085040928028e-02
-1.013032675255054471e-02
-1.434333632005291292e-02
-9.668859551311470568e-03
-1.286731149738784552e-02
-1.742619488177865605e-02
-1.372895247624228432e-02
-1.377659009301623882e-02
-8.209412693389595006e-03
-1.534988605493481373e-02
-1.280942875601454034e-02
-1.593044740729965270e-02
-1.522089352074829094e-02
-1.330298834400167607e-02
-1.685059279259348841e-02
-1.548770612060934582e-02
-1.843696112628379069e-02
-1.758229399857214048e-02
-1.730001622054189170e-02
-1.327992756341700442e-02
-1.181967107260106786e-02
-1.622834806330786250e-02
-1.576722891624626754e-02
-1.180941633646881428e-02
-1.610263217553864479e-02
-1.330388416101868643e-02
-1.594545574626238249e-02
-1.599377049569739029e-02
-1.661762980506864551e-02
-1.030737472174081404e-02
-1.640441798808467411e-02
-1.793532592709823348e-02
-1.424883288018463645e-02
-1.335950316280332117e-02
-1.130199261132247557e-02
-1.345394151576329023e-02
-1.524872994269799165e-02
-1.373962651413762615e-02
-1.337837822356391371e-02
-1.501524913473417655e-02
-1.211039342197750557e-02
-1.090913865846232511e-02
-1.123663883481640369e-02
-9.169676243530489046e-03
-1.309917946633731844e-02
-1.099900008121323935e-02
-1.032942298334305065e-02
-1.032707365993701387e-02
-1.148611443500158202e-02
-9.962125086929063400e-03
-1.022341049137764912e-02
-1.113468045383569915e-02
-1.303154729466626804e-02
-1.128083152292447267e-02
-1.126154185912753292e-02
-1.373697748931590468e-02
-1.264343437068760068e-02
-1.163442007091219921e-02
-8.275553156295245572e-03
-1.270148096665479898e-02
-1.239451834408100694e-02
-1.175715010467115462e-02
-1.351195585129971732e-02
-1.189328758701435618e-02
-1.326359838566304461e-02
-1.431987991674077421e-02
-1.449380400009658842e-02
-1.405895164646153717e-02
-1.366399700933129679e-02
-1.250692774920025840e-02
-1.469963113925132348e-02
-1.161262105378568776e-02
-1.087422177516828015e-02
-1.667290320183667518e-02
-1.504212227160905968e-02
-1.352144809129640635e-02
-1.200291803252184764e-02
-1.227617124561675155e-02
-1.222508333597716046e-02
-1.157599805617337552e-02
-9.794390111352413442e-03
-1.367358970546206365e-02
-9.804341894053436590e-03
-1.516777145006642513e-02
-1.260049283459352409e-02
-8.637250275228325336e-03
-9.964985829718386867e-03
-1.231639273100881837e-02
-1.175790448107250086e-02
-1.132871575481431137e-02
-1.138374793896446135e-02
-1.289651906483868515e-02
-1.150599135580421262e-02
-1.170357032451363466e-02
-1.228565885357824072e-02
-1.237943126542973005e-02
-1.027879357349092970e-02
-9.764187533079393688e-03
-5.656302845455485340e-03
-7.869070779271680749e-03
-8.390636915976301680e-03
-7.790739611664321274e-03
-7.043879617810944183e-03
-6.367846786815789528e-03
-6.391747498639688274e-03
-6.330074903928561980e-03
-4.208224630389167942e-03
-4.598095104881849693e-03
-2.434889155939146121e-03
-2.387647666068914987e-04
-2.128235980876524991e-03
-3.743967723096375266e-03
-4.721656152241848758e-03
-6.874206227116985701e-03
-6.696825028711828054e-03
-6.561134125490752922e-03
-7.588789447254384868e-03
-6.816684568178743575e-03
-6.615407567210240813e-03
-7.948239570851001190e-03
-6.197584480105433613e-03
-9.188573370124686335e-03
-7.043538340269606124e-03
-8.011618991076829843e-03
-1.034489218869794058e-02
-7.398189172093339039e-03
-9.759775944800708203e-03
-9.015620472212049208e-03
-8.412617276917444542e-03
-8.793736599908896778e-03
-8.008195665212269887e-03
-9.747073015773821680e-03
-8.058218369839664774e-03
-8.941013155379096133e-03
-6.477612766303764147e-03
-8.257259145864281891e-03
-1.297514385959175343e-02
-1.133107495734364534e-02
-9.063763841425043211e-03
-1.025492385779358528e-02
-8.073450547811944489e-03
-9.228350914042948716e-03
-9.381261576379529288e-03
-8.816620616585169046e-03
-1.031794083610293455e-02
-6.527466437546536326e-03
-1.015850453876510073e-02
-1.129160044219901238e-02
-1.102863596752712283e-02
-1.043761952023913864e-02
-1.245925164840855359e-02
-1.427898359906976111e-02
-8.935105425194933559e-03
-9.643514802860408963e-03
-1.218471998873837947e-02
-1.249934306615330115e-02
-9.810082896720473400e-03
-1.559387125744038372e-02
-1.251270277899152461e-02
-1.157737203175202012e-02
-1.100983964499846479e-02
-1.228667875841438217e-02
-1.138151258783182129e-02
-1.053561994577023597e-02
-1.276000155357337462e-02
-1.289535166287691936e-02
-1.243437188097118451e-02
-1.450488818227313459e-02
-1.170396195226430791e-02
-1.247528251406038180e-02
-1.389249090277644427e-02
-1.287448858492989956e-02
-1.573981992916628769e-02
-1.258477417866288306e-02
-1.244780501946252116e-02
-1.240797740028920515e-02
-1.329966488119538326e-02
-9.274435393308522180e-03
-1.260086383555858447e-02
-1.199774406416054262e-02
-1.360465898613938407e-02
-1.511663432467003076e-02
-1.019616382615140537e-02
-1.466845118775328416e-02
-1.182301535155261263e-02
-1.703845126903047458e-02
-1.456025216026546332e-02
-1.142444998185965233e-02
-9.759193703942514730e-03
-1.496281921281461536e-02
-1.314117594750996432e-02
-1.615377385749638961e-02
-1.275707829043426500e-02
-1.417577384052037814e-02
-8.536472114982984749e-03
-1.765739617985673249e-02
-1.339799123235252409e-02
-1.218914152269690021e-02
-1.314709110884049181e-02
-1.071905748975154893e-02
-1.443121258671453688e-02
-1.957798789953812957e-02
-1.395569550078334942e-02
-1.171778352434671433e-02
-1.409997636062598758e-02
-1.597365895322866436e-02
-1.728051235986605150e-02
-1.562744757939071860e-02
-1.461453908268595114e-02
-1.793454110227798992e-02
-1.794703783818363263e-02
-1.537513032817372505e-02
-1.644146070447760621e-02
-1.826902353786863387e-02
-1.793012478265154641e-02
-1.846984623551861660e-02
-1.996399160378814486e-02
-1.447670500056119636e-02
-1.977909141058376008e-02
-1.617784157133428380e-02
-1.703521017334708176e-02
-1.253498812508269111e-02
-1.611543883917931907e-02
-1.179484028341448720e-02
-1.461580887263380646e-02
-1.824663549268734641e-02
-1.979354184913972858e-02
-1.478601552366853866e-02
-1.541335802030507907e-02
-1.447687501439531843e-02
-1.413265821469167349e-02
-1.979359629112309449e-02
-1.741051325298048624e-02
-1.311004787057612475e-02
-1.475651344445338964e-02
-1.478961525444333347e-02
-1.415843842260056107e-02
-1.620448144313968442e-02
-1.099384333940633951e-02
-1.334042697709492131e-02
-1.297476126055130408e-02
-1.966816836575446814e-02
-1.368123422180644866e-02
-1.253730033931788057e-02
-1.885943646485088721e-02
-1.384131644954322837e-02
-1.673793035442372457e-02
-1.342407709016413264e-02
-1.447055217649939607e-02
-2.140702766337199137e-02
-1.597086158871974249e-02
-1.635987242988790058e-02
-1.631956405471157723e-02
-1.774510933609008134e-02
-1.817178127095075979e-02
-1.514256914086331562e-02
-1.422584626707035227e-02
-2.058051985841302667e-02
-1.513119791343342513e-02
-1.764483297120023053e-02
-1.516368134307555238e-02
-1.829959626775234938e-02
-1.832958631138126293e-02
-1.707936509328789043e-02
-1.643472352917285662e-02
-1.471277273412852082e-02
-1.475744780908883058e-02
-1.453164810592966205e-02
-1.731958316594273128e-02
-1.797945979851078846e-02
-1.547425612369579540e-02
-1.674588730529791292e-02
-2.034955792187531642e-02
-1.640693069930421188e-02
-1.470034156153587901e-02
-1.542970128502929583e-02
-1.831603676373561029e-02
-1.456594004847033830e-02
-1.707855590575491078e-02
-1.269804697733434296e-02
-1.741218956868806345e-02
-1.405535915546352044e-02
-1.812728635122695664e-02
-1.497636077019137701e-02
-1.482953567867184574e-02
-1.489637384946718157e-02
-1.401472735872744124e-02
-1.165077154291793704e-02
-1.412277662602434702e-02
-1.293213972672901946e-02
-1.517603525570621059e-02
-1.524745055141352168e-02
-1.476648235257016495e-02
-1.222621728993544821e-02
-1.137331585806578005e-02
-9.805993735971796355e-03
-1.396914376528002322e-02
-1.251331636501618050e-02
-1.151677847697385459e-02
-1.112727879555563959e-02
-1.147482157421109150e-02
-8.986384403385727637e-03
-8.314292050499716424e-03
-7.945163548747302684e-03
-6.534985754939270919e-03
-7.841980764350608979e-03
-5.734725457983813612e-03
-5.344915231773939013e-03
-3.082446221924328711e-03
