5.861542284488677979e+00
6.735407650470733643e+00
5.714599728584289551e+00
5.427925258874893188e+00
5.000457137823104858e+00
4.510050624608993530e+00
3.376396119594573975e+00
3.972958207130432129e+00
3.078937396407127380e+00
3.407548472285270691e+00
2.329197362065315247e+00
1.734654106199741364e+00
1.779758177697658539e+00
2.000955797731876373e+00
1.812080271542072296e+00
1.355474308133125305e+00
1.455036241561174393e+00
1.048569817095994949e+00
1.165473736822605133e+00
1.016028340905904770e+00
7.669347878545522690e-01
8.056704215705394745e-01
8.476623967289924622e-01
7.513147592544555664e-01
6.802063537761569023e-01
8.098980989307165146e-01
6.804128196090459824e-01
7.815456669777631760e-01
5.860386695712804794e-01
6.290825605392456055e-01
5.815881956368684769e-01
4.956963146105408669e-01
5.309735126793384552e-01
4.951540632173418999e-01
5.040516490116715431e-01
6.749596502631902695e-01
5.968825165182352066e-01
3.592557059600949287e-01
5.223146555945277214e-01
4.073187317699193954e-01
4.481872394680976868e-01
3.877196656540036201e-01
3.733516158536076546e-01
4.242059709504246712e-01
4.806288927793502808e-01
3.210740447975695133e-01
4.899835307151079178e-01
4.254039665684103966e-01
3.467901861295104027e-01
4.566294653341174126e-01
2.816610857844352722e-01
3.887111041694879532e-01
3.168030204251408577e-01
4.165331795811653137e-01
2.982156183570623398e-01
3.449918283149600029e-01
3.445133306086063385e-01
4.500071005895733833e-01
3.178563686087727547e-01
3.329201694577932358e-01
3.347138492390513420e-01
2.150464202277362347e-01
3.261605128645896912e-01
2.655037175863981247e-01
1.817737179808318615e-01
2.236259868368506432e-01
2.556157168000936508e-01
1.700608762912452221e-01
2.933274321258068085e-01
3.224997776560485363e-01
2.530623534694314003e-01
2.241284023039042950e-01
7.060327380895614624e-01
2.500474415719509125e-01
2.712622983381152153e-01
3.840893860906362534e-01
3.145233970135450363e-01
2.909308318048715591e-01
1.235836870037019253e-01
3.522346215322613716e-01
3.867716696113348007e-01
2.085794317536056042e-01
1.753368312492966652e-01
2.159763420931994915e-01
1.671434030868113041e-01
1.773976054973900318e-01
1.318868738599121571e-01
3.204363761469721794e-01
2.141396161168813705e-01
4.016759870573878288e-01
2.790035065263509750e-01
3.463866123929619789e-01
3.040384603664278984e-01
2.441190583631396294e-01
2.879933863878250122e-01
3.108434253372251987e-01
2.713509052991867065e-01
2.348769311793148518e-01
2.120187529362738132e-01
4.066875381395220757e-01
2.320552505552768707e-01
1.767712649889290333e-01
2.513034325093030930e-01
3.419753722846508026e-01
1.963148829527199268e-01
2.933064550161361694e-01
2.915915157645940781e-01
2.155069857835769653e-01
1.645527686923742294e-01
2.739171199500560760e-01
3.348653530701994896e-01
3.022685265168547630e-01
1.714031160809099674e-01
2.093122350051999092e-01
1.266630832105875015e-01
1.400266154669225216e-01
1.884901900775730610e-01
1.225603315979242325e-01
1.356884066481143236e-01
1.955549065023660660e-01
1.644197273999452591e-01
1.620876602828502655e-01
2.416256796568632126e-01
1.749503500759601593e-01
2.241377602331340313e-01
1.370926208328455687e-01
1.231128755025565624e-01
1.268498515710234642e-01
1.561924407724291086e-01
1.723969895392656326e-01
1.363783318083733320e-01
1.357477360870689154e-01
1.071297144517302513e-01
1.231669457629323006e-01
9.331508097238838673e-02
9.641412366181612015e-02
1.317424543667584658e-01
1.171172871254384518e-01
1.049244910245761275e-01
8.811536699067801237e-02
1.147769200615584850e-01
1.235081357881426811e-01
1.037769548129290342e-01
9.997490397654473782e-02
1.285315251443535089e-01
1.416304856538772583e-01
1.227601640857756138e-01
1.091777393594384193e-01
1.495741135440766811e-01
1.230120698455721140e-01
1.344088944606482983e-01
1.398622523993253708e-01
1.027639182284474373e-01
8.242964511737227440e-02
1.296599083580076694e-01
1.513305068947374821e-01
1.058223929721862078e-01
9.382596507202833891e-02
1.458291909657418728e-01
1.487329378724098206e-01
7.574656815268099308e-02
1.216098659206181765e-01
1.182174994610249996e-01
1.239209168124943972e-01
6.208584667183458805e-02
8.499370201025158167e-02
9.488503204192966223e-02
6.677495443727821112e-02
1.172688220394775271e-01
1.019046575529500842e-01
7.478681823704391718e-02
8.336982876062393188e-02
7.818094757385551929e-02
5.469454929698258638e-02
7.968436076771467924e-02
4.960108251543715596e-02
7.027149864006787539e-02
4.229681356810033321e-02
7.225313130766153336e-02
6.188156059943139553e-02
5.465009319595992565e-02
6.551126937847584486e-02
4.104786663083359599e-02
5.820750189013779163e-02
3.488201182335615158e-02
6.205149879679083824e-02
2.289338290574960411e-02
7.653774193022400141e-02
5.676864169072359800e-02
5.358083819737657905e-02
4.053122713230550289e-02
4.832042613998055458e-02
3.687518934020772576e-02
8.382040169090032578e-02
5.452700302703306079e-02
4.511719278525561094e-02
6.067062541842460632e-02
1.801571884425356984e-02
6.210089824162423611e-02
6.570332671981304884e-02
3.644118085503578186e-02
6.415737490169703960e-02
4.579678992740809917e-02
3.977238683728501201e-02
3.701282059773802757e-02
3.192428936017677188e-02
5.370134778786450624e-02
4.512599139707162976e-02
1.605606020893901587e-02
4.973511537536978722e-02
3.242562848026864231e-02
2.458758826833218336e-02
3.762006366741843522e-02
4.098399070790037513e-02
5.682743480429053307e-02
2.527864772127941251e-02
5.857565824408084154e-02
4.232311726082116365e-02
6.626084400340914726e-02
5.904813972301781178e-02
3.629213897511363029e-02
4.671788646373897791e-02
5.977872642688453197e-02
4.872660513501614332e-02
5.814885452855378389e-02
4.952564788982272148e-02
6.705469312146306038e-02
3.362001263303682208e-02
6.308359757531434298e-02
5.616503604687750340e-02
4.583953379187732935e-02
2.079937304370105267e-02
7.890326122287660837e-02
4.757254524156451225e-02
5.975861276965588331e-02
3.325102868257090449e-02
4.935061064315959811e-02
5.289067333796992898e-02
6.054972182027995586e-02
3.014304669341072440e-02
5.827685224357992411e-02
6.431957130553200841e-02
5.743575200904160738e-02
4.169767221901565790e-02
6.754822714719921350e-02
4.532271274365484715e-02
4.254514304921030998e-02
7.114654500037431717e-02
2.728702576132491231e-02
5.087362363701686263e-02
8.930344739928841591e-02
4.204238182865083218e-02
8.901395811699330807e-02
4.323401802685111761e-02
3.756483295001089573e-02
6.359765783417969942e-02
5.911867367103695869e-02
7.315921306144446135e-02
6.890936719719320536e-02
8.015126001555472612e-02
4.927347984630614519e-02
5.337859631981700659e-02
3.545257914811372757e-02
8.512716053519397974e-02
6.394101085606962442e-02
3.856405225815251470e-02
2.424936761963181198e-02
7.183729659300297499e-02
8.772436995059251785e-02
4.762899398338049650e-02
7.557582808658480644e-02
5.088419339153915644e-02
1.100636799819767475e-01
7.675811229273676872e-02
4.997519426979124546e-02
6.956291361711919308e-02
5.170409963466227055e-02
6.081905553583055735e-02
9.197017783299088478e-02
9.575732564553618431e-02
7.759130815975368023e-02
3.521324269240722060e-02
8.369309362024068832e-02
1.085457454901188612e-01
9.577355068176984787e-02
3.775576525367796421e-02
7.420162018388509750e-02
7.002226170152425766e-02
1.352261207066476345e-01
1.283438350073993206e-01
2.893569599837064743e-02
9.366420703008770943e-02
1.062205773778259754e-01
6.632013712078332901e-02
1.224884428083896637e-01
1.116910937707871199e-01
5.985967954620718956e-02
1.009214641526341438e-01
7.898901239968836308e-02
6.799473264254629612e-02
1.015702872537076473e-01
1.705100825056433678e-01
1.239075982011854649e-01
8.210787130519747734e-02
8.558129635639488697e-02
1.371781369671225548e-01
1.581248836591839790e-01
1.242337229195982218e-01
2.529071504250168800e-01
7.997926976531744003e-02
1.264868658035993576e-01
1.167838249821215868e-01
9.701335849240422249e-02
9.321763622574508190e-02
7.253392913844436407e-02
7.807798311114311218e-02
1.308881281875073910e-01
6.771777803078293800e-02
1.153590264730155468e-01
8.630544599145650864e-02
1.660703909583389759e-01
1.048795329406857491e-01
1.034579114057123661e-01
1.357707395218312740e-01
9.169545909389853477e-02
1.156768850050866604e-01
1.537770021241158247e-01
1.058780348394066095e-01
1.060698811197653413e-01
1.011829609051346779e-01
1.238846573978662491e-01
1.147794063435867429e-01
1.011424148455262184e-01
9.081568056717514992e-02
9.953701216727495193e-02
9.059220727067440748e-02
8.646366163156926632e-02
6.687636161223053932e-02
7.800049136858433485e-02
8.366595802363008261e-02
4.442157340236008167e-02
1.039999097120016813e-01
8.139474911149591208e-02
9.170315763913094997e-02
5.132793530356138945e-02
1.073820758610963821e-01
9.015768067911267281e-02
8.109696162864565849e-02
7.582642324268817902e-02
7.167043635854497552e-02
7.633936696220189333e-02
7.556881289929151535e-02
8.784749777987599373e-02
7.318061927799135447e-02
8.126963372342288494e-02
8.932539983652532101e-02
1.123158219270408154e-01
1.133870375342667103e-01
6.339114019647240639e-02
1.006327541545033455e-01
1.047291872091591358e-01
1.134248059242963791e-01
6.286289985291659832e-02
8.600260945968329906e-02
9.721909300424158573e-02
4.655214282684028149e-02
8.956263854634016752e-02
5.917046370450407267e-02
8.099170168861746788e-02
9.891048795543611050e-02
9.759269654750823975e-02
7.703320041764527559e-02
8.871838834602385759e-02
8.069844869896769524e-02
1.017825342714786530e-01
5.888834886718541384e-02
6.465993635356426239e-02
6.648387911263853312e-02
7.601450511720031500e-02
1.066307569853961468e-01
7.459503645077347755e-02
4.154069483047351241e-02
8.074831264093518257e-02
8.059697027783840895e-02
7.838220498524606228e-02
5.933496938087046146e-02
7.843494275584816933e-02
6.459296005778014660e-02
4.435770888812839985e-02
6.543525913730263710e-02
5.510573118226602674e-02
5.319740530103445053e-02
5.963361379690468311e-02
5.464460502844303846e-02
3.700704430229961872e-02
2.749015361769124866e-02
4.597466776613146067e-02
3.091978002339601517e-02
4.970346001209691167e-02
3.533892467385157943e-02
3.909944184124469757e-02
3.407266526482999325e-02
2.659070631489157677e-02
4.252562834881246090e-02
2.038365148473531008e-02
3.118448826717212796e-02
5.138457781868055463e-02
3.786004381254315376e-02
2.913733801688067615e-02
4.498945278464816511e-02
3.753343847347423434e-02
3.185964620206505060e-02
2.670908172149211168e-02
3.036841802531853318e-02
2.909600018756464124e-02
2.842329556006006896e-02
4.545917897485196590e-02
2.268674757215194404e-02
4.402936145197600126e-02
2.037273645692039281e-02
3.578753856709226966e-02
2.726363335386849940e-02
3.785243711899966002e-02
2.239398582605645061e-02
2.234883265919052064e-02
3.244240296771749854e-02
3.478069358970969915e-02
3.366673277923837304e-02
1.757385439123027027e-02
3.665759428986348212e-02
3.156943028443492949e-02
2.881345106288790703e-02
5.223957856651395559e-02
3.391353419283404946e-02
4.553552332799881697e-02
2.541825393564067781e-02
3.922955616144463420e-02
4.378026165068149567e-02
3.981992270564660430e-02
4.300484305713325739e-02
5.372801789781078696e-02
6.378446822054684162e-02
4.920811706688255072e-02
4.851996095385402441e-02
4.256187519058585167e-02
5.307510658167302608e-02
6.759724754374474287e-02
4.552456882083788514e-02
6.111605872865766287e-02
8.271399489603936672e-02
4.972683737287297845e-02
6.984563765581697226e-02
6.379169702995568514e-02
9.854244417510926723e-02
7.913111313246190548e-02
7.857388001866638660e-02
6.323994940612465143e-02
5.383789731422439218e-02
6.784836098086088896e-02
8.106751658488065004e-02
7.343433564528822899e-02
7.397221610881388187e-02
7.181955315172672272e-02
8.396880619693547487e-02
7.860830309800803661e-02
4.790402227081358433e-02
5.350214592181146145e-02
8.237494248896837234e-02
3.859637514688074589e-02
6.173176050651818514e-02
8.329535275697708130e-02
8.728010719642043114e-02
8.482033456675708294e-02
7.666778983548283577e-02
1.121639951597899199e-01
6.709038978442549706e-02
9.468178218230605125e-02
7.107397681102156639e-02
6.474167422857135534e-02
9.821631945669651031e-02
7.015994982793927193e-02
7.986922306008636951e-02
1.021386410575360060e-01
1.079494298901408911e-01
9.527542884461581707e-02
7.890570547897368670e-02
1.319985329173505306e-01
8.071408001706004143e-02
5.153865972533822060e-02
8.234602410811930895e-02
1.163443461991846561e-01
8.699449570849537849e-02
9.749329602345824242e-02
9.782150317914783955e-02
1.116697504185140133e-01
1.081157180014997721e-01
7.701547839678823948e-02
1.129032862372696400e-01
1.376320305280387402e-01
1.401740584988147020e-01
1.334504322148859501e-01
2.128514125943183899e-01
1.238789299968630075e-01
1.244524237699806690e-01
1.309550362639129162e-01
1.889958078972995281e-01
1.639373982325196266e-01
2.522603310644626617e-01
1.327200287487357855e-01
1.230570601765066385e-01
1.078207980608567595e-01
5.655320629011839628e-02
7.276882336009293795e-02
9.675593371503055096e-02
8.678747457452118397e-02
1.117151144426316023e-01
9.289564867503941059e-02
8.327030646614730358e-02
9.200255793984979391e-02
9.821339906193315983e-02
9.638900333084166050e-02
6.217532465234398842e-02
5.037544283550232649e-02
1.228416501544415951e-01
1.116573105100542307e-01
1.374410609714686871e-01
9.252505539916455746e-02
7.458707620389759541e-02
7.380963675677776337e-02
6.628223753068596125e-02
8.476859645452350378e-02
8.190834161359816790e-02
7.676444924436509609e-02
9.658608143217861652e-02
1.085932932328432798e-01
7.537843217141926289e-02
9.780378825962543488e-02
1.228265487588942051e-01
7.395308965351432562e-02
9.779762220568954945e-02
4.381576087325811386e-02
1.053312676958739758e-01
7.180135999806225300e-02
8.925782726146280766e-02
6.758270715363323689e-02
7.675058767199516296e-02
1.137710361508652568e-01
1.019882314139977098e-01
7.729384512640535831e-02
7.697901444043964148e-02
1.120322215138003230e-01
7.771529548335820436e-02
1.149067017249763012e-01
1.314464183524250984e-01
1.147297089919447899e-01
8.476316032465547323e-02
1.137034913990646601e-01
9.942550258710980415e-02
1.018220057012513280e-01
1.148473105859011412e-01
7.269106828607618809e-02
1.156433625146746635e-01
9.694781596772372723e-02
5.142081330996006727e-02
7.070215628482401371e-02
1.232920547481626272e-01
1.046768191736191511e-01
7.639919396024197340e-02
3.922823275206610560e-02
2.099449431989341974e-02
3.669566049939021468e-02
4.738897434435784817e-02
6.485220615286380053e-02
7.350374548695981503e-02
5.618554935790598392e-02
4.387385444715619087e-02
6.462060415651649237e-02
4.112071840791031718e-02
6.193502125097438693e-02
3.428060223814100027e-02
7.215739262755960226e-02
4.314943379722535610e-02
5.394078057724982500e-02
4.647194000426679850e-02
4.973034065915271640e-02
5.095323279965668917e-02
4.682924423832446337e-02
8.115634764544665813e-02
6.957906985189765692e-02
2.322056319098919630e-02
2.817003545351326466e-02
6.027895992156118155e-02
3.938517224742099643e-02
6.287842569872736931e-02
4.705497948452830315e-02
3.415441227843984962e-02
4.884924273937940598e-02
4.986412648577243090e-02
4.860392352566123009e-02
2.907863573636859655e-02
