 1.00000000e+08  2.09453541e-02 
 1.02330354e+08  2.10041960e-02 
 1.04715014e+08  2.10483157e-02 
 1.07155245e+08  2.10751841e-02 
 1.09652342e+08  2.10821278e-02 
 1.12207630e+08  2.10663773e-02 
 1.14822466e+08  2.10251323e-02 
 1.17498236e+08  2.09556432e-02 
 1.20236362e+08  2.08553097e-02 
 1.23038295e+08  2.07217911e-02 
 1.25905523e+08  2.05531256e-02 
 1.28839568e+08  2.03478490e-02 
 1.31841987e+08  2.01051050e-02 
 1.34914372e+08  1.98247372e-02 
 1.38058355e+08  1.95073525e-02 
 1.41275604e+08  1.91543478e-02 
 1.44567827e+08  1.87678960e-02 
 1.47936769e+08  1.83508889e-02 
 1.51384220e+08  1.79068414e-02 
 1.54912009e+08  1.74397649e-02 
 1.58522008e+08  1.69540181e-02 
 1.62216133e+08  1.64541510e-02 
 1.65996343e+08  1.59447499e-02 
 1.69864646e+08  1.54302972e-02 
 1.73823095e+08  1.49150517e-02 
 1.77873789e+08  1.44029542e-02 
 1.82018879e+08  1.38975613e-02 
 1.86260564e+08  1.34020052e-02 
 1.90601095e+08  1.29189770e-02 
 1.95042776e+08  1.24507299e-02 
 1.99587964e+08  1.19990976e-02 
 2.04239071e+08  1.15655233e-02 
 2.08998565e+08  1.11510961e-02 
 2.13868972e+08  1.07565911e-02 
 2.18852877e+08  1.03825109e-02 
 2.23952925e+08  1.00291272e-02 
 2.29171822e+08  9.69652234e-03 
 2.34512337e+08  9.38463160e-03 
 2.39977306e+08  9.09329036e-03 
 2.45569627e+08  8.82229330e-03 
 2.51292270e+08  8.57148421e-03 
 2.57148271e+08  8.34091805e-03 
 2.63140737e+08  8.13120110e-03 
 2.69272848e+08  7.94430511e-03 
 2.75547860e+08  7.78580047e-03 
 2.81969102e+08  7.67210889e-03 
 2.88539981e+08  7.66045523e-03 
 2.95263985e+08  8.03053979e-03 
 3.02144683e+08  1.14746790e-02 
 3.09185725e+08  1.34315159e-02 
 3.16390848e+08  8.50324787e-03 
 3.23763876e+08  1.44211196e-02 
 3.31308722e+08  9.73330184e-03 
 3.39029389e+08  8.14797179e-03 
 3.46929975e+08  1.49599151e-02 
 3.55014673e+08  8.41373217e-03 
 3.63287773e+08  7.85981263e-03 
 3.71753666e+08  7.77101673e-03 
 3.80416844e+08  8.00945776e-03 
 3.89281904e+08  8.94092689e-03 
 3.98353552e+08  1.25765892e-02 
 4.07636602e+08  1.08872825e-02 
 4.17135980e+08  8.19952319e-03 
 4.26856726e+08  7.91359639e-03 
 4.36804001e+08  8.04032185e-03 
 4.46983082e+08  9.76522623e-03 
 4.57399372e+08  9.50924022e-03 
 4.68058398e+08  9.14410585e-03 
 4.78965818e+08  8.38381568e-03 
 4.90127419e+08  8.95746893e-03 
 5.01549125e+08  1.10620478e-02 
 5.13236997e+08  8.54603105e-03 
 5.25197238e+08  9.17536894e-03 
 5.37436195e+08  1.12388633e-02 
 5.49960363e+08  1.29902540e-02 
 5.62776388e+08  1.24120516e-02 
 5.75891073e+08  9.87191108e-03 
 5.89311376e+08  7.95883222e-03 
 6.03044419e+08  7.97374990e-03 
 6.17097492e+08  8.38921459e-03 
 6.31478050e+08  8.75941227e-03 
 6.46193727e+08  9.15645473e-03 
 6.61252331e+08  9.63485337e-03 
 6.76661854e+08  1.02155119e-02 
 6.92430473e+08  1.07991698e-02 
 7.08566557e+08  1.18411841e-02 
 7.25078669e+08  1.38586326e-02 
 7.41975572e+08  2.10154741e-02 
 7.59266232e+08  1.20042557e-02 
 7.76959826e+08  9.94020591e-03 
 7.95065744e+08  1.11781565e-02 
 8.13593593e+08  1.24600373e-02 
 8.32553207e+08  1.37894175e-02 
 8.51954648e+08  1.51706158e-02 
 8.71808210e+08  1.64759191e-02 
 8.92124431e+08  1.74119591e-02 
 9.12914092e+08  1.76439145e-02 
 9.34188226e+08  1.70923095e-02 
 9.55958123e+08  1.60277445e-02 
 9.78235335e+08  1.48083257e-02 
 1.00103169e+09  1.36619774e-02 
 1.02435927e+09  1.26822622e-02 
 1.04823047e+09  1.23523840e-02 
 1.07265796e+09  1.30453605e-02 
 1.09765469e+09  1.14501005e-02 
 1.12323393e+09  1.26068891e-02 
 1.14940927e+09  1.33491619e-02 
 1.17619457e+09  1.39812328e-02 
 1.20360408e+09  1.46926757e-02 
 1.23165232e+09  1.52981208e-02 
 1.26035418e+09  1.61703312e-02 
 1.28972490e+09  1.69642872e-02 
 1.31978006e+09  1.77234376e-02 
 1.35053561e+09  1.83975235e-02 
 1.38200788e+09  1.89136462e-02 
 1.41421356e+09  1.91918208e-02 
 1.44716975e+09  1.88312918e-02 
 1.48089393e+09  1.92675122e-02 
 1.51540401e+09  1.92160390e-02 
 1.55071830e+09  1.92607384e-02 
 1.58685553e+09  1.95118126e-02 
 1.62383489e+09  1.99988188e-02 
 1.66167599e+09  2.07264865e-02 
 1.70039893e+09  2.17008663e-02 
 1.74002425e+09  2.28526767e-02 
 1.78057299e+09  2.12528024e-02 
 1.82206665e+09  2.87134292e-02 
 1.86452726e+09  1.45062476e-02 
 1.90797735e+09  1.66705079e-02 
 1.95243999e+09  2.04194724e-02 
 1.99793876e+09  2.24154605e-02 
 2.04449781e+09  2.38172410e-02 
 2.09214185e+09  2.49233952e-02 
 2.14089617e+09  2.58380504e-02 
 2.19078664e+09  2.66053078e-02 
 2.24183974e+09  2.72477848e-02 
 2.29408255e+09  2.77803448e-02 
 2.34754280e+09  2.82154663e-02 
 2.40224887e+09  2.85651850e-02 
 2.45822978e+09  2.88414552e-02 
 2.51551525e+09  2.90557818e-02 
 2.57413567e+09  2.92185652e-02 
 2.63412215e+09  2.93383740e-02 
 2.69550653e+09  2.94211748e-02 
 2.75832139e+09  2.94693314e-02 
 2.82260005e+09  2.94797726e-02 
 2.88837664e+09  2.94395547e-02 
 2.95568605e+09  2.93126722e-02 
 3.02456401e+09  2.89905877e-02 
 3.09504707e+09  2.80332151e-02 
 3.16717263e+09  2.49985971e-02 
 3.24097898e+09  3.01915802e-02 
 3.31650528e+09  3.07510079e-02 
 3.39379160e+09  3.06661270e-02 
 3.47287898e+09  3.05626879e-02 
 3.55380937e+09  3.04675730e-02 
 3.63662572e+09  3.03754298e-02 
 3.72137199e+09  3.02808776e-02 
 3.80809314e+09  3.01803946e-02 
 3.89683521e+09  3.00717395e-02 
 3.98764528e+09  2.99532128e-02 
 4.08057155e+09  2.98224481e-02 
 4.17566333e+09  2.96711409e-02 
 4.27297108e+09  2.93495680e-02 
 4.37254645e+09  2.94844705e-02 
 4.47444228e+09  2.92855148e-02 
 4.57871264e+09  2.90991028e-02 
 4.68541287e+09  2.88936455e-02 
 4.79459960e+09  2.86205722e-02 
 4.90633076e+09  2.76491656e-02 
 5.02066566e+09  2.88955347e-02 
 5.13766496e+09  2.85018300e-02 
 5.25739076e+09  2.82409490e-02 
 5.37990660e+09  2.79613899e-02 
 5.50527749e+09  2.68922536e-02 
 5.63356997e+09  2.76917065e-02 
 5.76485211e+09  2.76167926e-02 
 5.89919360e+09  2.74067685e-02 
 6.03666571e+09  2.76008670e-02 
 6.17734142e+09  2.72159868e-02 
 6.32129537e+09  2.68530702e-02 
 6.46860395e+09  2.64976291e-02 
 6.61934535e+09  2.58738836e-02 
 6.77359956e+09  2.23253113e-02 
 6.93144843e+09  2.62955953e-02 
 7.09297575e+09  2.60249570e-02 
 7.25826722e+09  2.10768502e-02 
 7.42741057e+09  1.92215812e-02 
 7.60049556e+09  2.59239519e-02 
 7.77761404e+09  2.61450749e-02 
 7.95886001e+09  2.58802894e-02 
 8.14432966e+09  1.94104856e-02 
 8.33412140e+09  2.51259315e-02 
 8.52833597e+09  1.55258995e-02 
 8.72707642e+09  1.48224639e-02 
 8.93044823e+09  2.53263845e-02 
 9.13855932e+09  2.52323796e-02 
 9.35152014e+09  2.54416054e-02 
 9.56944371e+09  2.53322081e-02 
 9.79244566e+09  2.53033071e-02 
 1.00206443e+10  2.52631590e-02 
 1.02541609e+10  2.52013790e-02 
 1.04931192e+10  2.51383184e-02 
 1.07376460e+10  2.50758382e-02 
 1.09878712e+10  2.50145411e-02 
 1.12439276e+10  2.49546419e-02 
 1.15059509e+10  2.48961540e-02 
 1.17740804e+10  2.48389420e-02 
 1.20484582e+10  2.47827109e-02 
 1.23292299e+10  2.47269282e-02 
 1.26165447e+10  2.46706101e-02 
 1.29105549e+10  2.46117237e-02 
 1.32114166e+10  2.45451411e-02 
 1.35192894e+10  2.44521354e-02 
 1.38343368e+10  2.41488296e-02 
 1.41567259e+10  2.44689349e-02 
 1.44866277e+10  2.42379804e-02 
 1.48242175e+10  2.22881232e-02 
 1.51696743e+10  2.43751483e-02 
 1.55231815e+10  2.43970767e-02 
 1.58849266e+10  2.43668661e-02 
 1.62551017e+10  2.43324746e-02 
 1.66339032e+10  2.42990885e-02 
 1.70215321e+10  2.42673726e-02 
 1.74181941e+10  2.42373110e-02 
 1.78240998e+10  2.42087765e-02 
 1.82394645e+10  2.41816384e-02 
 1.86645086e+10  2.41557829e-02 
 1.90994578e+10  2.41311136e-02 
 1.95445429e+10  2.41075486e-02 
 2.00000000e+10  2.40850173e-02 
