 1.00000000e+08  2.11312317e-02 
 1.02330354e+08  2.11887336e-02 
 1.04715014e+08  2.12312457e-02 
 1.07155245e+08  2.12562177e-02 
 1.09652342e+08  2.12609557e-02 
 1.12207630e+08  2.12426715e-02 
 1.14822466e+08  2.11985488e-02 
 1.17498236e+08  2.11258260e-02 
 1.20236362e+08  2.10218955e-02 
 1.23038295e+08  2.08844160e-02 
 1.25905523e+08  2.07114321e-02 
 1.28839568e+08  2.05014943e-02 
 1.31841987e+08  2.02537705e-02 
 1.34914372e+08  1.99681377e-02 
 1.38058355e+08  1.96452458e-02 
 1.41275604e+08  1.92865441e-02 
 1.44567827e+08  1.88942660e-02 
 1.47936769e+08  1.84713708e-02 
 1.51384220e+08  1.80214466e-02 
 1.54912009e+08  1.75485815e-02 
 1.58522008e+08  1.70572133e-02 
 1.62216133e+08  1.65519711e-02 
 1.65996343e+08  1.60375195e-02 
 1.69864646e+08  1.55184168e-02 
 1.73823095e+08  1.49989944e-02 
 1.77873789e+08  1.44832620e-02 
 1.82018879e+08  1.39748412e-02 
 1.86260564e+08  1.34769249e-02 
 1.90601095e+08  1.29922611e-02 
 1.95042776e+08  1.25231561e-02 
 1.99587964e+08  1.20714932e-02 
 2.04239071e+08  1.16387621e-02 
 2.08998565e+08  1.12260954e-02 
 2.13868972e+08  1.08343088e-02 
 2.18852877e+08  1.04639422e-02 
 2.23952925e+08  1.01153017e-02 
 2.29171822e+08  9.78849974e-03 
 2.34512337e+08  9.48349627e-03 
 2.39977306e+08  9.20014304e-03 
 2.45569627e+08  8.93823746e-03 
 2.51292270e+08  8.69760132e-03 
 2.57148271e+08  8.47821914e-03 
 2.63140737e+08  8.28052404e-03 
 2.69272848e+08  8.10607752e-03 
 2.75547860e+08  7.95943210e-03 
 2.81969102e+08  7.85419821e-03 
 2.88539981e+08  7.83827986e-03 
 2.95263985e+08  8.14939288e-03 
 3.02144683e+08  1.11736006e-02 
 3.09185725e+08  1.30046257e-02 
 3.16390848e+08  8.59102938e-03 
 3.23763876e+08  1.32466764e-02 
 3.31308722e+08  9.50805738e-03 
 3.39029389e+08  8.40985894e-03 
 3.46929975e+08  1.54230794e-02 
 3.55014673e+08  8.55764470e-03 
 3.63287773e+08  8.10456623e-03 
 3.71753666e+08  8.09794567e-03 
 3.80416844e+08  8.35129951e-03 
 3.89281904e+08  9.22209580e-03 
 3.98353552e+08  1.23621066e-02 
 4.07636602e+08  1.05400135e-02 
 4.17135980e+08  8.42940691e-03 
 4.26856726e+08  8.32545477e-03 
 4.36804001e+08  8.59718768e-03 
 4.46983082e+08  1.06811243e-02 
 4.57399372e+08  9.91922959e-03 
 4.68058398e+08  9.44285306e-03 
 4.78965818e+08  9.08917032e-03 
 4.90127419e+08  9.79579870e-03 
 5.01549125e+08  1.15957424e-02 
 5.13236997e+08  1.55696982e-02 
 5.25197238e+08  1.17276985e-02 
 5.37436195e+08  8.80200483e-03 
 5.49960363e+08  9.15615609e-03 
 5.62776388e+08  1.05138386e-02 
 5.75891073e+08  1.07947230e-02 
 5.89311376e+08  1.05657511e-02 
 6.03044419e+08  9.66857322e-03 
 6.17097492e+08  1.27207151e-02 
 6.31478050e+08  8.73036655e-03 
 6.46193727e+08  9.45689588e-03 
 6.61252331e+08  1.00494162e-02 
 6.76661854e+08  1.07249508e-02 
 6.92430473e+08  9.83121157e-03 
 7.08566557e+08  1.13105931e-02 
 7.25078669e+08  1.23525113e-02 
 7.41975572e+08  1.44094533e-02 
 7.59266232e+08  1.19537458e-02 
 7.76959826e+08  1.31395482e-02 
 7.95065744e+08  1.43719315e-02 
 8.13593593e+08  1.56672764e-02 
 8.32553207e+08  1.70938368e-02 
 8.51954648e+08  1.86122473e-02 
 8.71808210e+08  2.00301276e-02 
 8.92124431e+08  2.09687549e-02 
 9.12914092e+08  2.10238389e-02 
 9.34188226e+08  2.01257048e-02 
 9.55958123e+08  1.86329286e-02 
 9.78235335e+08  1.69964007e-02 
 1.00103169e+09  1.54997170e-02 
 1.02435927e+09  1.42661820e-02 
 1.04823047e+09  1.38189124e-02 
 1.07265796e+09  1.40278753e-02 
 1.09765469e+09  1.58254504e-02 
 1.12323393e+09  1.73628522e-02 
 1.14940927e+09  1.82473501e-02 
 1.17619457e+09  1.93410614e-02 
 1.20360408e+09  2.07156570e-02 
 1.23165232e+09  2.20715787e-02 
 1.26035418e+09  2.38908997e-02 
 1.28972490e+09  2.56837109e-02 
 1.31978006e+09  2.74736729e-02 
 1.35053561e+09  2.91045694e-02 
 1.38200788e+09  3.03194669e-02 
 1.41421356e+09  3.07547128e-02 
 1.44716975e+09  2.87622388e-02 
 1.48089393e+09  3.00679042e-02 
 1.51540401e+09  2.80998756e-02 
 1.55071830e+09  2.59251692e-02 
 1.58685553e+09  2.37826224e-02 
 1.62383489e+09  2.18429556e-02 
 1.66167599e+09  2.01766343e-02 
 1.70039893e+09  1.87578138e-02 
 1.74002425e+09  1.74080171e-02 
 1.78057299e+09  1.83994608e-02 
 1.82206665e+09  1.71410127e-02 
 1.86452726e+09  1.87400464e-02 
 1.90797735e+09  1.84172809e-02 
 1.95243999e+09  1.83945927e-02 
 1.99793876e+09  1.86033151e-02 
 2.04449781e+09  1.89491178e-02 
 2.09214185e+09  1.93844047e-02 
 2.14089617e+09  1.98780934e-02 
 2.19078664e+09  2.04074518e-02 
 2.24183974e+09  2.09552580e-02 
 2.29408255e+09  2.15085350e-02 
 2.34754280e+09  2.20577782e-02 
 2.40224887e+09  2.25963046e-02 
 2.45822978e+09  2.31196084e-02 
 2.51551525e+09  2.36247116e-02 
 2.57413567e+09  2.41095334e-02 
 2.63412215e+09  2.45722960e-02 
 2.69550653e+09  2.50109438e-02 
 2.75832139e+09  2.54224697e-02 
 2.82260005e+09  2.58018485e-02 
 2.88837664e+09  2.61397264e-02 
 2.95568605e+09  2.64159961e-02 
 3.02456401e+09  2.65770472e-02 
 3.09504707e+09  2.64280942e-02 
 3.16717263e+09  2.56306631e-02 
 3.24097898e+09  2.83882396e-02 
 3.31650528e+09  2.87228593e-02 
 3.39379160e+09  2.88417601e-02 
 3.47287898e+09  2.89600839e-02 
 3.55380937e+09  2.90717294e-02 
 3.63662572e+09  2.91686462e-02 
 3.72137199e+09  2.92465917e-02 
 3.80809314e+09  2.93036506e-02 
 3.89683521e+09  2.93391728e-02 
 3.98764528e+09  2.93530819e-02 
 4.08057155e+09  2.93450612e-02 
 4.17566333e+09  2.93114852e-02 
 4.27297108e+09  2.91692838e-02 
 4.37254645e+09  2.92737966e-02 
 4.47444228e+09  2.91779431e-02 
 4.57871264e+09  2.90798280e-02 
 4.68541287e+09  2.89619520e-02 
 4.79459960e+09  2.87963515e-02 
 4.90633076e+09  2.82208719e-02 
 5.02066566e+09  2.89554146e-02 
 5.13766496e+09  2.86911750e-02 
 5.25739076e+09  2.85108624e-02 
 5.37990660e+09  2.83173224e-02 
 5.50527749e+09  2.76907407e-02 
 5.63356997e+09  2.80644242e-02 
 5.76485211e+09  2.80318752e-02 
 5.89919360e+09  2.78690124e-02 
 6.03666571e+09  2.79421170e-02 
 6.17734142e+09  2.76665002e-02 
 6.32129537e+09  2.74189970e-02 
 6.46860395e+09  2.71710332e-02 
 6.61934535e+09  2.67935402e-02 
 6.77359956e+09  2.51583090e-02 
 6.93144843e+09  2.67029891e-02 
 7.09297575e+09  2.66718250e-02 
 7.25826722e+09  2.35292031e-02 
 7.42741057e+09  2.63109226e-02 
 7.60049556e+09  2.66020991e-02 
 7.77761404e+09  2.34944585e-02 
 7.95886001e+09  1.92626457e-02 
 8.14432966e+09  2.18850399e-02 
 8.33412140e+09  2.57057343e-02 
 8.52833597e+09  2.58438974e-02 
 8.72707642e+09  2.42970874e-02 
 8.93044823e+09  2.56786182e-02 
 9.13855932e+09  2.52201781e-02 
 9.35152014e+09  2.52694001e-02 
 9.56944371e+09  2.57646021e-02 
 9.79244566e+09  2.57408548e-02 
 1.00206443e+10  2.57079323e-02 
 1.02541609e+10  2.56638516e-02 
 1.04931192e+10  2.56161823e-02 
 1.07376460e+10  2.55669454e-02 
 1.09878712e+10  2.55171805e-02 
 1.12439276e+10  2.54674502e-02 
 1.15059509e+10  2.54180225e-02 
 1.17740804e+10  2.53689431e-02 
 1.20484582e+10  2.53200375e-02 
 1.23292299e+10  2.52708339e-02 
 1.26165447e+10  2.52203305e-02 
 1.29105549e+10  2.51663354e-02 
 1.32114166e+10  2.51032246e-02 
 1.35192894e+10  2.50106715e-02 
 1.38343368e+10  2.46956151e-02 
 1.41567259e+10  2.50153872e-02 
 1.44866277e+10  2.46268088e-02 
 1.48242175e+10  1.96916084e-02 
 1.51696743e+10  2.46858498e-02 
 1.55231815e+10  2.47909692e-02 
 1.58849266e+10  2.48935414e-02 
 1.62551017e+10  2.48894738e-02 
 1.66339032e+10  2.48708619e-02 
 1.70215321e+10  2.48484628e-02 
 1.74181941e+10  2.48251482e-02 
 1.78240998e+10  2.48019298e-02 
 1.82394645e+10  2.47792145e-02 
 1.86645086e+10  2.47571743e-02 
 1.90994578e+10  2.47358791e-02 
 1.95445429e+10  2.47153500e-02 
 2.00000000e+10  2.46955842e-02 
