 1.00000000e+08  1.81019322e-02 
 1.02329299e+08  1.82479666e-02 
 1.04712855e+08  1.84005140e-02 
 1.07151931e+08  1.85598862e-02 
 1.09647820e+08  1.87264127e-02 
 1.12201845e+08  1.89004413e-02 
 1.14815362e+08  1.90823402e-02 
 1.17489755e+08  1.92724984e-02 
 1.20226443e+08  1.94713278e-02 
 1.23026877e+08  1.96792646e-02 
 1.25892541e+08  1.98967708e-02 
 1.28824955e+08  2.01243362e-02 
 1.31825674e+08  2.03624801e-02 
 1.34896288e+08  2.06117535e-02 
 1.38038426e+08  2.08727407e-02 
 1.41253754e+08  2.11460621e-02 
 1.44543977e+08  2.14323759e-02 
 1.47910839e+08  2.17323806e-02 
 1.51356125e+08  2.20468174e-02 
 1.54881662e+08  2.23764720e-02 
 1.58489319e+08  2.27221770e-02 
 1.62181010e+08  2.30848138e-02 
 1.65958691e+08  2.34653137e-02 
 1.69824365e+08  2.38646589e-02 
 1.73780083e+08  2.42838826e-02 
 1.77827941e+08  2.47240680e-02 
 1.81970086e+08  2.51863448e-02 
 1.86208714e+08  2.56718849e-02 
 1.90546072e+08  2.61818941e-02 
 1.94984460e+08  2.67176000e-02 
 1.99526231e+08  2.72802348e-02 
 2.04173794e+08  2.78710109e-02 
 2.08929613e+08  2.84910875e-02 
 2.13796209e+08  2.91415260e-02 
 2.18776162e+08  2.98232288e-02 
 2.23872114e+08  3.05368603e-02 
 2.29086765e+08  3.12827426e-02 
 2.34422882e+08  3.20607206e-02 
 2.39883292e+08  3.28699904e-02 
 2.45470892e+08  3.37088825e-02 
 2.51188643e+08  3.45745934e-02 
 2.57039578e+08  3.54628597e-02 
 2.63026799e+08  3.63675733e-02 
 2.69153480e+08  3.72803442e-02 
 2.75422870e+08  3.81900287e-02 
 2.81838293e+08  3.90822621e-02 
 2.88403150e+08  3.99390612e-02 
 2.95120923e+08  4.07385939e-02 
 3.01995172e+08  4.14552500e-02 
 3.09029543e+08  4.20601647e-02 
 3.16227766e+08  4.25223443e-02 
 3.23593657e+08  4.28104806e-02 
 3.31131121e+08  4.28954150e-02 
 3.38844156e+08  4.27530273e-02 
 3.46736850e+08  4.23671211e-02 
 3.54813389e+08  4.17317418e-02 
 3.63078055e+08  4.08523773e-02 
 3.71535229e+08  3.97456976e-02 
 3.80189396e+08  3.84378317e-02 
 3.89045145e+08  3.69615396e-02 
 3.98107171e+08  3.53528646e-02 
 4.07380278e+08  3.36478867e-02 
 4.16869383e+08  3.18800429e-02 
 4.26579519e+08  3.00782539e-02 
 4.36515832e+08  2.82658641e-02 
 4.46683592e+08  2.64602500e-02 
 4.57088190e+08  2.46728794e-02 
 4.67735141e+08  2.29095968e-02 
 4.78630092e+08  2.11709437e-02 
 4.89778819e+08  1.94523761e-02 
 5.01187234e+08  1.77443329e-02 
 5.12861384e+08  1.60323407e-02 
 5.24807460e+08  1.42981107e-02 
 5.37031796e+08  1.25255671e-02 
 5.49540874e+08  1.07283313e-02 
 5.62341325e+08  9.07208948e-03 
 5.75439937e+08  8.37344222e-03 
 5.88843655e+08  1.10639898e-02 
 6.02559586e+08  2.06173204e-02 
 6.16595002e+08  3.77673702e-02 
 6.30957344e+08  3.96896513e-02 
 6.45654229e+08  3.06338672e-02 
 6.60693448e+08  2.43291180e-02 
 6.76082975e+08  2.02581931e-02 
 6.91830971e+08  1.73344517e-02 
 7.07945784e+08  1.49580720e-02 
 7.24435960e+08  1.27234624e-02 
 7.41310241e+08  1.01972099e-02 
 7.58577575e+08  7.11126702e-03 
 7.76247117e+08  9.65258986e-03 
 7.94328235e+08  1.60971969e-02 
 8.12830516e+08  1.63632364e-02 
 8.31763771e+08  1.55004313e-02 
 8.51138038e+08  1.47822799e-02 
 8.70963590e+08  1.42825332e-02 
 8.91250938e+08  1.39602933e-02 
 9.12010839e+08  1.37776853e-02 
 9.33254301e+08  1.37073485e-02 
 9.54992586e+08  1.37291547e-02 
 9.77237221e+08  1.38270586e-02 
 1.00000000e+09  1.39868221e-02 
 1.02329299e+09  1.41942980e-02 
 1.04712855e+09  1.44340450e-02 
 1.07151931e+09  1.46882801e-02 
 1.09647820e+09  1.49364664e-02 
 1.12201845e+09  1.51561265e-02 
 1.14815362e+09  1.53255628e-02 
 1.17489755e+09  1.54286726e-02 
 1.20226443e+09  1.54606936e-02 
 1.23026877e+09  1.54321170e-02 
 1.25892541e+09  1.53678149e-02 
 1.28824955e+09  1.53008014e-02 
 1.31825674e+09  1.52634704e-02 
 1.34896288e+09  1.52805008e-02 
 1.38038426e+09  1.53658887e-02 
 1.41253754e+09  1.55238029e-02 
 1.44543977e+09  1.57514380e-02 
 1.47910839e+09  1.60421314e-02 
 1.51356125e+09  1.63878292e-02 
 1.54881662e+09  1.67807066e-02 
 1.58489319e+09  1.72140846e-02 
 1.62181010e+09  1.76828137e-02 
 1.65958691e+09  1.81832241e-02 
 1.69824365e+09  1.87127791e-02 
 1.73780083e+09  1.92696733e-02 
 1.77827941e+09  1.98525964e-02 
 1.81970086e+09  2.04606941e-02 
 1.86208714e+09  2.10936246e-02 
 1.90546072e+09  2.17516144e-02 
 1.94984460e+09  2.24354723e-02 
 1.99526231e+09  2.31465461e-02 
 2.04173794e+09  2.38865914e-02 
 2.08929613e+09  2.46574886e-02 
 2.13796209e+09  2.54607595e-02 
 2.18776162e+09  2.62969460e-02 
 2.23872114e+09  2.71651745e-02 
 2.29086765e+09  2.80634588e-02 
 2.34422882e+09  2.89900747e-02 
 2.39883292e+09  2.99455322e-02 
 2.45470892e+09  3.09340178e-02 
 2.51188643e+09  3.19636267e-02 
 2.57039578e+09  3.30458829e-02 
 2.63026799e+09  3.41957024e-02 
 2.69153480e+09  3.54328292e-02 
 2.75422870e+09  3.67857779e-02 
 2.81838293e+09  3.83005331e-02 
 2.88403150e+09  4.00601789e-02 
 2.95120923e+09  4.22299443e-02 
 3.01995172e+09  4.50762440e-02 
 3.09029543e+09  4.43587378e-02 
 3.16227766e+09  2.83389235e-02 
 3.23593657e+09  3.84264580e-02 
 3.31131121e+09  4.50535360e-02 
 3.38844156e+09  3.74205280e-02 
 3.46736850e+09  4.49480468e-02 
 3.54813389e+09  4.83218210e-02 
 3.63078055e+09  5.13293009e-02 
 3.71535229e+09  4.97714151e-02 
 3.80189396e+09  5.68467423e-02 
 3.89045145e+09  6.02597885e-02 
 3.98107171e+09  6.39614306e-02 
 4.07380278e+09  6.81181869e-02 
 4.16869383e+09  7.28966732e-02 
 4.26579519e+09  7.72958135e-02 
 4.36515832e+09  8.42257029e-02 
 4.46683592e+09  9.08353662e-02 
 4.57088190e+09  9.60939305e-02 
 4.67735141e+09  9.36699196e-02 
 4.78630092e+09  6.90583570e-02 
 4.89778819e+09  3.86398960e-02 
 5.01187234e+09  8.47712785e-02 
 5.12861384e+09  1.17344263e-01 
 5.24807460e+09  1.06380991e-01 
 5.37031796e+09  6.12545373e-02 
 5.49540874e+09  3.62370490e-02 
 5.62341325e+09  2.78352832e-02 
 5.75439937e+09  2.78094693e-02 
 5.88843655e+09  3.76270723e-02 
 6.02559586e+09  6.76113657e-02 
 6.16595002e+09  5.46983965e-02 
 6.30957344e+09  2.98391121e-02 
 6.45654229e+09  4.40234904e-02 
 6.60693448e+09  7.15842253e-02 
 6.76082975e+09  5.84247204e-02 
 6.91830971e+09  5.57318084e-02 
 7.07945784e+09  6.86305375e-02 
 7.24435960e+09  8.36692200e-02 
 7.41310241e+09  5.95132890e-02 
 7.58577575e+09  1.71341638e-01 
 7.76247117e+09  2.27485180e-02 
 7.94328235e+09  2.55139343e-02 
 8.12830516e+09  6.69593113e-02 
 8.31763771e+09  2.82404381e-02 
 8.51138038e+09  5.34142489e-02 
 8.70963590e+09  3.55195603e-02 
 8.91250938e+09  4.03459952e-02 
 9.12010839e+09  5.00464508e-02 
 9.33254301e+09  4.64261208e-02 
 9.54992586e+09  6.63190215e-02 
 9.77237221e+09  5.28943405e-02 
 1.00000000e+10  6.13793563e-02 
 1.02329299e+10  6.63027486e-02 
 1.04712855e+10  7.06074977e-02 
 1.07151931e+10  7.48227967e-02 
 1.09647820e+10  7.91231953e-02 
 1.12201845e+10  8.36365305e-02 
 1.14815362e+10  8.85002821e-02 
 1.17489755e+10  9.38951658e-02 
 1.20226443e+10  1.00084989e-01 
 1.23026877e+10  1.07469619e-01 
 1.25892541e+10  1.16591678e-01 
 1.28824955e+10  1.27473430e-01 
 1.31825674e+10  1.33380143e-01 
 1.34896288e+10  1.03024592e-01 
 1.38038426e+10  6.31609892e-02 
 1.41253754e+10  6.82158466e-02 
 1.44543977e+10  9.11086354e-02 
 1.47910839e+10  8.72347479e-02 
 1.51356125e+10  9.11430476e-02 
 1.54881662e+10  7.80482693e-02 
 1.58489319e+10  9.67323843e-02 
 1.62181010e+10  1.06088058e-01 
 1.65958691e+10  1.09101200e-01 
 1.69824365e+10  1.10394354e-01 
 1.73780083e+10  1.13586609e-01 
 1.77827941e+10  1.17934185e-01 
 1.81970086e+10  1.22696459e-01 
 1.86208714e+10  1.27660608e-01 
 1.90546072e+10  1.32761641e-01 
 1.94984460e+10  1.37973006e-01 
 1.99526231e+10  1.43296163e-01 
