 1.00000000e+08  1.47049203e-02 
 1.02330354e+08  1.45520023e-02 
 1.04715014e+08  1.43854796e-02 
 1.07155245e+08  1.42053810e-02 
 1.09652342e+08  1.40118965e-02 
 1.12207630e+08  1.38053856e-02 
 1.14822466e+08  1.35863810e-02 
 1.17498236e+08  1.33555870e-02 
 1.20236362e+08  1.31138730e-02 
 1.23038295e+08  1.28622623e-02 
 1.25905523e+08  1.26019154e-02 
 1.28839568e+08  1.23341101e-02 
 1.31841987e+08  1.20602176e-02 
 1.34914372e+08  1.17816773e-02 
 1.38058355e+08  1.14999698e-02 
 1.41275604e+08  1.12165905e-02 
 1.44567827e+08  1.09330245e-02 
 1.47936769e+08  1.06507228e-02 
 1.51384220e+08  1.03710823e-02 
 1.54912009e+08  1.00954277e-02 
 1.58522008e+08  9.82499805e-03 
 1.62216133e+08  9.56093579e-03 
 1.65996343e+08  9.30427983e-03 
 1.69864646e+08  9.05596130e-03 
 1.73823095e+08  8.81680220e-03 
 1.77873789e+08  8.58751632e-03 
 1.82018879e+08  8.36871226e-03 
 1.86260564e+08  8.16089785e-03 
 1.90601095e+08  7.96448602e-03 
 1.95042776e+08  7.77980156e-03 
 1.99587964e+08  7.60708890e-03 
 2.04239071e+08  7.44652074e-03 
 2.08998565e+08  7.29820770e-03 
 2.13868972e+08  7.16220951e-03 
 2.18852877e+08  7.03854852e-03 
 2.23952925e+08  6.92722700e-03 
 2.29171822e+08  6.82825115e-03 
 2.34512337e+08  6.74166726e-03 
 2.39977306e+08  6.66762135e-03 
 2.45569627e+08  6.60646623e-03 
 2.51292270e+08  6.55897246e-03 
 2.57148271e+08  6.52678726e-03 
 2.63140737e+08  6.51355429e-03 
 2.69272848e+08  6.52806641e-03 
 2.75547860e+08  6.59499441e-03 
 2.81969102e+08  6.80236932e-03 
 2.88539981e+08  7.59030352e-03 
 2.95263985e+08  9.61633555e-03 
 3.02144683e+08  7.55253663e-03 
 3.09185725e+08  6.87612738e-03 
 3.16390848e+08  6.72797780e-03 
 3.23763876e+08  6.71483525e-03 
 3.31308722e+08  6.75900612e-03 
 3.39029389e+08  6.84380172e-03 
 3.46929975e+08  6.97641955e-03 
 3.55014673e+08  7.20581990e-03 
 3.63287773e+08  7.76451205e-03 
 3.71753666e+08  7.93545032e-03 
 3.80416844e+08  9.62312795e-03 
 3.89281904e+08  9.18866425e-03 
 3.98353552e+08  7.42751352e-03 
 4.07636602e+08  7.43967961e-03 
 4.17135980e+08  7.67471778e-03 
 4.26856726e+08  8.01772792e-03 
 4.36804001e+08  8.51280351e-03 
 4.46983082e+08  9.34813187e-03 
 4.57399372e+08  1.05327914e-02 
 4.68058398e+08  1.37364616e-02 
 4.78965818e+08  2.11634116e-02 
 4.90127419e+08  1.08035640e-02 
 5.01549125e+08  7.46015307e-03 
 5.13236997e+08  6.51449458e-03 
 5.25197238e+08  6.39556191e-03 
 5.37436195e+08  6.30540801e-03 
 5.49960363e+08  6.75698341e-03 
 5.62776388e+08  6.98493289e-03 
 5.75891073e+08  7.21815388e-03 
 5.89311376e+08  7.49441975e-03 
 6.03044419e+08  7.68348690e-03 
 6.17097492e+08  7.90134479e-03 
 6.31478050e+08  8.11938420e-03 
 6.46193727e+08  8.42911986e-03 
 6.61252331e+08  8.59743071e-03 
 6.76661854e+08  9.39542900e-03 
 6.92430473e+08  8.94353221e-03 
 7.08566557e+08  9.36893713e-03 
 7.25078669e+08  9.72121899e-03 
 7.41975572e+08  1.01524608e-02 
 7.59266232e+08  1.07084748e-02 
 7.76959826e+08  1.14671442e-02 
 7.95065744e+08  1.25496109e-02 
 8.13593593e+08  1.40293414e-02 
 8.32553207e+08  1.52807089e-02 
 8.51954648e+08  1.44657420e-02 
 8.71808210e+08  1.23358939e-02 
 8.92124431e+08  1.09252490e-02 
 9.12914092e+08  1.03028988e-02 
 9.34188226e+08  1.01034726e-02 
 9.55958123e+08  1.01216486e-02 
 9.78235335e+08  1.02892382e-02 
 1.00103169e+09  1.06608763e-02 
 1.02435927e+09  1.12622448e-02 
 1.04823047e+09  1.09656435e-02 
 1.07265796e+09  1.09261519e-02 
 1.09765469e+09  1.11917991e-02 
 1.12323393e+09  1.15424967e-02 
 1.14940927e+09  1.20935576e-02 
 1.17619457e+09  1.23330167e-02 
 1.20360408e+09  1.22957975e-02 
 1.23165232e+09  1.22896401e-02 
 1.26035418e+09  1.23740623e-02 
 1.28972490e+09  1.25207516e-02 
 1.31978006e+09  1.27041753e-02 
 1.35053561e+09  1.29086942e-02 
 1.38200788e+09  1.31251929e-02 
 1.41421356e+09  1.33492935e-02 
 1.44716975e+09  1.35796646e-02 
 1.48089393e+09  1.38161282e-02 
 1.51540401e+09  1.40586198e-02 
 1.55071830e+09  1.43070062e-02 
 1.58685553e+09  1.45611666e-02 
 1.62383489e+09  1.48210484e-02 
 1.66167599e+09  1.50866723e-02 
 1.70039893e+09  1.53581179e-02 
 1.74002425e+09  1.56355061e-02 
 1.78057299e+09  1.59189839e-02 
 1.82206665e+09  1.62087112e-02 
 1.86452726e+09  1.65048476e-02 
 1.90797735e+09  1.68075391e-02 
 1.95243999e+09  1.71169006e-02 
 1.99793876e+09  1.74329941e-02 
 2.04449781e+09  1.77558027e-02 
 2.09214185e+09  1.80852126e-02 
 2.14089617e+09  1.84210357e-02 
 2.19078664e+09  1.87631361e-02 
 2.24183974e+09  1.91116947e-02 
 2.29408255e+09  1.94674847e-02 
 2.34754280e+09  1.98318596e-02 
 2.40224887e+09  2.02063239e-02 
 2.45822978e+09  2.05920088e-02 
 2.51551525e+09  2.09894649e-02 
 2.57413567e+09  2.13988064e-02 
 2.63412215e+09  2.18199640e-02 
 2.69550653e+09  2.22528710e-02 
 2.75832139e+09  2.26975486e-02 
 2.82260005e+09  2.31541292e-02 
 2.88837664e+09  2.36228534e-02 
 2.95568605e+09  2.41040665e-02 
 3.02456401e+09  2.45982279e-02 
 3.09504707e+09  2.51059460e-02 
 3.16717263e+09  2.56280657e-02 
 3.24097898e+09  2.61658762e-02 
 3.31650528e+09  2.67216502e-02 
 3.39379160e+09  2.73003129e-02 
 3.47287898e+09  2.79164327e-02 
 3.55380937e+09  2.86487178e-02 
 3.63662572e+09  2.70120733e-02 
 3.72137199e+09  2.93770747e-02 
 3.80809314e+09  3.01135249e-02 
 3.89683521e+09  3.08020795e-02 
 3.98764528e+09  3.14920241e-02 
 4.08057155e+09  3.22042340e-02 
 4.17566333e+09  3.29273629e-02 
 4.27297108e+09  3.38811459e-02 
 4.37254645e+09  3.42555423e-02 
 4.47444228e+09  3.50681879e-02 
 4.57871264e+09  3.58652268e-02 
 4.68541287e+09  3.66773343e-02 
 4.79459960e+09  3.75015129e-02 
 4.90633076e+09  3.83564222e-02 
 5.02066566e+09  3.92337677e-02 
 5.13766496e+09  4.01380626e-02 
 5.25739076e+09  4.10748566e-02 
 5.37990660e+09  4.20724015e-02 
 5.50527749e+09  4.29574226e-02 
 5.63356997e+09  4.40264327e-02 
 5.76485211e+09  4.51580856e-02 
 5.89919360e+09  4.54398083e-02 
 6.03666571e+09  4.71938281e-02 
 6.17734142e+09  4.84697965e-02 
 6.32129537e+09  4.98265955e-02 
 6.46860395e+09  5.14146543e-02 
 6.61934535e+09  5.34009723e-02 
 6.77359956e+09  7.20658859e-02 
 6.93144843e+09  5.00895730e-02 
 7.09297575e+09  5.45869014e-02 
 7.25826722e+09  5.11323679e-02 
 7.42741057e+09  5.78889074e-02 
 7.60049556e+09  6.23975965e-02 
 7.77761404e+09  6.54246166e-02 
 7.95886001e+09  4.95201434e-02 
 8.14432966e+09  5.91577560e-02 
 8.33412140e+09  6.05894934e-02 
 8.52833597e+09  6.06332888e-02 
 8.72707642e+09  6.33819976e-02 
 8.93044823e+09  6.68973726e-02 
 9.13855932e+09  6.92042431e-02 
 9.35152014e+09  6.27752385e-02 
 9.56944371e+09  7.05041853e-02 
 9.79244566e+09  7.29013726e-02 
 1.00206443e+10  7.49947016e-02 
 1.02541609e+10  7.70234299e-02 
 1.04931192e+10  7.90481730e-02 
 1.07376460e+10  8.10937147e-02 
 1.09878712e+10  8.31734204e-02 
 1.12439276e+10  8.52961041e-02 
 1.15059509e+10  8.74686182e-02 
 1.17740804e+10  8.96971083e-02 
 1.20484582e+10  9.19878376e-02 
 1.23292299e+10  9.43479896e-02 
 1.26165447e+10  9.67867977e-02 
 1.29105549e+10  9.93175924e-02 
 1.32114166e+10  1.01962205e-01 
 1.35192894e+10  1.04762071e-01 
 1.38343368e+10  1.07812458e-01 
 1.41567259e+10  1.11406438e-01 
 1.44866277e+10  1.17165395e-01 
 1.48242175e+10  8.77801314e-02 
 1.51696743e+10  1.13102356e-01 
 1.55231815e+10  1.18078883e-01 
 1.58849266e+10  1.21898171e-01 
 1.62551017e+10  1.25465713e-01 
 1.66339032e+10  1.28987698e-01 
 1.70215321e+10  1.32539354e-01 
 1.74181941e+10  1.36156785e-01 
 1.78240998e+10  1.39861246e-01 
 1.82394645e+10  1.43667547e-01 
 1.86645086e+10  1.47587537e-01 
 1.90994578e+10  1.51631778e-01 
 1.95445429e+10  1.55810465e-01 
 2.00000000e+10  1.60134028e-01 
