 1.00000000e+08  1.83752994e-02 
 1.02330354e+08  1.85223922e-02 
 1.04715014e+08  1.86758893e-02 
 1.07155245e+08  1.88360957e-02 
 1.09652342e+08  1.90033330e-02 
 1.12207630e+08  1.91779403e-02 
 1.14822466e+08  1.93602755e-02 
 1.17498236e+08  1.95507168e-02 
 1.20236362e+08  1.97496634e-02 
 1.23038295e+08  1.99575379e-02 
 1.25905523e+08  2.01747871e-02 
 1.28839568e+08  2.04018841e-02 
 1.31841987e+08  2.06393300e-02 
 1.34914372e+08  2.08876559e-02 
 1.38058355e+08  2.11474249e-02 
 1.41275604e+08  2.14192343e-02 
 1.44567827e+08  2.17037182e-02 
 1.47936769e+08  2.20015494e-02 
 1.51384220e+08  2.23134421e-02 
 1.54912009e+08  2.26401548e-02 
 1.58522008e+08  2.29824924e-02 
 1.62216133e+08  2.33413088e-02 
 1.65996343e+08  2.37175094e-02 
 1.69864646e+08  2.41120531e-02 
 1.73823095e+08  2.45259539e-02 
 1.77873789e+08  2.49602819e-02 
 1.82018879e+08  2.54161633e-02 
 1.86260564e+08  2.58947792e-02 
 1.90601095e+08  2.63973619e-02 
 1.95042776e+08  2.69251900e-02 
 1.99587964e+08  2.74795781e-02 
 2.04239071e+08  2.80618637e-02 
 2.08998565e+08  2.86733868e-02 
 2.13868972e+08  2.93154616e-02 
 2.18852877e+08  2.99893383e-02 
 2.23952925e+08  3.06961499e-02 
 2.29171822e+08  3.14368425e-02 
 2.34512337e+08  3.22120823e-02 
 2.39977306e+08  3.30221341e-02 
 2.45569627e+08  3.38667047e-02 
 2.51292270e+08  3.47447425e-02 
 2.57148271e+08  3.56541863e-02 
 2.63140737e+08  3.65916542e-02 
 2.69272848e+08  3.75520690e-02 
 2.75547860e+08  3.85282189e-02 
 2.81969102e+08  3.95102655e-02 
 2.88539981e+08  4.04852230e-02 
 2.95263985e+08  4.14364626e-02 
 3.02144683e+08  4.23433218e-02 
 3.09185725e+08  4.31809427e-02 
 3.16390848e+08  4.39204911e-02 
 3.23763876e+08  4.45299308e-02 
 3.31308722e+08  4.49754957e-02 
 3.39029389e+08  4.52239156e-02 
 3.46929975e+08  4.52452833e-02 
 3.55014673e+08  4.50162313e-02 
 3.63287773e+08  4.45228814e-02 
 3.71753666e+08  4.37629346e-02 
 3.80416844e+08  4.27463644e-02 
 3.89281904e+08  4.14944747e-02 
 3.98353552e+08  4.00374825e-02 
 4.07636602e+08  3.84111334e-02 
 4.17135980e+08  3.66530264e-02 
 4.26856726e+08  3.47992654e-02 
 4.36804001e+08  3.28818393e-02 
 4.46983082e+08  3.09268703e-02 
 4.57399372e+08  2.89536468e-02 
 4.68058398e+08  2.69742255e-02 
 4.78965818e+08  2.49933462e-02 
 4.90127419e+08  2.30084285e-02 
 5.01549125e+08  2.10095311e-02 
 5.13236997e+08  1.89794586e-02 
 5.25197238e+08  1.68951852e-02 
 5.37436195e+08  1.47353951e-02 
 5.49960363e+08  1.25136773e-02 
 5.62776388e+08  1.04203204e-02 
 5.75891073e+08  9.36272868e-03 
 5.89311376e+08  1.17651504e-02 
 6.03044419e+08  1.99245606e-02 
 6.17097492e+08  3.37961439e-02 
 6.31478050e+08  4.43164655e-02 
 6.46193727e+08  4.22880930e-02 
 6.61252331e+08  3.64219632e-02 
 6.76661854e+08  3.15735031e-02 
 6.92430473e+08  2.80167812e-02 
 7.08566557e+08  2.53792666e-02 
 7.25078669e+08  2.33655033e-02 
 7.41975572e+08  2.17878864e-02 
 7.59266232e+08  2.05294739e-02 
 7.76959826e+08  1.95159363e-02 
 7.95065744e+08  1.86988439e-02 
 8.13593593e+08  1.80459833e-02 
 8.32553207e+08  1.75356465e-02 
 8.51954648e+08  1.71531480e-02 
 8.71808210e+08  1.68886093e-02 
 8.92124431e+08  1.67354626e-02 
 9.12914092e+08  1.66893460e-02 
 9.34188226e+08  1.67471674e-02 
 9.55958123e+08  1.69061618e-02 
 9.78235335e+08  1.71627723e-02 
 1.00103169e+09  1.75111753e-02 
 1.02435927e+09  1.79412601e-02 
 1.04823047e+09  1.84359041e-02 
 1.07265796e+09  1.89675311e-02 
 1.09765469e+09  1.94942638e-02 
 1.12323393e+09  1.99564614e-02 
 1.14940927e+09  2.02745828e-02 
 1.17619457e+09  2.03475564e-02 
 1.20360408e+09  2.00432698e-02 
 1.23165232e+09  1.91494304e-02 
 1.26035418e+09  1.72098773e-02 
 1.28972490e+09  1.56559519e-02 
 1.31978006e+09  2.97330819e-02 
 1.35053561e+09  2.65227187e-02 
 1.38200788e+09  2.43290793e-02 
 1.41421356e+09  2.31739359e-02 
 1.44716975e+09  2.25723920e-02 
 1.48089393e+09  2.23491338e-02 
 1.51540401e+09  2.24143108e-02 
 1.55071830e+09  2.26890657e-02 
 1.58685553e+09  2.30792521e-02 
 1.62383489e+09  2.34731602e-02 
 1.66167599e+09  2.37590707e-02 
 1.70039893e+09  2.38545287e-02 
 1.74002425e+09  2.37293931e-02 
 1.78057299e+09  2.34068208e-02 
 1.82206665e+09  2.29434996e-02 
 1.86452726e+09  2.24044594e-02 
 1.90797735e+09  2.18457654e-02 
 1.95243999e+09  2.13081935e-02 
 1.99793876e+09  2.08183534e-02 
 2.04449781e+09  2.03928565e-02 
 2.09214185e+09  2.00427168e-02 
 2.14089617e+09  1.97765931e-02 
 2.19078664e+09  1.96020968e-02 
 2.24183974e+09  1.95246776e-02 
 2.29408255e+09  1.95444436e-02 
 2.34754280e+09  1.96530139e-02 
 2.40224887e+09  1.98336392e-02 
 2.45822978e+09  2.00659522e-02 
 2.51551525e+09  2.03327532e-02 
 2.57413567e+09  2.06247285e-02 
 2.63412215e+09  2.09415632e-02 
 2.69550653e+09  2.12910829e-02 
 2.75832139e+09  2.16891278e-02 
 2.82260005e+09  2.21628227e-02 
 2.88837664e+09  2.27614394e-02 
 2.95568605e+09  2.35845005e-02 
 3.02456401e+09  2.48001364e-02 
 3.09504707e+09  2.35161767e-02 
 3.16717263e+09  1.37506017e-02 
 3.24097898e+09  1.89155902e-02 
 3.31650528e+09  2.09416748e-02 
 3.39379160e+09  2.19847046e-02 
 3.47287898e+09  2.29725837e-02 
 3.55380937e+09  2.38350345e-02 
 3.63662572e+09  2.47446452e-02 
 3.72137199e+09  2.34782145e-02 
 3.80809314e+09  2.60178727e-02 
 3.89683521e+09  2.70296176e-02 
 3.98764528e+09  2.80761057e-02 
 4.08057155e+09  2.92255347e-02 
 4.17566333e+09  3.05184095e-02 
 4.27297108e+09  3.19177545e-02 
 4.37254645e+09  3.35705168e-02 
 4.47444228e+09  3.52295943e-02 
 4.57871264e+09  3.63576840e-02 
 4.68541287e+09  3.50475136e-02 
 4.79459960e+09  2.77771375e-02 
 4.90633076e+09  2.78482980e-02 
 5.02066566e+09  2.94002036e-02 
 5.13766496e+09  3.79746535e-02 
 5.25739076e+09  1.81216630e-02 
 5.37990660e+09  2.01547556e-02 
 5.50527749e+09  2.15524966e-02 
 5.63356997e+09  2.82654516e-02 
 5.76485211e+09  2.14278908e-02 
 5.89919360e+09  2.49825871e-02 
 6.03666571e+09  2.97159419e-02 
 6.17734142e+09  2.45650687e-02 
 6.32129537e+09  2.82601863e-02 
 6.46860395e+09  3.10326406e-02 
 6.61934535e+09  3.49813771e-02 
 6.77359956e+09  3.40108741e-02 
 6.93144843e+09  3.59905385e-02 
 7.09297575e+09  3.62933727e-02 
 7.25826722e+09  4.58919186e-02 
 7.42741057e+09  3.47029061e-02 
 7.60049556e+09  5.28920419e-02 
 7.77761404e+09  1.85193223e-01 
 7.95886001e+09  2.19208189e-02 
 8.14432966e+09  2.86368352e-02 
 8.33412140e+09  4.87075981e-02 
 8.52833597e+09  1.20266931e-01 
 8.72707642e+09  1.25813698e-02 
 8.93044823e+09  1.39839584e-02 
 9.13855932e+09  2.73960142e-02 
 9.35152014e+09  3.15593350e-02 
 9.56944371e+09  3.40752250e-02 
 9.79244566e+09  3.64941631e-02 
 1.00206443e+10  3.92595437e-02 
 1.02541609e+10  4.17110269e-02 
 1.04931192e+10  4.40867478e-02 
 1.07376460e+10  4.64721724e-02 
 1.09878712e+10  4.89283457e-02 
 1.12439276e+10  5.15130528e-02 
 1.15059509e+10  5.42920188e-02 
 1.17740804e+10  5.73502817e-02 
 1.20484582e+10  6.08071460e-02 
 1.23292299e+10  6.48320436e-02 
 1.26165447e+10  6.96137898e-02 
 1.29105549e+10  7.48813516e-02 
 1.32114166e+10  7.62198327e-02 
 1.35192894e+10  5.98851370e-02 
 1.38343368e+10  4.89692252e-02 
 1.41567259e+10  5.50559999e-02 
 1.44866277e+10  6.58778347e-02 
 1.48242175e+10  6.68373255e-02 
 1.51696743e+10  7.04909002e-02 
 1.55231815e+10  7.91473133e-02 
 1.58849266e+10  8.68358167e-02 
 1.62551017e+10  9.21873302e-02 
 1.66339032e+10  9.31068448e-02 
 1.70215321e+10  9.49721869e-02 
 1.74181941e+10  1.00327754e-01 
 1.78240998e+10  1.07919753e-01 
 1.82394645e+10  1.17154302e-01 
 1.86645086e+10  1.28176768e-01 
 1.90994578e+10  1.41451567e-01 
 1.95445429e+10  1.57732631e-01 
 2.00000000e+10  1.78187692e-01 
