 1.00000000e+08  1.80261722e-02 
 1.02329299e+08  1.81679139e-02 
 1.04712855e+08  1.83158971e-02 
 1.07151931e+08  1.84704145e-02 
 1.09647820e+08  1.86317746e-02 
 1.12201845e+08  1.88003031e-02 
 1.14815362e+08  1.89763436e-02 
 1.17489755e+08  1.91602592e-02 
 1.20226443e+08  1.93524337e-02 
 1.23026877e+08  1.95532728e-02 
 1.25892541e+08  1.97632059e-02 
 1.28824955e+08  1.99826877e-02 
 1.31825674e+08  2.02121996e-02 
 1.34896288e+08  2.04522518e-02 
 1.38038426e+08  2.07033851e-02 
 1.41253754e+08  2.09661729e-02 
 1.44543977e+08  2.12412237e-02 
 1.47910839e+08  2.15291824e-02 
 1.51356125e+08  2.18307336e-02 
 1.54881662e+08  2.21466032e-02 
 1.58489319e+08  2.24775608e-02 
 1.62181010e+08  2.28244218e-02 
 1.65958691e+08  2.31880496e-02 
 1.69824365e+08  2.35693569e-02 
 1.73780083e+08  2.39693069e-02 
 1.77827941e+08  2.43889143e-02 
 1.81970086e+08  2.48292438e-02 
 1.86208714e+08  2.52914091e-02 
 1.90546072e+08  2.57765682e-02 
 1.94984460e+08  2.62859177e-02 
 1.99526231e+08  2.68206823e-02 
 2.04173794e+08  2.73821005e-02 
 2.08929613e+08  2.79714040e-02 
 2.13796209e+08  2.85897891e-02 
 2.18776162e+08  2.92383774e-02 
 2.23872114e+08  2.99181639e-02 
 2.29086765e+08  3.06299465e-02 
 2.34422882e+08  3.13742353e-02 
 2.39883292e+08  3.21511323e-02 
 2.45470892e+08  3.29601786e-02 
 2.51188643e+08  3.38001592e-02 
 2.57039578e+08  3.46688584e-02 
 2.63026799e+08  3.55627590e-02 
 2.69153480e+08  3.64766810e-02 
 2.75422870e+08  3.74033596e-02 
 2.81838293e+08  3.83329743e-02 
 2.88403150e+08  3.92526536e-02 
 2.95120923e+08  4.01460077e-02 
 3.01995172e+08  4.09927671e-02 
 3.09029543e+08  4.17686454e-02 
 3.16227766e+08  4.24455759e-02 
 3.23593657e+08  4.29924837e-02 
 3.31131121e+08  4.33767337e-02 
 3.38844156e+08  4.35663014e-02 
 3.46736850e+08  4.35325560e-02 
 3.54813389e+08  4.32533321e-02 
 3.63078055e+08  4.27157702e-02 
 3.71535229e+08  4.19183148e-02 
 3.80189396e+08  4.08713538e-02 
 3.89045145e+08  3.95962727e-02 
 3.98107171e+08  3.81230821e-02 
 4.07380278e+08  3.64871172e-02 
 4.16869383e+08  3.47254657e-02 
 4.26579519e+08  3.28737265e-02 
 4.36515832e+08  3.09634904e-02 
 4.46683592e+08  2.90206764e-02 
 4.57088190e+08  2.70646452e-02 
 4.67735141e+08  2.51078848e-02 
 4.78630092e+08  2.31560240e-02 
 4.89778819e+08  2.12079662e-02 
 5.01187234e+08  1.92560546e-02 
 5.12861384e+08  1.72864979e-02 
 5.24807460e+08  1.52812855e-02 
 5.37031796e+08  1.32264212e-02 
 5.49540874e+08  1.11456448e-02 
 5.62341325e+08  9.23862692e-03 
 5.75439937e+08  8.37548625e-03 
 5.88843655e+08  1.06746130e-02 
 6.02559586e+08  1.79500099e-02 
 6.16595002e+08  3.01478318e-02 
 6.30957344e+08  3.94890942e-02 
 6.45654229e+08  3.75240366e-02 
 6.60693448e+08  3.20013062e-02 
 6.76082975e+08  2.74488968e-02 
 6.91830971e+08  2.41167805e-02 
 7.07945784e+08  2.16501719e-02 
 7.24435960e+08  1.97709106e-02 
 7.41310241e+08  1.83035428e-02 
 7.58577575e+08  1.71390403e-02 
 7.76247117e+08  1.62079615e-02 
 7.94328235e+08  1.54645626e-02 
 8.12830516e+08  1.48776045e-02 
 8.31763771e+08  1.44249245e-02 
 8.51138038e+08  1.40901236e-02 
 8.70963590e+08  1.38604751e-02 
 8.91250938e+08  1.37255511e-02 
 9.12010839e+08  1.36762717e-02 
 9.33254301e+08  1.37041876e-02 
 9.54992586e+08  1.38008569e-02 
 9.77237221e+08  1.39572055e-02 
 1.00000000e+09  1.41627781e-02 
 1.02329299e+09  1.44048157e-02 
 1.04712855e+09  1.46671562e-02 
 1.07151931e+09  1.49290853e-02 
 1.09647820e+09  1.51644846e-02 
 1.12201845e+09  1.53418760e-02 
 1.14815362e+09  1.54259525e-02 
 1.17489755e+09  1.53801797e-02 
 1.20226443e+09  1.51667729e-02 
 1.23026877e+09  1.47327574e-02 
 1.25892541e+09  1.39647257e-02 
 1.28824955e+09  1.33131870e-02 
 1.31825674e+09  1.91087321e-02 
 1.34896288e+09  1.78073022e-02 
 1.38038426e+09  1.69633007e-02 
 1.41253754e+09  1.66462824e-02 
 1.44543977e+09  1.65973724e-02 
 1.47910839e+09  1.67168416e-02 
 1.51356125e+09  1.69558167e-02 
 1.54881662e+09  1.72849491e-02 
 1.58489319e+09  1.76843591e-02 
 1.62181010e+09  1.81397192e-02 
 1.65958691e+09  1.86404503e-02 
 1.69824365e+09  1.91788118e-02 
 1.73780083e+09  1.97493724e-02 
 1.77827941e+09  2.03485604e-02 
 1.81970086e+09  2.09741910e-02 
 1.86208714e+09  2.16250256e-02 
 1.90546072e+09  2.23004477e-02 
 1.94984460e+09  2.30002664e-02 
 1.99526231e+09  2.37246159e-02 
 2.04173794e+09  2.44739128e-02 
 2.08929613e+09  2.52488698e-02 
 2.13796209e+09  2.60506000e-02 
 2.18776162e+09  2.68808827e-02 
 2.23872114e+09  2.77426347e-02 
 2.29086765e+09  2.86404334e-02 
 2.34422882e+09  2.95805995e-02 
 2.39883292e+09  3.05703381e-02 
 2.45470892e+09  3.16163497e-02 
 2.51188643e+09  3.27243797e-02 
 2.57039578e+09  3.39006593e-02 
 2.63026799e+09  3.51546503e-02 
 2.69153480e+09  3.65022964e-02 
 2.75422870e+09  3.79704726e-02 
 2.81838293e+09  3.96055908e-02 
 2.88403150e+09  4.14935631e-02 
 2.95120923e+09  4.38081717e-02 
 3.01995172e+09  4.68580116e-02 
 3.09029543e+09  4.68451002e-02 
 3.16227766e+09  2.94273954e-02 
 3.23593657e+09  4.02687547e-02 
 3.31131121e+09  4.72635006e-02 
 3.38844156e+09  3.92522966e-02 
 3.46736850e+09  4.73243461e-02 
 3.54813389e+09  5.09743278e-02 
 3.63078055e+09  5.42642896e-02 
 3.71535229e+09  5.23048168e-02 
 3.80189396e+09  6.03172944e-02 
 3.89045145e+09  6.41178870e-02 
 3.98107171e+09  6.82575981e-02 
 4.07380278e+09  7.29312963e-02 
 4.16869383e+09  7.83352087e-02 
 4.26579519e+09  8.34081837e-02 
 4.36515832e+09  9.13343815e-02 
 4.46683592e+09  9.90751499e-02 
 4.57088190e+09  1.05567029e-01 
 4.67735141e+09  1.03911458e-01 
 4.78630092e+09  7.76499986e-02 
 4.89778819e+09  4.06511584e-02 
 5.01187234e+09  9.48254811e-02 
 5.12861384e+09  1.33077438e-01 
 5.24807460e+09  1.20964995e-01 
 5.37031796e+09  7.03225767e-02 
 5.49540874e+09  4.08507996e-02 
 5.62341325e+09  2.97753101e-02 
 5.75439937e+09  2.75828742e-02 
 5.88843655e+09  3.89832419e-02 
 6.02559586e+09  8.00706412e-02 
 6.16595002e+09  6.90305722e-02 
 6.30957344e+09  2.55604849e-02 
 6.45654229e+09  4.07157086e-02 
 6.60693448e+09  7.24321795e-02 
 6.76082975e+09  4.46076050e-02 
 6.91830971e+09  4.24859031e-02 
 7.07945784e+09  8.22578337e-02 
 7.24435960e+09  1.15497430e-01 
 7.41310241e+09  7.24871984e-02 
 7.58577575e+09  8.97247912e-03 
 7.76247117e+09  6.90478535e-02 
 7.94328235e+09  2.25139942e-02 
 8.12830516e+09  4.58677517e-02 
 8.31763771e+09  2.84491821e-02 
 8.51138038e+09  3.64196414e-02 
 8.70963590e+09  4.04464849e-02 
 8.91250938e+09  4.59497180e-02 
 9.12010839e+09  5.23404645e-02 
 9.33254301e+09  8.16702088e-02 
 9.54992586e+09  5.54076342e-02 
 9.77237221e+09  7.57039295e-02 
 1.00000000e+10  6.16876962e-02 
 1.02329299e+10  6.63002300e-02 
 1.04712855e+10  7.04385157e-02 
 1.07151931e+10  7.45312532e-02 
 1.09647820e+10  7.87360752e-02 
 1.12201845e+10  8.31718714e-02 
 1.14815362e+10  8.79699864e-02 
 1.17489755e+10  9.33062410e-02 
 1.20226443e+10  9.94398781e-02 
 1.23026877e+10  1.06765764e-01 
 1.25892541e+10  1.15820704e-01 
 1.28824955e+10  1.26624568e-01 
 1.31825674e+10  1.32488843e-01 
 1.34896288e+10  1.02384859e-01 
 1.38038426e+10  6.29315212e-02 
 1.41253754e+10  6.79755062e-02 
 1.44543977e+10  9.06964299e-02 
 1.47910839e+10  8.68504252e-02 
 1.51356125e+10  9.05781923e-02 
 1.54881662e+10  7.78202068e-02 
 1.58489319e+10  9.63761908e-02 
 1.62181010e+10  1.05691848e-01 
 1.65958691e+10  1.08719771e-01 
 1.69824365e+10  1.10034318e-01 
 1.73780083e+10  1.13230847e-01 
 1.77827941e+10  1.17575378e-01 
 1.81970086e+10  1.22333430e-01 
 1.86208714e+10  1.27293651e-01 
 1.90546072e+10  1.32391417e-01 
 1.94984460e+10  1.37600272e-01 
 1.99526231e+10  1.42921632e-01 
