 1.00000000e+08  1.86378343e-02 
 1.02330354e+08  1.87821863e-02 
 1.04715014e+08  1.89331898e-02 
 1.07155245e+08  1.90911572e-02 
 1.09652342e+08  1.92564168e-02 
 1.12207630e+08  1.94293141e-02 
 1.14822466e+08  1.96102126e-02 
 1.17498236e+08  1.97994956e-02 
 1.20236362e+08  1.99975668e-02 
 1.23038295e+08  2.02048524e-02 
 1.25905523e+08  2.04218020e-02 
 1.28839568e+08  2.06488908e-02 
 1.31841987e+08  2.08866206e-02 
 1.34914372e+08  2.11355227e-02 
 1.38058355e+08  2.13961589e-02 
 1.41275604e+08  2.16691242e-02 
 1.44567827e+08  2.19550487e-02 
 1.47936769e+08  2.22546001e-02 
 1.51384220e+08  2.25684861e-02 
 1.54912009e+08  2.28974565e-02 
 1.58522008e+08  2.32423060e-02 
 1.62216133e+08  2.36038762e-02 
 1.65996343e+08  2.39830581e-02 
 1.69864646e+08  2.43807935e-02 
 1.73823095e+08  2.47980768e-02 
 1.77873789e+08  2.52359556e-02 
 1.82018879e+08  2.56955301e-02 
 1.86260564e+08  2.61779517e-02 
 1.90601095e+08  2.66844192e-02 
 1.95042776e+08  2.72161723e-02 
 1.99587964e+08  2.77744823e-02 
 2.04239071e+08  2.83606366e-02 
 2.08998565e+08  2.89759187e-02 
 2.13868972e+08  2.96215784e-02 
 2.18852877e+08  3.02987924e-02 
 2.23952925e+08  3.10086104e-02 
 2.29171822e+08  3.17518834e-02 
 2.34512337e+08  3.25291693e-02 
 2.39977306e+08  3.33406097e-02 
 2.45569627e+08  3.41857714e-02 
 2.51292270e+08  3.50634443e-02 
 2.57148271e+08  3.59713880e-02 
 2.63140737e+08  3.69060196e-02 
 2.69272848e+08  3.78620380e-02 
 2.75547860e+08  3.88319853e-02 
 2.81969102e+08  3.98057562e-02 
 2.88539981e+08  4.07700823e-02 
 2.95263985e+08  4.17080441e-02 
 3.02144683e+08  4.25986939e-02 
 3.09185725e+08  4.34169116e-02 
 3.16390848e+08  4.41336488e-02 
 3.23763876e+08  4.47167324e-02 
 3.31308722e+08  4.51323694e-02 
 3.39029389e+08  4.53474051e-02 
 3.46929975e+08  4.53322142e-02 
 3.55014673e+08  4.50638891e-02 
 3.63287773e+08  4.45291804e-02 
 3.71753666e+08  4.37265571e-02 
 3.80416844e+08  4.26668518e-02 
 3.89281904e+08  4.13722605e-02 
 3.98353552e+08  3.98738678e-02 
 4.07636602e+08  3.82082187e-02 
 4.17135980e+08  3.64136182e-02 
 4.26856726e+08  3.45267813e-02 
 4.36804001e+08  3.25802335e-02 
 4.46983082e+08  3.06006012e-02 
 4.57399372e+08  2.86077074e-02 
 4.68058398e+08  2.66142666e-02 
 4.78965818e+08  2.46259403e-02 
 4.90127419e+08  2.26415695e-02 
 5.01549125e+08  2.06535672e-02 
 5.13236997e+08  1.86488929e-02 
 5.25197238e+08  1.66123707e-02 
 5.37436195e+08  1.45386791e-02 
 5.49960363e+08  1.24763185e-02 
 5.62776388e+08  1.06895372e-02 
 5.75891073e+08  1.01561507e-02 
 5.89311376e+08  1.30321823e-02 
 6.03044419e+08  2.13517128e-02 
 6.17097492e+08  3.52003058e-02 
 6.31478050e+08  4.54048677e-02 
 6.46193727e+08  4.29282121e-02 
 6.61252331e+08  3.67841433e-02 
 6.76661854e+08  3.18056702e-02 
 6.92430473e+08  2.82003743e-02 
 7.08566557e+08  2.55598112e-02 
 7.25078669e+08  2.35709158e-02 
 7.41975572e+08  2.20369191e-02 
 7.59266232e+08  2.08356417e-02 
 7.76959826e+08  1.98894147e-02 
 7.95065744e+08  1.91474069e-02 
 8.13593593e+08  1.85754616e-02 
 8.32553207e+08  1.81501369e-02 
 8.51954648e+08  1.78550960e-02 
 8.71808210e+08  1.76788327e-02 
 8.92124431e+08  1.76131579e-02 
 9.12914092e+08  1.76521029e-02 
 9.34188226e+08  1.77910059e-02 
 9.55958123e+08  1.80256000e-02 
 9.78235335e+08  1.83509272e-02 
 1.00103169e+09  1.87599002e-02 
 1.02435927e+09  1.92413251e-02 
 1.04823047e+09  1.97772466e-02 
 1.07265796e+09  2.03396323e-02 
 1.09765469e+09  2.08867655e-02 
 1.12323393e+09  2.13602273e-02 
 1.14940927e+09  2.16835603e-02 
 1.17619457e+09  2.17621708e-02 
 1.20360408e+09  2.14775717e-02 
 1.23165232e+09  2.06522259e-02 
 1.26035418e+09  1.89689628e-02 
 1.28972490e+09  1.85982667e-02 
 1.31978006e+09  3.22312997e-02 
 1.35053561e+09  2.83669858e-02 
 1.38200788e+09  2.61645050e-02 
 1.41421356e+09  2.51609390e-02 
 1.44716975e+09  2.47971601e-02 
 1.48089393e+09  2.48813719e-02 
 1.51540401e+09  2.53159147e-02 
 1.55071830e+09  2.60114654e-02 
 1.58685553e+09  2.68561324e-02 
 1.62383489e+09  2.77120482e-02 
 1.66167599e+09  2.84362076e-02 
 1.70039893e+09  2.89172472e-02 
 1.74002425e+09  2.91065989e-02 
 1.78057299e+09  2.90231359e-02 
 1.82206665e+09  2.87308402e-02 
 1.86452726e+09  2.83075307e-02 
 1.90797735e+09  2.78217533e-02 
 1.95243999e+09  2.73227595e-02 
 1.99793876e+09  2.68398485e-02 
 2.04449781e+09  2.63858304e-02 
 2.09214185e+09  2.59613173e-02 
 2.14089617e+09  2.55587679e-02 
 2.19078664e+09  2.51666873e-02 
 2.24183974e+09  2.47750144e-02 
 2.29408255e+09  2.43821188e-02 
 2.34754280e+09  2.40013404e-02 
 2.40224887e+09  2.36618223e-02 
 2.45822978e+09  2.33994115e-02 
 2.51551525e+09  2.32416373e-02 
 2.57413567e+09  2.31977797e-02 
 2.63412215e+09  2.32602111e-02 
 2.69550653e+09  2.34128179e-02 
 2.75832139e+09  2.36392047e-02 
 2.82260005e+09  2.39273061e-02 
 2.88837664e+09  2.42703860e-02 
 2.95568605e+09  2.46607493e-02 
 3.02456401e+09  2.50100139e-02 
 3.09504707e+09  2.34882320e-02 
 3.16717263e+09  2.28783353e-02 
 3.24097898e+09  2.50445913e-02 
 3.31650528e+09  2.64150354e-02 
 3.39379160e+09  2.51200552e-02 
 3.47287898e+09  2.66563981e-02 
 3.55380937e+09  2.74813502e-02 
 3.63662572e+09  2.82669999e-02 
 3.72137199e+09  2.85053166e-02 
 3.80809314e+09  2.98176629e-02 
 3.89683521e+09  3.07695483e-02 
 3.98764528e+09  3.18193054e-02 
 4.08057155e+09  3.30085699e-02 
 4.17566333e+09  3.43852641e-02 
 4.27297108e+09  3.57853557e-02 
 4.37254645e+09  3.76995694e-02 
 4.47444228e+09  3.96364078e-02 
 4.57871264e+09  4.11332211e-02 
 4.68541287e+09  4.01129274e-02 
 4.79459960e+09  3.19837928e-02 
 4.90633076e+09  2.74543868e-02 
 5.02066566e+09  1.88177924e-02 
 5.13766496e+09  3.14197843e-02 
 5.25739076e+09  2.80833827e-02 
 5.37990660e+09  2.10824541e-02 
 5.50527749e+09  2.09336204e-02 
 5.63356997e+09  2.35694311e-02 
 5.76485211e+09  2.58332231e-02 
 5.89919360e+09  2.80511097e-02 
 6.03666571e+09  3.28363873e-02 
 6.17734142e+09  2.70553009e-02 
 6.32129537e+09  3.02717058e-02 
 6.46860395e+09  3.27418015e-02 
 6.61934535e+09  3.57937528e-02 
 6.77359956e+09  3.63300367e-02 
 6.93144843e+09  3.70099077e-02 
 7.09297575e+09  3.91116133e-02 
 7.25826722e+09  4.60664157e-02 
 7.42741057e+09  5.05011101e-02 
 7.60049556e+09  6.02542825e-02 
 7.77761404e+09  2.60628179e-02 
 7.95886001e+09  3.46297092e-02 
 8.14432966e+09  5.04166057e-02 
 8.33412140e+09  8.84606313e-02 
 8.52833597e+09  4.98097429e-02 
 8.72707642e+09  1.55005531e-02 
 8.93044823e+09  2.56333579e-02 
 9.13855932e+09  3.19217952e-02 
 9.35152014e+09  3.45173527e-02 
 9.56944371e+09  3.64502591e-02 
 9.79244566e+09  3.92764197e-02 
 1.00206443e+10  4.19142423e-02 
 1.02541609e+10  4.43154729e-02 
 1.04931192e+10  4.66570154e-02 
 1.07376460e+10  4.90188794e-02 
 1.09878712e+10  5.14620481e-02 
 1.12439276e+10  5.40468493e-02 
 1.15059509e+10  5.68443136e-02 
 1.17740804e+10  5.99490518e-02 
 1.20484582e+10  6.34975991e-02 
 1.23292299e+10  6.76913941e-02 
 1.26165447e+10  7.27798094e-02 
 1.29105549e+10  7.85891931e-02 
 1.32114166e+10  8.06027447e-02 
 1.35192894e+10  6.33372235e-02 
 1.38343368e+10  4.96954872e-02 
 1.41567259e+10  5.52282345e-02 
 1.44866277e+10  6.92522339e-02 
 1.48242175e+10  5.80618600e-02 
 1.51696743e+10  6.89724903e-02 
 1.55231815e+10  7.65137150e-02 
 1.58849266e+10  8.36625924e-02 
 1.62551017e+10  8.90970664e-02 
 1.66339032e+10  9.08359112e-02 
 1.70215321e+10  9.29231753e-02 
 1.74181941e+10  9.76233627e-02 
 1.78240998e+10  1.04070434e-01 
 1.82394645e+10  1.11778031e-01 
 1.86645086e+10  1.20803990e-01 
 1.90994578e+10  1.31426326e-01 
 1.95445429e+10  1.44096976e-01 
 2.00000000e+10  1.59501462e-01 
