 1.00000000e+08  1.80959013e-02 
 1.02330354e+08  1.80547732e-02 
 1.04715014e+08  1.79979428e-02 
 1.07155245e+08  1.79241376e-02 
 1.09652342e+08  1.78321635e-02 
 1.12207630e+08  1.77209451e-02 
 1.14822466e+08  1.75895691e-02 
 1.17498236e+08  1.74373278e-02 
 1.20236362e+08  1.72637622e-02 
 1.23038295e+08  1.70687011e-02 
 1.25905523e+08  1.68522937e-02 
 1.28839568e+08  1.66150335e-02 
 1.31841987e+08  1.63577711e-02 
 1.34914372e+08  1.60817142e-02 
 1.38058355e+08  1.57884137e-02 
 1.41275604e+08  1.54797370e-02 
 1.44567827e+08  1.51578288e-02 
 1.47936769e+08  1.48250620e-02 
 1.51384220e+08  1.44839811e-02 
 1.54912009e+08  1.41372415e-02 
 1.58522008e+08  1.37875480e-02 
 1.62216133e+08  1.34375956e-02 
 1.65996343e+08  1.30900148e-02 
 1.69864646e+08  1.27473235e-02 
 1.73823095e+08  1.24118874e-02 
 1.77873789e+08  1.20858882e-02 
 1.82018879e+08  1.17713004e-02 
 1.86260564e+08  1.14698766e-02 
 1.90601095e+08  1.11831386e-02 
 1.95042776e+08  1.09123760e-02 
 1.99587964e+08  1.06586485e-02 
 2.04239071e+08  1.04227933e-02 
 2.08998565e+08  1.02054351e-02 
 2.13868972e+08  1.00069984e-02 
 2.18852877e+08  9.82772234e-03 
 2.23952925e+08  9.66767667e-03 
 2.29171822e+08  9.52677881e-03 
 2.34512337e+08  9.40481216e-03 
 2.39977306e+08  9.30144486e-03 
 2.45569627e+08  9.21624936e-03 
 2.51292270e+08  9.14872223e-03 
 2.57148271e+08  9.09830440e-03 
 2.63140737e+08  9.06440169e-03 
 2.69272848e+08  9.04640586e-03 
 2.75547860e+08  9.04371682e-03 
 2.81969102e+08  9.05576711e-03 
 2.88539981e+08  9.08205139e-03 
 2.95263985e+08  9.12216600e-03 
 3.02144683e+08  9.17587039e-03 
 3.09185725e+08  9.24319752e-03 
 3.16390848e+08  9.32468533e-03 
 3.23763876e+08  9.42195020e-03 
 3.31308722e+08  9.53942972e-03 
 3.39029389e+08  9.69145952e-03 
 3.46929975e+08  9.94916642e-03 
 3.55014673e+08  1.12912405e-02 
 3.63287773e+08  1.02782051e-02 
 3.71753666e+08  1.01694589e-02 
 3.80416844e+08  1.03385031e-02 
 3.89281904e+08  1.05632172e-02 
 3.98353552e+08  1.08516482e-02 
 4.07636602e+08  1.12776620e-02 
 4.17135980e+08  1.21214254e-02 
 4.26856726e+08  1.12539252e-02 
 4.36804001e+08  1.11020110e-02 
 4.46983082e+08  1.16784173e-02 
 4.57399372e+08  1.27106470e-02 
 4.68058398e+08  1.27053413e-02 
 4.78965818e+08  1.32262102e-02 
 4.90127419e+08  8.42525796e-03 
 5.01549125e+08  1.05856385e-02 
 5.13236997e+08  1.17976370e-02 
 5.25197238e+08  1.26466162e-02 
 5.37436195e+08  1.41253845e-02 
 5.49960363e+08  1.52729939e-02 
 5.62776388e+08  1.55373896e-02 
 5.75891073e+08  1.57282728e-02 
 5.89311376e+08  2.07939317e-02 
 6.03044419e+08  1.57030147e-02 
 6.17097492e+08  1.88663603e-02 
 6.31478050e+08  9.38520019e-03 
 6.46193727e+08  1.23365068e-02 
 6.61252331e+08  1.36224381e-02 
 6.76661854e+08  1.66752089e-02 
 6.92430473e+08  2.28065058e-02 
 7.08566557e+08  1.34864861e-02 
 7.25078669e+08  1.30367223e-02 
 7.41975572e+08  1.38475666e-02 
 7.59266232e+08  1.64802259e-02 
 7.76959826e+08  1.51475154e-02 
 7.95065744e+08  1.53438707e-02 
 8.13593593e+08  1.63067113e-02 
 8.32553207e+08  1.80912509e-02 
 8.51954648e+08  1.94907941e-02 
 8.71808210e+08  2.04452443e-02 
 8.92124431e+08  1.69897678e-02 
 9.12914092e+08  1.76716689e-02 
 9.34188226e+08  1.92889570e-02 
 9.55958123e+08  2.38612977e-02 
 9.78235335e+08  2.30580872e-02 
 1.00103169e+09  1.97692763e-02 
 1.02435927e+09  1.74091928e-02 
 1.04823047e+09  1.66403792e-02 
 1.07265796e+09  1.68272202e-02 
 1.09765469e+09  1.72218458e-02 
 1.12323393e+09  1.78390397e-02 
 1.14940927e+09  1.96526752e-02 
 1.17619457e+09  2.24409352e-02 
 1.20360408e+09  2.22125450e-02 
 1.23165232e+09  2.31119650e-02 
 1.26035418e+09  2.41569177e-02 
 1.28972490e+09  2.79185957e-02 
 1.31978006e+09  3.06253763e-02 
 1.35053561e+09  2.79132187e-02 
 1.38200788e+09  3.13447282e-02 
 1.41421356e+09  2.91961855e-02 
 1.44716975e+09  3.28713528e-02 
 1.48089393e+09  3.14904121e-02 
 1.51540401e+09  3.21204931e-02 
 1.55071830e+09  3.43613395e-02 
 1.58685553e+09  3.68899715e-02 
 1.62383489e+09  3.58167291e-02 
 1.66167599e+09  3.43007742e-02 
 1.70039893e+09  3.25935140e-02 
 1.74002425e+09  3.08570370e-02 
 1.78057299e+09  2.91845796e-02 
 1.82206665e+09  2.76003255e-02 
 1.86452726e+09  2.60927374e-02 
 1.90797735e+09  2.46418071e-02 
 1.95243999e+09  2.32318815e-02 
 1.99793876e+09  2.18539489e-02 
 2.04449781e+09  2.05044853e-02 
 2.09214185e+09  1.91843916e-02 
 2.14089617e+09  1.78982654e-02 
 2.19078664e+09  1.66535715e-02 
 2.24183974e+09  1.54600118e-02 
 2.29408255e+09  1.43300950e-02 
 2.34754280e+09  1.32808731e-02 
 2.40224887e+09  1.23349404e-02 
 2.45822978e+09  1.15195736e-02 
 2.51551525e+09  1.08646607e-02 
 2.57413567e+09  1.03990978e-02 
 2.63412215e+09  1.01432411e-02 
 2.69550653e+09  1.00950459e-02 
 2.75832139e+09  1.02107766e-02 
 2.82260005e+09  1.03898767e-02 
 2.88837664e+09  1.04885324e-02 
 2.95568605e+09  1.03881076e-02 
 3.02456401e+09  1.00967336e-02 
 3.09504707e+09  9.78479264e-03 
 3.16717263e+09  9.65290267e-03 
 3.24097898e+09  9.74865467e-03 
 3.31650528e+09  9.99206158e-03 
 3.39379160e+09  1.03073363e-02 
 3.47287898e+09  1.06634107e-02 
 3.55380937e+09  1.10551986e-02 
 3.63662572e+09  1.14831624e-02 
 3.72137199e+09  1.19402677e-02 
 3.80809314e+09  1.24070062e-02 
 3.89683521e+09  1.28583962e-02 
 3.98764528e+09  1.32771761e-02 
 4.08057155e+09  1.36596778e-02 
 4.17566333e+09  1.40115905e-02 
 4.27297108e+09  1.43413297e-02 
 4.37254645e+09  1.46562579e-02 
 4.47444228e+09  1.49617817e-02 
 4.57871264e+09  1.52619806e-02 
 4.68541287e+09  1.55617674e-02 
 4.79459960e+09  1.58812146e-02 
 4.90633076e+09  1.59595686e-02 
 5.02066566e+09  1.63637623e-02 
 5.13766496e+09  1.66611868e-02 
 5.25739076e+09  1.69499275e-02 
 5.37990660e+09  1.72370548e-02 
 5.50527749e+09  1.75263082e-02 
 5.63356997e+09  1.78410188e-02 
 5.76485211e+09  1.80925239e-02 
 5.89919360e+09  1.84640575e-02 
 6.03666571e+09  1.86596664e-02 
 6.17734142e+09  1.89802340e-02 
 6.32129537e+09  1.93024427e-02 
 6.46860395e+09  1.96527592e-02 
 6.61934535e+09  2.00594682e-02 
 6.77359956e+09  2.06574157e-02 
 6.93144843e+09  2.08965621e-02 
 7.09297575e+09  2.18997823e-02 
 7.25826722e+09  2.03083340e-02 
 7.42741057e+09  2.08586222e-02 
 7.60049556e+09  2.14054906e-02 
 7.77761404e+09  2.17970307e-02 
 7.95886001e+09  2.28991797e-02 
 8.14432966e+09  2.01825003e-02 
 8.33412140e+09  2.21014062e-02 
 8.52833597e+09  2.30271815e-02 
 8.72707642e+09  2.26798341e-02 
 8.93044823e+09  2.31335582e-02 
 9.13855932e+09  2.35940876e-02 
 9.35152014e+09  2.40406345e-02 
 9.56944371e+09  2.44428594e-02 
 9.79244566e+09  2.48602823e-02 
 1.00206443e+10  2.52801907e-02 
 1.02541609e+10  2.57039782e-02 
 1.04931192e+10  2.61356305e-02 
 1.07376460e+10  2.65767876e-02 
 1.09878712e+10  2.70287792e-02 
 1.12439276e+10  2.74928311e-02 
 1.15059509e+10  2.79701941e-02 
 1.17740804e+10  2.84622704e-02 
 1.20484582e+10  2.89707860e-02 
 1.23292299e+10  2.94980841e-02 
 1.26165447e+10  3.00477057e-02 
 1.29105549e+10  3.06256967e-02 
 1.32114166e+10  3.12440349e-02 
 1.35192894e+10  3.19317333e-02 
 1.38343368e+10  3.27856857e-02 
 1.41567259e+10  3.44687865e-02 
 1.44866277e+10  2.97847097e-02 
 1.48242175e+10  3.29744500e-02 
 1.51696743e+10  3.40163228e-02 
 1.55231815e+10  3.48438670e-02 
 1.58849266e+10  3.56196027e-02 
 1.62551017e+10  3.63851364e-02 
 1.66339032e+10  3.71565024e-02 
 1.70215321e+10  3.79416704e-02 
 1.74181941e+10  3.87454972e-02 
 1.78240998e+10  3.95715427e-02 
 1.82394645e+10  4.04228925e-02 
 1.86645086e+10  4.13026246e-02 
 1.90994578e+10  4.22141332e-02 
 1.95445429e+10  4.31613204e-02 
 2.00000000e+10  4.41482826e-02 
