 1.00000000e+08  1.79710381e-02 
 1.02330354e+08  1.79245184e-02 
 1.04715014e+08  1.78627333e-02 
 1.07155245e+08  1.77844006e-02 
 1.09652342e+08  1.76883052e-02 
 1.12207630e+08  1.75733379e-02 
 1.14822466e+08  1.74385370e-02 
 1.17498236e+08  1.72831310e-02 
 1.20236362e+08  1.71065805e-02 
 1.23038295e+08  1.69086167e-02 
 1.25905523e+08  1.66892737e-02 
 1.28839568e+08  1.64489128e-02 
 1.31841987e+08  1.61882357e-02 
 1.34914372e+08  1.59082858e-02 
 1.38058355e+08  1.56104362e-02 
 1.41275604e+08  1.52963654e-02 
 1.44567827e+08  1.49680201e-02 
 1.47936769e+08  1.46275695e-02 
 1.51384220e+08  1.42773520e-02 
 1.54912009e+08  1.39198173e-02 
 1.58522008e+08  1.35574692e-02 
 1.62216133e+08  1.31928092e-02 
 1.65996343e+08  1.28282855e-02 
 1.69864646e+08  1.24662490e-02 
 1.73823095e+08  1.21089165e-02 
 1.77873789e+08  1.17583425e-02 
 1.82018879e+08  1.14164000e-02 
 1.86260564e+08  1.10847679e-02 
 1.90601095e+08  1.07649259e-02 
 1.95042776e+08  1.04581553e-02 
 1.99587964e+08  1.01655434e-02 
 2.04239071e+08  9.88799247e-03 
 2.08998565e+08  9.62622964e-03 
 2.13868972e+08  9.38081939e-03 
 2.18852877e+08  9.15217612e-03 
 2.23952925e+08  8.94057724e-03 
 2.29171822e+08  8.74617602e-03 
 2.34512337e+08  8.56901442e-03 
 2.39977306e+08  8.40903549e-03 
 2.45569627e+08  8.26609572e-03 
 2.51292270e+08  8.13997739e-03 
 2.57148271e+08  8.03040120e-03 
 2.63140737e+08  7.93703948e-03 
 2.69272848e+08  7.85953067e-03 
 2.75547860e+08  7.79749566e-03 
 2.81969102e+08  7.75055754e-03 
 2.88539981e+08  7.71836743e-03 
 2.95263985e+08  7.70064143e-03 
 3.02144683e+08  7.69722057e-03 
 3.09185725e+08  7.70818082e-03 
 3.16390848e+08  7.73406635e-03 
 3.23763876e+08  7.77647053e-03 
 3.31308722e+08  7.83981075e-03 
 3.39029389e+08  7.93857085e-03 
 3.46929975e+08  8.14551392e-03 
 3.55014673e+08  9.46334993e-03 
 3.63287773e+08  8.39737468e-03 
 3.71753666e+08  8.21212272e-03 
 3.80416844e+08  8.32228047e-03 
 3.89281904e+08  8.49040362e-03 
 3.98353552e+08  8.72588509e-03 
 4.07636602e+08  9.12545652e-03 
 4.17135980e+08  1.02136995e-02 
 4.26856726e+08  1.02537987e-02 
 4.36804001e+08  9.24649487e-03 
 4.46983082e+08  9.56675775e-03 
 4.57399372e+08  1.05284003e-02 
 4.68058398e+08  1.23770052e-02 
 4.78965818e+08  1.01925161e-02 
 4.90127419e+08  1.04524299e-02 
 5.01549125e+08  1.19784109e-02 
 5.13236997e+08  1.70789232e-02 
 5.25197238e+08  1.13934508e-02 
 5.37436195e+08  1.15378433e-02 
 5.49960363e+08  9.34272030e-03 
 5.62776388e+08  1.35636569e-02 
 5.75891073e+08  1.10406833e-02 
 5.89311376e+08  1.03597556e-02 
 6.03044419e+08  6.79607815e-03 
 6.17097492e+08  8.64132422e-03 
 6.31478050e+08  9.63583261e-03 
 6.46193727e+08  1.01553923e-02 
 6.61252331e+08  1.14127486e-02 
 6.76661854e+08  1.03642958e-02 
 6.92430473e+08  1.14144585e-02 
 7.08566557e+08  1.13164938e-02 
 7.25078669e+08  1.13152473e-02 
 7.41975572e+08  1.23694001e-02 
 7.59266232e+08  1.21964924e-02 
 7.76959826e+08  1.24463621e-02 
 7.95065744e+08  1.26557739e-02 
 8.13593593e+08  1.32919303e-02 
 8.32553207e+08  1.45310409e-02 
 8.51954648e+08  1.65098912e-02 
 8.71808210e+08  1.61823876e-02 
 8.92124431e+08  1.35061319e-02 
 9.12914092e+08  1.38682922e-02 
 9.34188226e+08  1.48415721e-02 
 9.55958123e+08  1.75053016e-02 
 9.78235335e+08  1.67552190e-02 
 1.00103169e+09  1.46249836e-02 
 1.02435927e+09  1.34092579e-02 
 1.04823047e+09  1.31715644e-02 
 1.07265796e+09  1.34619110e-02 
 1.09765469e+09  1.41710754e-02 
 1.12323393e+09  1.50448170e-02 
 1.14940927e+09  1.45388033e-02 
 1.17619457e+09  1.61840445e-02 
 1.20360408e+09  1.53126273e-02 
 1.23165232e+09  1.35415746e-02 
 1.26035418e+09  1.43552742e-02 
 1.28972490e+09  1.48865362e-02 
 1.31978006e+09  1.72239043e-02 
 1.35053561e+09  1.37275855e-02 
 1.38200788e+09  1.55873642e-02 
 1.41421356e+09  1.53126812e-02 
 1.44716975e+09  1.48444502e-02 
 1.48089393e+09  1.54194431e-02 
 1.51540401e+09  1.58161847e-02 
 1.55071830e+09  1.61598255e-02 
 1.58685553e+09  1.65858106e-02 
 1.62383489e+09  1.68873638e-02 
 1.66167599e+09  1.71830276e-02 
 1.70039893e+09  1.74833662e-02 
 1.74002425e+09  1.77856868e-02 
 1.78057299e+09  1.80884641e-02 
 1.82206665e+09  1.83919535e-02 
 1.86452726e+09  1.86981988e-02 
 1.90797735e+09  1.90099922e-02 
 1.95243999e+09  1.93295898e-02 
 1.99793876e+09  1.96582423e-02 
 2.04449781e+09  1.99964498e-02 
 2.09214185e+09  2.03443533e-02 
 2.14089617e+09  2.07019707e-02 
 2.19078664e+09  2.10692678e-02 
 2.24183974e+09  2.14461272e-02 
 2.29408255e+09  2.18322701e-02 
 2.34754280e+09  2.22271941e-02 
 2.40224887e+09  2.26303070e-02 
 2.45822978e+09  2.30415986e-02 
 2.51551525e+09  2.34624830e-02 
 2.57413567e+09  2.38950685e-02 
 2.63412215e+09  2.43400931e-02 
 2.69550653e+09  2.47964230e-02 
 2.75832139e+09  2.52622947e-02 
 2.82260005e+09  2.57365306e-02 
 2.88837664e+09  2.62188447e-02 
 2.95568605e+09  2.67098023e-02 
 3.02456401e+09  2.72111377e-02 
 3.09504707e+09  2.77254363e-02 
 3.16717263e+09  2.82540369e-02 
 3.24097898e+09  2.87946931e-02 
 3.31650528e+09  2.93419456e-02 
 3.39379160e+09  2.98894670e-02 
 3.47287898e+09  3.04343298e-02 
 3.55380937e+09  3.09829107e-02 
 3.63662572e+09  3.15498432e-02 
 3.72137199e+09  3.21475126e-02 
 3.80809314e+09  3.27801317e-02 
 3.89683521e+09  3.34466122e-02 
 3.98764528e+09  3.41439896e-02 
 4.08057155e+09  3.48689258e-02 
 4.17566333e+09  3.56184826e-02 
 4.27297108e+09  3.63903616e-02 
 4.37254645e+09  3.71826591e-02 
 4.47444228e+09  3.79936135e-02 
 4.57871264e+09  3.88223559e-02 
 4.68541287e+09  3.96714557e-02 
 4.79459960e+09  4.05494306e-02 
 4.90633076e+09  4.14308168e-02 
 5.02066566e+09  4.23854839e-02 
 5.13766496e+09  4.33616601e-02 
 5.25739076e+09  4.43730943e-02 
 5.37990660e+09  4.54271497e-02 
 5.50527749e+09  4.65471208e-02 
 5.63356997e+09  4.79338810e-02 
 5.76485211e+09  4.86547696e-02 
 5.89919360e+09  5.10579215e-02 
 6.03666571e+09  5.06676650e-02 
 6.17734142e+09  5.21628699e-02 
 6.32129537e+09  5.35097735e-02 
 6.46860395e+09  5.49636014e-02 
 6.61934535e+09  5.65173564e-02 
 6.77359956e+09  5.82743281e-02 
 6.93144843e+09  5.90030348e-02 
 7.09297575e+09  6.15507381e-02 
 7.25826722e+09  6.44210332e-02 
 7.42741057e+09  6.67912298e-02 
 7.60049556e+09  7.59278895e-02 
 7.77761404e+09  4.13273949e-02 
 7.95886001e+09  6.38874302e-02 
 8.14432966e+09  7.00243013e-02 
 8.33412140e+09  7.85831701e-02 
 8.52833597e+09  1.11199622e-01 
 8.72707642e+09  3.07282291e-02 
 8.93044823e+09  5.68030870e-02 
 9.13855932e+09  6.38217843e-02 
 9.35152014e+09  6.81406355e-02 
 9.56944371e+09  7.13301045e-02 
 9.79244566e+09  7.40515564e-02 
 1.00206443e+10  7.65958063e-02 
 1.02541609e+10  7.90031866e-02 
 1.04931192e+10  8.13544456e-02 
 1.07376460e+10  8.36852439e-02 
 1.09878712e+10  8.60189757e-02 
 1.12439276e+10  8.83723042e-02 
 1.15059509e+10  9.07581376e-02 
 1.17740804e+10  9.31874786e-02 
 1.20484582e+10  9.56708436e-02 
 1.23292299e+10  9.82197619e-02 
 1.26165447e+10  1.00849039e-01 
 1.29105549e+10  1.03581311e-01 
 1.32114166e+10  1.06458500e-01 
 1.35192894e+10  1.09578370e-01 
 1.38343368e+10  1.13259943e-01 
 1.41567259e+10  1.19622669e-01 
 1.44866277e+10  1.03985517e-01 
 1.48242175e+10  1.16440257e-01 
 1.51696743e+10  1.20880940e-01 
 1.55231815e+10  1.24596225e-01 
 1.58849266e+10  1.28156894e-01 
 1.62551017e+10  1.31708924e-01 
 1.66339032e+10  1.35309849e-01 
 1.70215321e+10  1.38989691e-01 
 1.74181941e+10  1.42768090e-01 
 1.78240998e+10  1.46660550e-01 
 1.82394645e+10  1.50681166e-01 
 1.86645086e+10  1.54843846e-01 
 1.90994578e+10  1.59162296e-01 
 1.95445429e+10  1.63647398e-01 
 2.00000000e+10  1.68296460e-01 
