 1.00000000e+08  1.93245037e-02 
 1.02329299e+08  1.94426188e-02 
 1.04712855e+08  1.95562182e-02 
 1.07151931e+08  1.96637688e-02 
 1.09647820e+08  1.97635361e-02 
 1.12201845e+08  1.98535785e-02 
 1.14815362e+08  1.99317485e-02 
 1.17489755e+08  1.99957018e-02 
 1.20226443e+08  2.00429175e-02 
 1.23026877e+08  2.00707315e-02 
 1.25892541e+08  2.00763843e-02 
 1.28824955e+08  2.00570855e-02 
 1.31825674e+08  2.00100945e-02 
 1.34896288e+08  1.99328168e-02 
 1.38038426e+08  1.98229123e-02 
 1.41253754e+08  1.96784107e-02 
 1.44543977e+08  1.94978264e-02 
 1.47910839e+08  1.92802650e-02 
 1.51356125e+08  1.90255110e-02 
 1.54881662e+08  1.87340876e-02 
 1.58489319e+08  1.84072827e-02 
 1.62181010e+08  1.80471336e-02 
 1.65958691e+08  1.76563734e-02 
 1.69824365e+08  1.72383395e-02 
 1.73780083e+08  1.67968530e-02 
 1.77827941e+08  1.63360795e-02 
 1.81970086e+08  1.58603805e-02 
 1.86208714e+08  1.53741688e-02 
 1.90546072e+08  1.48817761e-02 
 1.94984460e+08  1.43873398e-02 
 1.99526231e+08  1.38947150e-02 
 2.04173794e+08  1.34074101e-02 
 2.08929613e+08  1.29285485e-02 
 2.13796209e+08  1.24608514e-02 
 2.18776162e+08  1.20066389e-02 
 2.23872114e+08  1.15678457e-02 
 2.29086765e+08  1.11460456e-02 
 2.34422882e+08  1.07424845e-02 
 2.39883292e+08  1.03581143e-02 
 2.45470892e+08  9.99363055e-03 
 2.51188643e+08  9.64950759e-03 
 2.57039578e+08  9.32603487e-03 
 2.63026799e+08  9.02335293e-03 
 2.69153480e+08  8.74149396e-03 
 2.75422870e+08  8.48043481e-03 
 2.81838293e+08  8.24018258e-03 
 2.88403150e+08  8.02094061e-03 
 2.95120923e+08  7.82348119e-03 
 3.01995172e+08  7.65009235e-03 
 3.09029543e+08  7.50731610e-03 
 3.16227766e+08  7.41527634e-03 
 3.23593657e+08  7.44765670e-03 
 3.31131121e+08  7.97327842e-03 
 3.38844156e+08  1.18750916e-02 
 3.46736850e+08  1.38303762e-02 
 3.54813389e+08  9.18429614e-03 
 3.63078055e+08  8.08156921e-03 
 3.71535229e+08  7.67481290e-03 
 3.80189396e+08  7.48700114e-03 
 3.89045145e+08  7.39985561e-03 
 3.98107171e+08  7.38822994e-03 
 4.07380278e+08  7.88652593e-03 
 4.16869383e+08  7.49562347e-03 
 4.26579519e+08  7.50812972e-03 
 4.36515832e+08  7.60643827e-03 
 4.46683592e+08  7.76662757e-03 
 4.57088190e+08  8.02789431e-03 
 4.67735141e+08  8.57084624e-03 
 4.78630092e+08  1.03197232e-02 
 4.89778819e+08  1.30528321e-02 
 5.01187234e+08  1.08626154e-02 
 5.12861384e+08  8.54396776e-03 
 5.24807460e+08  8.63735557e-03 
 5.37031796e+08  9.30234760e-03 
 5.49540874e+08  1.09244090e-02 
 5.62341325e+08  9.72297772e-03 
 5.75439937e+08  1.06456965e-02 
 5.88843655e+08  8.37022860e-03 
 6.02559586e+08  7.88387480e-03 
 6.16595002e+08  7.81443663e-03 
 6.30957344e+08  8.50755956e-03 
 6.45654229e+08  9.22708866e-03 
 6.60693448e+08  1.09520730e-02 
 6.76082975e+08  1.03784688e-02 
 6.91830971e+08  1.25986375e-02 
 7.07945784e+08  1.14705702e-02 
 7.24435960e+08  9.63946174e-03 
 7.41310241e+08  1.23675837e-02 
 7.58577575e+08  1.64617887e-02 
 7.76247117e+08  9.26757443e-03 
 7.94328235e+08  1.05280537e-02 
 8.12830516e+08  1.03496464e-02 
 8.31763771e+08  1.07819767e-02 
 8.51138038e+08  1.05369049e-02 
 8.70963590e+08  1.17792256e-02 
 8.91250938e+08  1.21373254e-02 
 9.12010839e+08  1.16142495e-02 
 9.33254301e+08  1.23840025e-02 
 9.54992586e+08  1.12547323e-02 
 9.77237221e+08  1.24102733e-02 
 1.00000000e+09  1.38643949e-02 
 1.02329299e+09  1.30107221e-02 
 1.04712855e+09  1.20572572e-02 
 1.07151931e+09  1.16951954e-02 
 1.09647820e+09  1.21122574e-02 
 1.12201845e+09  1.25855365e-02 
 1.14815362e+09  1.25307700e-02 
 1.17489755e+09  1.32279096e-02 
 1.20226443e+09  1.42017000e-02 
 1.23026877e+09  1.51257508e-02 
 1.25892541e+09  1.55962297e-02 
 1.28824955e+09  1.54563970e-02 
 1.31825674e+09  1.52819464e-02 
 1.34896288e+09  1.68124546e-02 
 1.38038426e+09  1.00968202e-02 
 1.41253754e+09  1.24504219e-02 
 1.44543977e+09  1.34796860e-02 
 1.47910839e+09  1.38723363e-02 
 1.51356125e+09  1.41543735e-02 
 1.54881662e+09  1.44386044e-02 
 1.58489319e+09  1.47312487e-02 
 1.62181010e+09  1.50313780e-02 
 1.65958691e+09  1.53385526e-02 
 1.69824365e+09  1.56491881e-02 
 1.73780083e+09  1.59450155e-02 
 1.77827941e+09  1.61023984e-02 
 1.81970086e+09  1.66694040e-02 
 1.86208714e+09  1.69664288e-02 
 1.90546072e+09  1.71687977e-02 
 1.94984460e+09  1.73278216e-02 
 1.99526231e+09  1.74753178e-02 
 2.04173794e+09  1.76412250e-02 
 2.08929613e+09  1.78420757e-02 
 2.13796209e+09  1.80827437e-02 
 2.18776162e+09  1.83602342e-02 
 2.23872114e+09  1.86677173e-02 
 2.29086765e+09  1.89982901e-02 
 2.34422882e+09  1.93467641e-02 
 2.39883292e+09  1.97098072e-02 
 2.45470892e+09  2.00855156e-02 
 2.51188643e+09  2.04730026e-02 
 2.57039578e+09  2.08721440e-02 
 2.63026799e+09  2.12834393e-02 
 2.69153480e+09  2.17079073e-02 
 2.75422870e+09  2.21469835e-02 
 2.81838293e+09  2.26024976e-02 
 2.88403150e+09  2.30768889e-02 
 2.95120923e+09  2.35738648e-02 
 3.01995172e+09  2.40999352e-02 
 3.09029543e+09  2.46682559e-02 
 3.16227766e+09  2.53105082e-02 
 3.23593657e+09  2.61275662e-02 
 3.31131121e+09  2.75523725e-02 
 3.38844156e+09  2.41013674e-02 
 3.46736850e+09  2.57608980e-02 
 3.54813389e+09  2.68245924e-02 
 3.63078055e+09  2.76178118e-02 
 3.71535229e+09  2.83399758e-02 
 3.80189396e+09  2.90452357e-02 
 3.89045145e+09  2.97570786e-02 
 3.98107171e+09  3.04955867e-02 
 4.07380278e+09  3.13521395e-02 
 4.16869383e+09  3.19341334e-02 
 4.26579519e+09  2.86601740e-02 
 4.36515832e+09  3.28840856e-02 
 4.46683592e+09  3.36586642e-02 
 4.57088190e+09  3.43474846e-02 
 4.67735141e+09  3.50676663e-02 
 4.78630092e+09  3.58786282e-02 
 4.89778819e+09  3.68351820e-02 
 5.01187234e+09  3.81335403e-02 
 5.12861384e+09  4.25876353e-02 
 5.24807460e+09  3.69484920e-02 
 5.37031796e+09  3.89988878e-02 
 5.49540874e+09  4.03581718e-02 
 5.62341325e+09  4.25104553e-02 
 5.75439937e+09  4.18891542e-02 
 5.88843655e+09  4.32151479e-02 
 6.02559586e+09  4.43633082e-02 
 6.16595002e+09  4.54567197e-02 
 6.30957344e+09  4.65503340e-02 
 6.45654229e+09  4.78440661e-02 
 6.60693448e+09  4.85556585e-02 
 6.76082975e+09  4.95736491e-02 
 6.91830971e+09  5.33347147e-02 
 7.07945784e+09  5.08952653e-02 
 7.24435960e+09  5.12109482e-02 
 7.41310241e+09  5.34866719e-02 
 7.58577575e+09  5.77266815e-02 
 7.76247117e+09  5.99987666e-02 
 7.94328235e+09  5.63814681e-02 
 8.12830516e+09  6.04782481e-02 
 8.31763771e+09  6.55514353e-02 
 8.51138038e+09  3.30748541e-02 
 8.70963590e+09  5.63724863e-02 
 8.91250938e+09  6.06787562e-02 
 9.12010839e+09  6.32965214e-02 
 9.33254301e+09  6.56142117e-02 
 9.54992586e+09  6.71638451e-02 
 9.77237221e+09  6.91493982e-02 
 1.00000000e+10  7.10997306e-02 
 1.02329299e+10  7.30620517e-02 
 1.04712855e+10  7.50566652e-02 
 1.07151931e+10  7.70973438e-02 
 1.09647820e+10  7.91955591e-02 
 1.12201845e+10  8.13624880e-02 
 1.14815362e+10  8.36104729e-02 
 1.17489755e+10  8.59546068e-02 
 1.20226443e+10  8.84150269e-02 
 1.23026877e+10  9.10208753e-02 
 1.25892541e+10  9.38180511e-02 
 1.28824955e+10  9.68863241e-02 
 1.31825674e+10  1.00383119e-01 
 1.34896288e+10  1.04681710e-01 
 1.38038426e+10  1.10987153e-01 
 1.41253754e+10  1.27042157e-01 
 1.44543977e+10  7.82379548e-02 
 1.47910839e+10  1.10624171e-01 
 1.51356125e+10  6.99481900e-02 
 1.54881662e+10  1.02304423e-01 
 1.58489319e+10  1.10167035e-01 
 1.62181010e+10  1.15572452e-01 
 1.65958691e+10  1.20287405e-01 
 1.69824365e+10  1.24740212e-01 
 1.73780083e+10  1.29004178e-01 
 1.77827941e+10  1.32856359e-01 
 1.81970086e+10  1.35588274e-01 
 1.86208714e+10  1.36096007e-01 
 1.90546072e+10  1.34834675e-01 
 1.94984460e+10  1.35133581e-01 
 1.99526231e+10  1.38429508e-01 
