 1.00000000e+08  2.17590126e-02 
 1.02330354e+08  2.17011615e-02 
 1.04715014e+08  2.16248787e-02 
 1.07155245e+08  2.15286051e-02 
 1.09652342e+08  2.14108796e-02 
 1.12207630e+08  2.12703937e-02 
 1.14822466e+08  2.11060488e-02 
 1.17498236e+08  2.09170160e-02 
 1.20236362e+08  2.07027924e-02 
 1.23038295e+08  2.04632533e-02 
 1.25905523e+08  2.01986930e-02 
 1.28839568e+08  1.99098537e-02 
 1.31841987e+08  1.95979363e-02 
 1.34914372e+08  1.92645930e-02 
 1.38058355e+08  1.89119000e-02 
 1.41275604e+08  1.85423115e-02 
 1.44567827e+08  1.81585966e-02 
 1.47936769e+08  1.77637639e-02 
 1.51384220e+08  1.73609771e-02 
 1.54912009e+08  1.69534675e-02 
 1.58522008e+08  1.65444479e-02 
 1.62216133e+08  1.61370330e-02 
 1.65996343e+08  1.57341681e-02 
 1.69864646e+08  1.53385705e-02 
 1.73823095e+08  1.49526828e-02 
 1.77873789e+08  1.45786404e-02 
 1.82018879e+08  1.42182504e-02 
 1.86260564e+08  1.38729828e-02 
 1.90601095e+08  1.35439719e-02 
 1.95042776e+08  1.32320289e-02 
 1.99587964e+08  1.29376692e-02 
 2.04239071e+08  1.26611643e-02 
 2.08998565e+08  1.24026536e-02 
 2.13868972e+08  1.21624084e-02 
 2.18852877e+08  1.19415357e-02 
 2.23952925e+08  1.17440979e-02 
 2.29171822e+08  1.15845138e-02 
 2.34512337e+08  1.15193716e-02 
 2.39977306e+08  1.18349051e-02 
 2.45569627e+08  1.47820671e-02 
 2.51292270e+08  2.27943528e-02 
 2.57148271e+08  1.49756321e-02 
 2.63140737e+08  1.29752831e-02 
 2.69272848e+08  1.22639546e-02 
 2.75547860e+08  1.19302194e-02 
 2.81969102e+08  1.17727614e-02 
 2.88539981e+08  1.17644319e-02 
 2.95263985e+08  1.20604341e-02 
 3.02144683e+08  1.39318334e-02 
 3.09185725e+08  2.20146966e-02 
 3.16390848e+08  1.36688620e-02 
 3.23763876e+08  1.22550830e-02 
 3.31308722e+08  1.20227999e-02 
 3.39029389e+08  1.34536902e-02 
 3.46929975e+08  1.33275225e-02 
 3.55014673e+08  1.20348659e-02 
 3.63287773e+08  1.18892692e-02 
 3.71753666e+08  1.20022089e-02 
 3.80416844e+08  1.18254875e-02 
 3.89281904e+08  1.19050852e-02 
 3.98353552e+08  1.19916607e-02 
 4.07636602e+08  1.20920642e-02 
 4.17135980e+08  1.22100325e-02 
 4.26856726e+08  1.23522664e-02 
 4.36804001e+08  1.25368442e-02 
 4.46983082e+08  1.28315286e-02 
 4.57399372e+08  1.38191033e-02 
 4.68058398e+08  1.35341564e-02 
 4.78965818e+08  1.32369896e-02 
 4.90127419e+08  1.38611918e-02 
 5.01549125e+08  1.62153971e-02 
 5.13236997e+08  1.45456843e-02 
 5.25197238e+08  1.37586892e-02 
 5.37436195e+08  1.48250370e-02 
 5.49960363e+08  1.66564301e-02 
 5.62776388e+08  1.46179166e-02 
 5.75891073e+08  1.48776021e-02 
 5.89311376e+08  1.50977999e-02 
 6.03044419e+08  1.52034163e-02 
 6.17097492e+08  1.69955802e-02 
 6.31478050e+08  2.04493120e-02 
 6.46193727e+08  1.79533870e-02 
 6.61252331e+08  1.46562088e-02 
 6.76661854e+08  1.65264150e-02 
 6.92430473e+08  1.96695226e-02 
 7.08566557e+08  2.53803950e-02 
 7.25078669e+08  1.81937105e-02 
 7.41975572e+08  2.28982951e-02 
 7.59266232e+08  1.54912688e-02 
 7.76959826e+08  1.68433764e-02 
 7.95065744e+08  2.16599859e-02 
 8.13593593e+08  1.95483036e-02 
 8.32553207e+08  2.05639712e-02 
 8.51954648e+08  1.42539888e-02 
 8.71808210e+08  1.50466923e-02 
 8.92124431e+08  1.60900407e-02 
 9.12914092e+08  1.63090528e-02 
 9.34188226e+08  1.82529601e-02 
 9.55958123e+08  2.08301037e-02 
 9.78235335e+08  2.11125599e-02 
 1.00103169e+09  2.24339927e-02 
 1.02435927e+09  1.85925894e-02 
 1.04823047e+09  1.83453867e-02 
 1.07265796e+09  1.32938755e-02 
 1.09765469e+09  1.24060053e-02 
 1.12323393e+09  1.41286998e-02 
 1.14940927e+09  1.51133622e-02 
 1.17619457e+09  1.56361276e-02 
 1.20360408e+09  1.66137213e-02 
 1.23165232e+09  1.77642836e-02 
 1.26035418e+09  1.96562133e-02 
 1.28972490e+09  2.62747423e-02 
 1.31978006e+09  2.26114875e-02 
 1.35053561e+09  1.92552446e-02 
 1.38200788e+09  1.89077591e-02 
 1.41421356e+09  2.20007903e-02 
 1.44716975e+09  2.07418582e-02 
 1.48089393e+09  1.89672059e-02 
 1.51540401e+09  1.96278037e-02 
 1.55071830e+09  2.07990801e-02 
 1.58685553e+09  2.25054437e-02 
 1.62383489e+09  2.42622289e-02 
 1.66167599e+09  2.41126319e-02 
 1.70039893e+09  2.73121306e-02 
 1.74002425e+09  2.90544251e-02 
 1.78057299e+09  3.49297143e-02 
 1.82206665e+09  2.01493145e-02 
 1.86452726e+09  3.03316943e-02 
 1.90797735e+09  2.28631306e-02 
 1.95243999e+09  2.24413000e-02 
 1.99793876e+09  1.87940845e-02 
 2.04449781e+09  2.20008589e-02 
 2.09214185e+09  2.33998953e-02 
 2.14089617e+09  2.51871303e-02 
 2.19078664e+09  2.67643135e-02 
 2.24183974e+09  2.82350318e-02 
 2.29408255e+09  2.96571254e-02 
 2.34754280e+09  3.00797870e-02 
 2.40224887e+09  3.05162472e-02 
 2.45822978e+09  3.21553355e-02 
 2.51551525e+09  3.33220675e-02 
 2.57413567e+09  3.43145029e-02 
 2.63412215e+09  3.51949528e-02 
 2.69550653e+09  3.59848529e-02 
 2.75832139e+09  3.66954877e-02 
 2.82260005e+09  3.73349763e-02 
 2.88837664e+09  3.79101468e-02 
 2.95568605e+09  3.84269910e-02 
 3.02456401e+09  3.88907139e-02 
 3.09504707e+09  3.93057087e-02 
 3.16717263e+09  3.96755724e-02 
 3.24097898e+09  4.00031827e-02 
 3.31650528e+09  4.02908271e-02 
 3.39379160e+09  4.05403593e-02 
 3.47287898e+09  4.07533575e-02 
 3.55380937e+09  4.09312688e-02 
 3.63662572e+09  4.10755244e-02 
 3.72137199e+09  4.11876236e-02 
 3.80809314e+09  4.12691834e-02 
 3.89683521e+09  4.13219600e-02 
 3.98764528e+09  4.13478458e-02 
 4.08057155e+09  4.13488491e-02 
 4.17566333e+09  4.13270624e-02 
 4.27297108e+09  4.12846258e-02 
 4.37254645e+09  4.12236878e-02 
 4.47444228e+09  4.11463693e-02 
 4.57871264e+09  4.10547307e-02 
 4.68541287e+09  4.09507454e-02 
 4.79459960e+09  4.08362785e-02 
 4.90633076e+09  4.07130716e-02 
 5.02066566e+09  4.05827330e-02 
 5.13766496e+09  4.04467321e-02 
 5.25739076e+09  4.03063985e-02 
 5.37990660e+09  4.01629236e-02 
 5.50527749e+09  4.00173638e-02 
 5.63356997e+09  3.98706461e-02 
 5.76485211e+09  3.97235726e-02 
 5.89919360e+09  3.95768244e-02 
 6.03666571e+09  3.94309616e-02 
 6.17734142e+09  3.92864139e-02 
 6.32129537e+09  3.91434468e-02 
 6.46860395e+09  3.90020519e-02 
 6.61934535e+09  3.88615151e-02 
 6.77359956e+09  3.87173407e-02 
 6.93144843e+09  3.86425919e-02 
 7.09297575e+09  3.86358454e-02 
 7.25826722e+09  3.83710031e-02 
 7.42741057e+09  3.82189751e-02 
 7.60049556e+09  3.82316620e-02 
 7.77761404e+09  3.79734819e-02 
 7.95886001e+09  3.79158708e-02 
 8.14432966e+09  3.77871403e-02 
 8.33412140e+09  3.75312516e-02 
 8.52833597e+09  3.74998152e-02 
 8.72707642e+09  3.70030050e-02 
 8.93044823e+09  3.74296008e-02 
 9.13855932e+09  3.73580870e-02 
 9.35152014e+09  3.72753834e-02 
 9.56944371e+09  3.71940650e-02 
 9.79244566e+09  3.71156467e-02 
 1.00206443e+10  3.70403387e-02 
 1.02541609e+10  3.69681024e-02 
 1.04931192e+10  3.68988418e-02 
 1.07376460e+10  3.68324488e-02 
 1.09878712e+10  3.67688148e-02 
 1.12439276e+10  3.67078341e-02 
 1.15059509e+10  3.66494045e-02 
 1.17740804e+10  3.65934274e-02 
 1.20484582e+10  3.65398075e-02 
 1.23292299e+10  3.64884529e-02 
 1.26165447e+10  3.64392744e-02 
 1.29105549e+10  3.63921861e-02 
 1.32114166e+10  3.63471047e-02 
 1.35192894e+10  3.63039498e-02 
 1.38343368e+10  3.62626436e-02 
 1.41567259e+10  3.62231110e-02 
 1.44866277e+10  3.61852795e-02 
 1.48242175e+10  3.61490791e-02 
 1.51696743e+10  3.61144422e-02 
 1.55231815e+10  3.60813039e-02 
 1.58849266e+10  3.60496014e-02 
 1.62551017e+10  3.60192743e-02 
 1.66339032e+10  3.59902644e-02 
 1.70215321e+10  3.59625159e-02 
 1.74181941e+10  3.59359750e-02 
 1.78240998e+10  3.59105898e-02 
 1.82394645e+10  3.58863106e-02 
 1.86645086e+10  3.58630897e-02 
 1.90994578e+10  3.58408810e-02 
 1.95445429e+10  3.58196406e-02 
 2.00000000e+10  3.57993260e-02 
