0.03681818181818182
0.03681818181818182
0.03681818181818182
0.03681818181818182
0.03681818181818182
0.03681818181818182
0.03681818181818182
0.03681818181818182
0.03681818181818182
0.03681818181818182
0.03681818181818182
0.03681818181818182
0.03681818181818182
0.03681818181818182
0.03681818181818182
0.03681818181818182
0.03681818181818182
0.03681818181818182
0.03681818181818182
0.03681818181818182
0.03681818181818182
0.03681818181818182
0.03681818181818182
0.03681818181818182
0.03681818181818182
0.03681818181818182
0.03681818181818182
0.03681818181818182
0.03681818181818182
0.03681818181818182
0.03681818181818182
0.03681818181818182
0.03681818181818182
0.03681818181818182
0.03681818181818182
0.03681818181818182
0.03681818181818182
0.03681818181818182
0.03681818181818182
0.03681818181818182
0.03681818181818182
0.03681818181818182
0.03681818181818182
0.03681818181818182
0.03681818181818182
0.03681818181818182
0.03681818181818182
0.03681818181818182
0.03681818181818182
0.03681818181818182
0.03681818181818182
0.03681818181818182
0.03681818181818182
0.03681818181818182
0.03681818181818182
0.03681818181818182
0.03681818181818182
0.03681818181818182
0.03681818181818182
0.03681818181818182
0.03681818181818182
0.03681818181818182
0.03681818181818182
0.03681818181818182
0.03681818181818182
0.03681818181818182
0.03681818181818182
0.03681818181818182
0.03681818181818182
0.03681818181818182
0.03681818181818182
0.03681818181818182
0.03681818181818182
0.03681818181818182
0.03681818181818182
0.03681818181818182
0.03681818181818182
0.03681818181818182
0.03681818181818182
0.03681818181818182
0.03681818181818182
0.03681818181818182
0.03681818181818182
0.03681818181818182
0.03681818181818182
0.03681818181818182
0.03681818181818182
0.03681818181818182
0.03681818181818182
0.03681818181818182
0.03681818181818182
0.03681818181818182
0.03681818181818182
0.03681818181818182
0.03681818181818182
0.03681818181818182
0.03681818181818182
0.03681818181818182
0.03681818181818182
0.03681818181818182
0.03681818181818182
0.03681818181818182
0.03681818181818182
0.03681818181818182
0.03681818181818182
0.03681818181818182
0.03681818181818182
0.03681818181818182
0.03681818181818182
0.03681818181818182
0.03681818181818182
0.03681818181818182
0.03681818181818182
0.03681818181818182
0.03681818181818182
0.03681818181818182
0.03681818181818182
0.03681818181818182
0.03681818181818182
0.03681818181818182
0.03681818181818182
0.03681818181818182
0.03681818181818182
0.03681818181818182
0.03681818181818182
0.03681818181818182
0.03681818181818182
0.03681818181818182
0.03681818181818182
0.03681818181818182
0.03681818181818182
0.03681818181818182
0.03681818181818182
0.03681818181818182
0.03681818181818182
0.03681818181818182
0.03681818181818182
0.03681818181818182
0.03681818181818182
0.03681818181818182
0.03681818181818182
0.03681818181818182
0.03681818181818182
0.03681818181818182
0.03681818181818182
0.03681818181818182
0.03681818181818182
0.03681818181818182
0.03681818181818182
0.03681818181818182
0.03681818181818182
0.03681818181818182
0.03681818181818182
0.03681818181818182
0.03681818181818182
0.037384228437662426
0.03825541341818195
0.03914690015454547
0.04005916160259755
0.04099268207922078
0.04194795684155848
0.04292549292857158
0.043925809055844284
0.04494943603636366
0.04599691720129869
0.0470688084000001
0.0481656784207794
0.0492881094116884
0.05043669709090913
0.05161205085194805
0.05281479460519484
0.05404556646233769
0.055305019683116956
0.05659382267532477
0.0579126593103898
0.059262229554545735
0.06064324946883125
0.06205645215584434
0.06350258733896118
0.06498242272987002
0.0664967435025975
0.0680463532402599
0.0696320744610392
0.07125474861818197
0.0729152367311689
0.07461442022727272
0.07635320062597405
0.07813250080129876
0.07995326498181837
0.08181645938181807
0.08372307283246753
0.08567411720259746
0.0876706277142859
0.0897136641
0.09180431039220764
0.09394367618571464
0.09613289674285733
0.0983731339402599
0.10066557668961078
0.1030114413584418
0.10541197250649362
0.107868445831169
0.11038216301298732
0.11295445792207796
0.11558669703896132
0.11828027735064954
0.12103662635064995
0.1238572094025979
0.12674352132467548
0.12969709375324676
0.13271949619480528
0.1358123307662343
0.1389772395584418
0.14221590148052
0.14553003646753276
0.1489214023246757
0.15239179788311683
0.15594306720779227
0.15957709328571473
0.16329580538961042
0.16710117592207824
0.17099522567532505
0.1749800206753252
0.17905767533766295
0.18323035351948072
0.18750027062337712
0.1918696914935069
0.19634093462337673
0.2009163742597407
0.20559843829870122
0.2103896103896104
