 1.00000000e+08  1.52095845e-02 
 1.02330354e+08  1.50678825e-02 
 1.04715014e+08  1.49106512e-02 
 1.07155245e+08  1.47376396e-02 
 1.09652342e+08  1.45487752e-02 
 1.12207630e+08  1.43441817e-02 
 1.14822466e+08  1.41241919e-02 
 1.17498236e+08  1.38893542e-02 
 1.20236362e+08  1.36404339e-02 
 1.23038295e+08  1.33784058e-02 
 1.25905523e+08  1.31044413e-02 
 1.28839568e+08  1.28198883e-02 
 1.31841987e+08  1.25262453e-02 
 1.34914372e+08  1.22251318e-02 
 1.38058355e+08  1.19182550e-02 
 1.41275604e+08  1.16073759e-02 
 1.44567827e+08  1.12942753e-02 
 1.47936769e+08  1.09807215e-02 
 1.51384220e+08  1.06684414e-02 
 1.54912009e+08  1.03590949e-02 
 1.58522008e+08  1.00542540e-02 
 1.62216133e+08  9.75538721e-03 
 1.65996343e+08  9.46384738e-03 
 1.69864646e+08  9.18086530e-03 
 1.73823095e+08  8.90754663e-03 
 1.77873789e+08  8.64487269e-03 
 1.82018879e+08  8.39370436e-03 
 1.86260564e+08  8.15478880e-03 
 1.90601095e+08  7.92876874e-03 
 1.95042776e+08  7.71619452e-03 
 1.99587964e+08  7.51753948e-03 
 2.04239071e+08  7.33322017e-03 
 2.08998565e+08  7.16362420e-03 
 2.13868972e+08  7.00915133e-03 
 2.18852877e+08  6.87027851e-03 
 2.23952925e+08  6.74767086e-03 
 2.29171822e+08  6.64238635e-03 
 2.34512337e+08  6.55628566e-03 
 2.39977306e+08  6.49293586e-03 
 2.45569627e+08  6.45985108e-03 
 2.51292270e+08  6.47496403e-03 
 2.57148271e+08  6.58967568e-03 
 2.63140737e+08  6.99987818e-03 
 2.69272848e+08  8.81770523e-03 
 2.75547860e+08  1.11477891e-02 
 2.81969102e+08  7.86854752e-03 
 2.88539981e+08  8.07770001e-03 
 2.95263985e+08  1.09915667e-02 
 3.02144683e+08  8.51117796e-03 
 3.09185725e+08  7.18260289e-03 
 3.16390848e+08  7.11313514e-03 
 3.23763876e+08  6.86608011e-03 
 3.31308722e+08  6.95777076e-03 
 3.39029389e+08  7.23265749e-03 
 3.46929975e+08  7.85090371e-03 
 3.55014673e+08  8.96163212e-03 
 3.63287773e+08  8.38140877e-03 
 3.71753666e+08  7.68216654e-03 
 3.80416844e+08  8.53615567e-03 
 3.89281904e+08  1.05215919e-02 
 3.98353552e+08  7.92459193e-03 
 4.07636602e+08  7.32590770e-03 
 4.17135980e+08  7.44800841e-03 
 4.26856726e+08  7.51527323e-03 
 4.36804001e+08  7.81354445e-03 
 4.46983082e+08  8.38497461e-03 
 4.57399372e+08  9.44832978e-03 
 4.68058398e+08  1.28423692e-02 
 4.78965818e+08  1.03069515e-02 
 4.90127419e+08  8.45222901e-03 
 5.01549125e+08  1.07213558e-02 
 5.13236997e+08  1.54361194e-02 
 5.25197238e+08  6.34362733e-03 
 5.37436195e+08  6.30184756e-03 
 5.49960363e+08  6.85314617e-03 
 5.62776388e+08  7.30002288e-03 
 5.75891073e+08  8.82842926e-03 
 5.89311376e+08  7.73697383e-03 
 6.03044419e+08  7.61741310e-03 
 6.17097492e+08  7.91802493e-03 
 6.31478050e+08  8.27665232e-03 
 6.46193727e+08  8.57721652e-03 
 6.61252331e+08  8.84975237e-03 
 6.76661854e+08  9.54663114e-03 
 6.92430473e+08  9.40243491e-03 
 7.08566557e+08  9.56421213e-03 
 7.25078669e+08  9.96474938e-03 
 7.41975572e+08  1.04352261e-02 
 7.59266232e+08  1.10101996e-02 
 7.76959826e+08  1.17424291e-02 
 7.95065744e+08  1.27087597e-02 
 8.13593593e+08  1.40004911e-02 
 8.32553207e+08  1.56153426e-02 
 8.51954648e+08  1.70370081e-02 
 8.71808210e+08  1.69209049e-02 
 8.92124431e+08  1.50332010e-02 
 9.12914092e+08  1.29875553e-02 
 9.34188226e+08  1.16143859e-02 
 9.55958123e+08  1.08406071e-02 
 9.78235335e+08  1.04460664e-02 
 1.00103169e+09  1.02823165e-02 
 1.02435927e+09  1.02811879e-02 
 1.04823047e+09  1.04510367e-02 
 1.07265796e+09  1.09421890e-02 
 1.09765469e+09  1.11965729e-02 
 1.12323393e+09  1.08613501e-02 
 1.14940927e+09  1.14494728e-02 
 1.17619457e+09  1.20289964e-02 
 1.20360408e+09  1.22502384e-02 
 1.23165232e+09  1.22536793e-02 
 1.26035418e+09  1.22744496e-02 
 1.28972490e+09  1.23722868e-02 
 1.31978006e+09  1.25333292e-02 
 1.35053561e+09  1.27364822e-02 
 1.38200788e+09  1.29657189e-02 
 1.41421356e+09  1.32099148e-02 
 1.44716975e+09  1.34620826e-02 
 1.48089393e+09  1.37187267e-02 
 1.51540401e+09  1.39793109e-02 
 1.55071830e+09  1.42453323e-02 
 1.58685553e+09  1.45187979e-02 
 1.62383489e+09  1.48011346e-02 
 1.66167599e+09  1.50929671e-02 
 1.70039893e+09  1.53942457e-02 
 1.74002425e+09  1.57041880e-02 
 1.78057299e+09  1.60207951e-02 
 1.82206665e+09  1.63399106e-02 
 1.86452726e+09  1.66543051e-02 
 1.90797735e+09  1.69546135e-02 
 1.95243999e+09  1.72348940e-02 
 1.99793876e+09  1.75007091e-02 
 2.04449781e+09  1.77687115e-02 
 2.09214185e+09  1.80546739e-02 
 2.14089617e+09  1.83647110e-02 
 2.19078664e+09  1.86971029e-02 
 2.24183974e+09  1.90476565e-02 
 2.29408255e+09  1.94130195e-02 
 2.34754280e+09  1.97915933e-02 
 2.40224887e+09  2.01831101e-02 
 2.45822978e+09  2.05878138e-02 
 2.51551525e+09  2.10058542e-02 
 2.57413567e+09  2.14370998e-02 
 2.63412215e+09  2.18812445e-02 
 2.69550653e+09  2.23379814e-02 
 2.75832139e+09  2.28071140e-02 
 2.82260005e+09  2.32885883e-02 
 2.88837664e+09  2.37824819e-02 
 2.95568605e+09  2.42889780e-02 
 3.02456401e+09  2.48083404e-02 
 3.09504707e+09  2.53408943e-02 
 3.16717263e+09  2.58870131e-02 
 3.24097898e+09  2.64471115e-02 
 3.31650528e+09  2.70216423e-02 
 3.39379160e+09  2.76110989e-02 
 3.47287898e+09  2.82160230e-02 
 3.55380937e+09  2.88370203e-02 
 3.63662572e+09  2.94747932e-02 
 3.72137199e+09  3.01302094e-02 
 3.80809314e+09  3.08044631e-02 
 3.89683521e+09  3.14995298e-02 
 3.98764528e+09  3.22198296e-02 
 4.08057155e+09  3.29821377e-02 
 4.17566333e+09  3.41403066e-02 
 4.27297108e+09  3.43202717e-02 
 4.37254645e+09  3.52100098e-02 
 4.47444228e+09  3.58724217e-02 
 4.57871264e+09  3.67860461e-02 
 4.68541287e+09  3.76620242e-02 
 4.79459960e+09  3.85558792e-02 
 4.90633076e+09  3.94748220e-02 
 5.02066566e+09  4.04225398e-02 
 5.13766496e+09  4.14023486e-02 
 5.25739076e+09  4.24181552e-02 
 5.37990660e+09  4.34754374e-02 
 5.50527749e+09  4.45835137e-02 
 5.63356997e+09  4.57643527e-02 
 5.76485211e+09  4.71387245e-02 
 5.89919360e+09  4.82556184e-02 
 6.03666571e+09  4.77592260e-02 
 6.17734142e+09  5.03454812e-02 
 6.32129537e+09  5.19701095e-02 
 6.46860395e+09  5.36776160e-02 
 6.61934535e+09  5.56275479e-02 
 6.77359956e+09  5.81501562e-02 
 6.93144843e+09  6.31615770e-02 
 7.09297575e+09  6.09088051e-02 
 7.25826722e+09  6.13803259e-02 
 7.42741057e+09  7.10376946e-02 
 7.60049556e+09  7.92020971e-02 
 7.77761404e+09  4.25402246e-02 
 7.95886001e+09  5.42744888e-02 
 8.14432966e+09  6.56318858e-02 
 8.33412140e+09  6.72139158e-02 
 8.52833597e+09  6.48948927e-02 
 8.72707642e+09  5.31792330e-02 
 8.93044823e+09  6.34482489e-02 
 9.13855932e+09  7.19373266e-02 
 9.35152014e+09  5.22188720e-02 
 9.56944371e+09  6.69388395e-02 
 9.79244566e+09  7.05740309e-02 
 1.00206443e+10  7.33322180e-02 
 1.02541609e+10  7.58224944e-02 
 1.04931192e+10  7.82096550e-02 
 1.07376460e+10  8.05628114e-02 
 1.09878712e+10  8.29192483e-02 
 1.12439276e+10  8.53033154e-02 
 1.15059509e+10  8.77339558e-02 
 1.17740804e+10  9.02287163e-02 
 1.20484582e+10  9.28069011e-02 
 1.23292299e+10  9.54934669e-02 
 1.26165447e+10  9.83258597e-02 
 1.29105549e+10  1.01369102e-01 
 1.32114166e+10  1.04756274e-01 
 1.35192894e+10  1.08827404e-01 
 1.38343368e+10  1.14846936e-01 
 1.41567259e+10  1.34771263e-01 
 1.44866277e+10  1.00730750e-01 
 1.48242175e+10  8.85796163e-02 
 1.51696743e+10  1.12205524e-01 
 1.55231815e+10  1.17769176e-01 
 1.58849266e+10  1.22175763e-01 
 1.62551017e+10  1.26283117e-01 
 1.66339032e+10  1.30327435e-01 
 1.70215321e+10  1.34408103e-01 
 1.74181941e+10  1.38570641e-01 
 1.78240998e+10  1.42814706e-01 
 1.82394645e+10  1.47050807e-01 
 1.86645086e+10  1.50959127e-01 
 1.90994578e+10  1.53696429e-01 
 1.95445429e+10  1.54028338e-01 
 2.00000000e+10  1.52982995e-01 
