 1.00000000e+08  1.54693654e-02 
 1.02330354e+08  1.53277956e-02 
 1.04715014e+08  1.51705388e-02 
 1.07155245e+08  1.49973550e-02 
 1.09652342e+08  1.48081872e-02 
 1.12207630e+08  1.46031790e-02 
 1.14822466e+08  1.43826877e-02 
 1.17498236e+08  1.41472917e-02 
 1.20236362e+08  1.38977909e-02 
 1.23038295e+08  1.36351998e-02 
 1.25905523e+08  1.33607343e-02 
 1.28839568e+08  1.30757911e-02 
 1.31841987e+08  1.27819216e-02 
 1.34914372e+08  1.24808010e-02 
 1.38058355e+08  1.21741954e-02 
 1.41275604e+08  1.18639262e-02 
 1.44567827e+08  1.15518356e-02 
 1.47936769e+08  1.12397534e-02 
 1.51384220e+08  1.09294669e-02 
 1.54912009e+08  1.06226947e-02 
 1.58522008e+08  1.03210645e-02 
 1.62216133e+08  1.00260959e-02 
 1.65996343e+08  9.73918791e-03 
 1.69864646e+08  9.46161045e-03 
 1.73823095e+08  9.19450012e-03 
 1.77873789e+08  8.93885943e-03 
 1.82018879e+08  8.69555887e-03 
 1.86260564e+08  8.46534180e-03 
 1.90601095e+08  8.24883158e-03 
 1.95042776e+08  8.04654131e-03 
 1.99587964e+08  7.85888654e-03 
 2.04239071e+08  7.68620240e-03 
 2.08998565e+08  7.52876784e-03 
 2.13868972e+08  7.38684223e-03 
 2.18852877e+08  7.26072511e-03 
 2.23952925e+08  7.15086128e-03 
 2.29171822e+08  7.05804095e-03 
 2.34512337e+08  6.98381439e-03 
 2.39977306e+08  6.93143754e-03 
 2.45569627e+08  6.90829539e-03 
 2.51292270e+08  6.93311738e-03 
 2.57148271e+08  7.06234848e-03 
 2.63140737e+08  7.51943066e-03 
 2.69272848e+08  9.59437272e-03 
 2.75547860e+08  1.22512988e-02 
 2.81969102e+08  8.10537049e-03 
 2.88539981e+08  7.15165338e-03 
 2.95263985e+08  7.53035638e-03 
 3.02144683e+08  7.70464013e-03 
 3.09185725e+08  7.46313020e-03 
 3.16390848e+08  7.51572237e-03 
 3.23763876e+08  7.50970513e-03 
 3.31308722e+08  7.64514129e-03 
 3.39029389e+08  7.92435468e-03 
 3.46929975e+08  8.52280152e-03 
 3.55014673e+08  9.63609475e-03 
 3.63287773e+08  9.07781222e-03 
 3.71753666e+08  8.12605528e-03 
 3.80416844e+08  7.92184149e-03 
 3.89281904e+08  7.88080529e-03 
 3.98353552e+08  8.07690099e-03 
 4.07636602e+08  8.16537768e-03 
 4.17135980e+08  8.36352529e-03 
 4.26856726e+08  8.47004176e-03 
 4.36804001e+08  8.67669055e-03 
 4.46983082e+08  8.94843819e-03 
 4.57399372e+08  9.22724682e-03 
 4.68058398e+08  9.51508529e-03 
 4.78965818e+08  9.63869442e-03 
 4.90127419e+08  1.04282692e-02 
 5.01549125e+08  1.13941143e-02 
 5.13236997e+08  1.18965302e-02 
 5.25197238e+08  1.36622400e-02 
 5.37436195e+08  1.72039535e-02 
 5.49960363e+08  1.89155577e-02 
 5.62776388e+08  1.36099066e-02 
 5.75891073e+08  1.47056371e-02 
 5.89311376e+08  1.63309467e-02 
 6.03044419e+08  8.27972236e-03 
 6.17097492e+08  7.77373332e-03 
 6.31478050e+08  7.77982157e-03 
 6.46193727e+08  8.56386745e-03 
 6.61252331e+08  9.32017207e-03 
 6.76661854e+08  1.01409049e-02 
 6.92430473e+08  1.06366055e-02 
 7.08566557e+08  1.13135497e-02 
 7.25078669e+08  1.21115719e-02 
 7.41975572e+08  1.30324097e-02 
 7.59266232e+08  1.41465378e-02 
 7.76959826e+08  1.55508605e-02 
 7.95065744e+08  1.73809635e-02 
 8.13593593e+08  1.97908236e-02 
 8.32553207e+08  2.27619222e-02 
 8.51954648e+08  2.53823518e-02 
 8.71808210e+08  2.53003454e-02 
 8.92124431e+08  2.20070397e-02 
 9.12914092e+08  1.82468229e-02 
 9.34188226e+08  1.55974743e-02 
 9.55958123e+08  1.40804846e-02 
 9.78235335e+08  1.33878240e-02 
 1.00103169e+09  1.32978241e-02 
 1.02435927e+09  1.37284179e-02 
 1.04823047e+09  1.47219262e-02 
 1.07265796e+09  1.64213342e-02 
 1.09765469e+09  1.88795544e-02 
 1.12323393e+09  2.21689868e-02 
 1.14940927e+09  2.58373228e-02 
 1.17619457e+09  2.78569116e-02 
 1.20360408e+09  2.71190113e-02 
 1.23165232e+09  2.56320426e-02 
 1.26035418e+09  2.52586100e-02 
 1.28972490e+09  2.61520408e-02 
 1.31978006e+09  2.76567557e-02 
 1.35053561e+09  2.88533600e-02 
 1.38200788e+09  2.89469533e-02 
 1.41421356e+09  2.77663103e-02 
 1.44716975e+09  2.57696901e-02 
 1.48089393e+09  2.35113790e-02 
 1.51540401e+09  2.13176408e-02 
 1.55071830e+09  1.93236078e-02 
 1.58685553e+09  1.75758690e-02 
 1.62383489e+09  1.60804593e-02 
 1.66167599e+09  1.48205959e-02 
 1.70039893e+09  1.37678023e-02 
 1.74002425e+09  1.28900111e-02 
 1.78057299e+09  1.21562460e-02 
 1.82206665e+09  1.15385832e-02 
 1.86452726e+09  1.10125238e-02 
 1.90797735e+09  1.05567539e-02 
 1.95243999e+09  1.01532852e-02 
 1.99793876e+09  9.78898657e-03 
 2.04449781e+09  9.45842804e-03 
 2.09214185e+09  9.16634462e-03 
 2.14089617e+09  8.92781020e-03 
 2.19078664e+09  8.76385518e-03 
 2.24183974e+09  8.69118391e-03 
 2.29408255e+09  8.71108987e-03 
 2.34754280e+09  8.80718681e-03 
 2.40224887e+09  8.95390309e-03 
 2.45822978e+09  9.12728919e-03 
 2.51551525e+09  9.31066406e-03 
 2.57413567e+09  9.49481520e-03 
 2.63412215e+09  9.67582641e-03 
 2.69550653e+09  9.85281794e-03 
 2.75832139e+09  1.00263752e-02 
 2.82260005e+09  1.01976484e-02 
 2.88837664e+09  1.03679026e-02 
 2.95568605e+09  1.05383206e-02 
 3.02456401e+09  1.07099367e-02 
 3.09504707e+09  1.08836295e-02 
 3.16717263e+09  1.10601395e-02 
 3.24097898e+09  1.12400949e-02 
 3.31650528e+09  1.14240373e-02 
 3.39379160e+09  1.16124467e-02 
 3.47287898e+09  1.18057649e-02 
 3.55380937e+09  1.20044208e-02 
 3.63662572e+09  1.22088628e-02 
 3.72137199e+09  1.24196139e-02 
 3.80809314e+09  1.26373889e-02 
 3.89683521e+09  1.28634187e-02 
 3.98764528e+09  1.31006430e-02 
 4.08057155e+09  1.33609321e-02 
 4.17566333e+09  1.39110323e-02 
 4.27297108e+09  1.37179166e-02 
 4.37254645e+09  1.40224153e-02 
 4.47444228e+09  1.42875848e-02 
 4.57871264e+09  1.45739699e-02 
 4.68541287e+09  1.48624700e-02 
 4.79459960e+09  1.51592024e-02 
 4.90633076e+09  1.54658737e-02 
 5.02066566e+09  1.57838640e-02 
 5.13766496e+09  1.61147537e-02 
 5.25739076e+09  1.64607274e-02 
 5.37990660e+09  1.68252967e-02 
 5.50527749e+09  1.72151458e-02 
 5.63356997e+09  1.76464533e-02 
 5.76485211e+09  1.81837263e-02 
 5.89919360e+09  1.90602129e-02 
 6.03666571e+09  1.69114156e-02 
 6.17734142e+09  1.86628526e-02 
 6.32129537e+09  1.93182868e-02 
 6.46860395e+09  1.99058127e-02 
 6.61934535e+09  2.05212414e-02 
 6.77359956e+09  2.12449421e-02 
 6.93144843e+09  2.25028717e-02 
 7.09297575e+09  2.29277117e-02 
 7.25826722e+09  2.25556278e-02 
 7.42741057e+09  2.45514885e-02 
 7.60049556e+09  2.57091806e-02 
 7.77761404e+09  2.58360377e-02 
 7.95886001e+09  1.88819097e-02 
 8.14432966e+09  2.40794626e-02 
 8.33412140e+09  2.62243106e-02 
 8.52833597e+09  3.11167757e-02 
 8.72707642e+09  1.52374485e-02 
 8.93044823e+09  2.19123431e-02 
 9.13855932e+09  2.39126322e-02 
 9.35152014e+09  2.58107296e-02 
 9.56944371e+09  2.59385510e-02 
 9.79244566e+09  2.68979926e-02 
 1.00206443e+10  2.77787751e-02 
 1.02541609e+10  2.86323168e-02 
 1.04931192e+10  2.94788900e-02 
 1.07376460e+10  3.03299884e-02 
 1.09878712e+10  3.11933596e-02 
 1.12439276e+10  3.20749509e-02 
 1.15059509e+10  3.29799059e-02 
 1.17740804e+10  3.39132248e-02 
 1.20484582e+10  3.48803765e-02 
 1.23292299e+10  3.58881123e-02 
 1.26165447e+10  3.69459140e-02 
 1.29105549e+10  3.80691826e-02 
 1.32114166e+10  3.92877811e-02 
 1.35192894e+10  4.06754192e-02 
 1.38343368e+10  4.25027987e-02 
 1.41567259e+10  4.73926023e-02 
 1.44866277e+10  4.09269141e-02 
 1.48242175e+10  3.94753409e-02 
 1.51696743e+10  4.45957463e-02 
 1.55231815e+10  4.65053823e-02 
 1.58849266e+10  4.82360275e-02 
 1.62551017e+10  4.99680512e-02 
 1.66339032e+10  5.17584588e-02 
 1.70215321e+10  5.36385667e-02 
 1.74181941e+10  5.56312701e-02 
 1.78240998e+10  5.77529233e-02 
 1.82394645e+10  6.00032584e-02 
 1.86645086e+10  6.23289723e-02 
 1.90994578e+10  6.45373755e-02 
 1.95445429e+10  6.62873875e-02 
 2.00000000e+10  6.77586988e-02 
