 1.00000000e+08  1.51832607e-02 
 1.02330354e+08  1.50145706e-02 
 1.04715014e+08  1.48312269e-02 
 1.07155245e+08  1.46332651e-02 
 1.09652342e+08  1.44209011e-02 
 1.12207630e+08  1.41945416e-02 
 1.14822466e+08  1.39547886e-02 
 1.17498236e+08  1.37024388e-02 
 1.20236362e+08  1.34384767e-02 
 1.23038295e+08  1.31640622e-02 
 1.25905523e+08  1.28805129e-02 
 1.28839568e+08  1.25892812e-02 
 1.31841987e+08  1.22919287e-02 
 1.34914372e+08  1.19900973e-02 
 1.38058355e+08  1.16854798e-02 
 1.41275604e+08  1.13797906e-02 
 1.44567827e+08  1.10747375e-02 
 1.47936769e+08  1.07719966e-02 
 1.51384220e+08  1.04731898e-02 
 1.54912009e+08  1.01798664e-02 
 1.58522008e+08  9.89348912e-03 
 1.62216133e+08  9.61542367e-03 
 1.65996343e+08  9.34693392e-03 
 1.69864646e+08  9.08918117e-03 
 1.73823095e+08  8.84322903e-03 
 1.77873789e+08  8.61005494e-03 
 1.82018879e+08  8.39057114e-03 
 1.86260564e+08  8.18566043e-03 
 1.90601095e+08  7.99623775e-03 
 1.95042776e+08  7.82336012e-03 
 1.99587964e+08  7.66843335e-03 
 2.04239071e+08  7.53362614e-03 
 2.08998565e+08  7.42276427e-03 
 2.13868972e+08  7.34344341e-03 
 2.18852877e+08  7.31261295e-03 
 2.23952925e+08  7.37358893e-03 
 2.29171822e+08  7.65819658e-03 
 2.34512337e+08  8.66372683e-03 
 2.39977306e+08  1.21627965e-02 
 2.45569627e+08  1.26530261e-02 
 2.51292270e+08  9.33417675e-03 
 2.57148271e+08  8.14795430e-03 
 2.63140737e+08  7.68922628e-03 
 2.69272848e+08  7.48846229e-03 
 2.75547860e+08  7.40553054e-03 
 2.81969102e+08  7.39102146e-03 
 2.88539981e+08  7.42853558e-03 
 2.95263985e+08  7.52526947e-03 
 3.02144683e+08  7.75992671e-03 
 3.09185725e+08  9.22439378e-03 
 3.16390848e+08  8.03804733e-03 
 3.23763876e+08  7.92188707e-03 
 3.31308722e+08  8.36819502e-03 
 3.39029389e+08  1.14027705e-02 
 3.46929975e+08  8.27210971e-03 
 3.55014673e+08  8.58476128e-03 
 3.63287773e+08  8.52787547e-03 
 3.71753666e+08  8.31748761e-03 
 3.80416844e+08  7.69291628e-03 
 3.89281904e+08  7.91211517e-03 
 3.98353552e+08  8.46087479e-03 
 4.07636602e+08  9.22166485e-03 
 4.17135980e+08  8.63754409e-03 
 4.26856726e+08  8.88796602e-03 
 4.36804001e+08  9.21023227e-03 
 4.46983082e+08  9.57899528e-03 
 4.57399372e+08  1.00219611e-02 
 4.68058398e+08  1.05136781e-02 
 4.78965818e+08  1.11703479e-02 
 4.90127419e+08  1.21747705e-02 
 5.01549125e+08  1.31261510e-02 
 5.13236997e+08  1.55706065e-02 
 5.25197238e+08  1.53853214e-02 
 5.37436195e+08  1.59041197e-02 
 5.49960363e+08  9.14911177e-03 
 5.62776388e+08  1.32125398e-02 
 5.75891073e+08  1.99214547e-02 
 5.89311376e+08  1.74076960e-02 
 6.03044419e+08  7.94269973e-03 
 6.17097492e+08  7.05577670e-03 
 6.31478050e+08  8.29388044e-03 
 6.46193727e+08  9.16402585e-03 
 6.61252331e+08  9.94941190e-03 
 6.76661854e+08  1.09781169e-02 
 6.92430473e+08  1.14463416e-02 
 7.08566557e+08  1.23458715e-02 
 7.25078669e+08  1.33844772e-02 
 7.41975572e+08  1.46478506e-02 
 7.59266232e+08  1.62586630e-02 
 7.76959826e+08  1.83837842e-02 
 7.95065744e+08  2.11886580e-02 
 8.13593593e+08  2.45206286e-02 
 8.32553207e+08  2.69883487e-02 
 8.51954648e+08  2.61969029e-02 
 8.71808210e+08  2.27509579e-02 
 8.92124431e+08  1.93552754e-02 
 9.12914092e+08  1.70406919e-02 
 9.34188226e+08  1.56970592e-02 
 9.55958123e+08  1.50384541e-02 
 9.78235335e+08  1.48607878e-02 
 1.00103169e+09  1.50661489e-02 
 1.02435927e+09  1.56607833e-02 
 1.04823047e+09  1.67815095e-02 
 1.07265796e+09  1.87770818e-02 
 1.09765469e+09  2.22395685e-02 
 1.12323393e+09  2.70185872e-02 
 1.14940927e+09  2.97730578e-02 
 1.17619457e+09  3.00650229e-02 
 1.20360408e+09  3.11868534e-02 
 1.23165232e+09  3.34276888e-02 
 1.26035418e+09  3.56969000e-02 
 1.28972490e+09  3.66622795e-02 
 1.31978006e+09  3.57069908e-02 
 1.35053561e+09  3.34265348e-02 
 1.38200788e+09  3.08246625e-02 
 1.41421356e+09  2.84937593e-02 
 1.44716975e+09  2.65429040e-02 
 1.48089393e+09  2.48534123e-02 
 1.51540401e+09  2.33153257e-02 
 1.55071830e+09  2.19068442e-02 
 1.58685553e+09  2.06469330e-02 
 1.62383489e+09  1.95439336e-02 
 1.66167599e+09  1.85856809e-02 
 1.70039893e+09  1.77489112e-02 
 1.74002425e+09  1.70082161e-02 
 1.78057299e+09  1.63403916e-02 
 1.82206665e+09  1.57258444e-02 
 1.86452726e+09  1.51488019e-02 
 1.90797735e+09  1.45970855e-02 
 1.95243999e+09  1.40615810e-02 
 1.99793876e+09  1.35353195e-02 
 2.04449781e+09  1.30121963e-02 
 2.09214185e+09  1.24858357e-02 
 2.14089617e+09  1.19499701e-02 
 2.19078664e+09  1.14025170e-02 
 2.24183974e+09  1.08548097e-02 
 2.29408255e+09  1.03428408e-02 
 2.34754280e+09  9.92907161e-03 
 2.40224887e+09  9.68092572e-03 
 2.45822978e+09  9.63228069e-03 
 2.51551525e+09  9.76343920e-03 
 2.57413567e+09  1.00198816e-02 
 2.63412215e+09  1.03447648e-02 
 2.69550653e+09  1.06967432e-02 
 2.75832139e+09  1.10514809e-02 
 2.82260005e+09  1.13967494e-02 
 2.88837664e+09  1.17274453e-02 
 2.95568605e+09  1.20422329e-02 
 3.02456401e+09  1.23416161e-02 
 3.09504707e+09  1.26269157e-02 
 3.16717263e+09  1.28997511e-02 
 3.24097898e+09  1.31617897e-02 
 3.31650528e+09  1.34146313e-02 
 3.39379160e+09  1.36597614e-02 
 3.47287898e+09  1.38985388e-02 
 3.55380937e+09  1.41321988e-02 
 3.63662572e+09  1.43618640e-02 
 3.72137199e+09  1.45885583e-02 
 3.80809314e+09  1.48132245e-02 
 3.89683521e+09  1.50367506e-02 
 3.98764528e+09  1.52600737e-02 
 4.08057155e+09  1.54931750e-02 
 4.17566333e+09  1.57066575e-02 
 4.27297108e+09  1.59332011e-02 
 4.37254645e+09  1.61619239e-02 
 4.47444228e+09  1.63936655e-02 
 4.57871264e+09  1.66291338e-02 
 4.68541287e+09  1.68690461e-02 
 4.79459960e+09  1.71141726e-02 
 4.90633076e+09  1.73653852e-02 
 5.02066566e+09  1.76237435e-02 
 5.13766496e+09  1.78906950e-02 
 5.25739076e+09  1.81624613e-02 
 5.37990660e+09  1.84559827e-02 
 5.50527749e+09  1.87631684e-02 
 5.63356997e+09  1.90964898e-02 
 5.76485211e+09  1.94778732e-02 
 5.89919360e+09  1.99828681e-02 
 6.03666571e+09  2.12076638e-02 
 6.17734142e+09  1.84205870e-02 
 6.32129537e+09  1.99081326e-02 
 6.46860395e+09  2.05610990e-02 
 6.61934535e+09  2.09586490e-02 
 6.77359956e+09  2.14497791e-02 
 6.93144843e+09  2.20563756e-02 
 7.09297575e+09  2.22710214e-02 
 7.25826722e+09  2.33874982e-02 
 7.42741057e+09  2.30908780e-02 
 7.60049556e+09  2.51486921e-02 
 7.77761404e+09  2.19455456e-02 
 7.95886001e+09  2.30361871e-02 
 8.14432966e+09  2.43470081e-02 
 8.33412140e+09  2.53632441e-02 
 8.52833597e+09  2.84191524e-02 
 8.72707642e+09  1.90385677e-02 
 8.93044823e+09  2.36718563e-02 
 9.13855932e+09  2.52458971e-02 
 9.35152014e+09  2.39753902e-02 
 9.56944371e+09  2.60032963e-02 
 9.79244566e+09  2.68032393e-02 
 1.00206443e+10  2.74975847e-02 
 1.02541609e+10  2.81620503e-02 
 1.04931192e+10  2.88197328e-02 
 1.07376460e+10  2.94815238e-02 
 1.09878712e+10  3.01539713e-02 
 1.12439276e+10  3.08417997e-02 
 1.15059509e+10  3.15490170e-02 
 1.17740804e+10  3.22795773e-02 
 1.20484582e+10  3.30379656e-02 
 1.23292299e+10  3.38299633e-02 
 1.26165447e+10  3.46639772e-02 
 1.29105549e+10  3.55538316e-02 
 1.32114166e+10  3.65257255e-02 
 1.35192894e+10  3.76397244e-02 
 1.38343368e+10  3.90843668e-02 
 1.41567259e+10  4.21437314e-02 
 1.44866277e+10  3.90359385e-02 
 1.48242175e+10  2.79533407e-02 
 1.51696743e+10  3.83734236e-02 
 1.55231815e+10  4.04764791e-02 
 1.58849266e+10  4.19663977e-02 
 1.62551017e+10  4.33005831e-02 
 1.66339032e+10  4.45933921e-02 
 1.70215321e+10  4.58898521e-02 
 1.74181941e+10  4.72134599e-02 
 1.78240998e+10  4.85796032e-02 
 1.82394645e+10  5.00005227e-02 
 1.86645086e+10  5.14875816e-02 
 1.90994578e+10  5.30525228e-02 
 1.95445429e+10  5.47082200e-02 
 2.00000000e+10  5.64687864e-02 
