 1.00000000e+08  1.52471240e-02 
 1.02330354e+08  1.51074674e-02 
 1.04715014e+08  1.49522726e-02 
 1.07155245e+08  1.47812868e-02 
 1.09652342e+08  1.45944364e-02 
 1.12207630e+08  1.43918438e-02 
 1.14822466e+08  1.41738407e-02 
 1.17498236e+08  1.39409747e-02 
 1.20236362e+08  1.36940101e-02 
 1.23038295e+08  1.34339209e-02 
 1.25905523e+08  1.31618773e-02 
 1.28839568e+08  1.28792259e-02 
 1.31841987e+08  1.25874636e-02 
 1.34914372e+08  1.22882075e-02 
 1.38058355e+08  1.19831617e-02 
 1.41275604e+08  1.16740832e-02 
 1.44567827e+08  1.13627475e-02 
 1.47936769e+08  1.10509162e-02 
 1.51384220e+08  1.07403080e-02 
 1.54912009e+08  1.04325727e-02 
 1.58522008e+08  1.01292704e-02 
 1.62216133e+08  9.83185523e-03 
 1.65996343e+08  9.54166366e-03 
 1.69864646e+08  9.25990755e-03 
 1.73823095e+08  8.98767112e-03 
 1.77873789e+08  8.72591159e-03 
 1.82018879e+08  8.47546289e-03 
 1.86260564e+08  8.23704208e-03 
 1.90601095e+08  8.01125821e-03 
 1.95042776e+08  7.79862355e-03 
 1.99587964e+08  7.59956753e-03 
 2.04239071e+08  7.41445463e-03 
 2.08998565e+08  7.24360805e-03 
 2.13868972e+08  7.08734370e-03 
 2.18852877e+08  6.94602278e-03 
 2.23952925e+08  6.82014010e-03 
 2.29171822e+08  6.71048600e-03 
 2.34512337e+08  6.61847082e-03 
 2.39977306e+08  6.54684403e-03 
 2.45569627e+08  6.50149497e-03 
 2.51292270e+08  6.49672729e-03 
 2.57148271e+08  6.57442124e-03 
 2.63140737e+08  6.89917790e-03 
 2.69272848e+08  8.45796424e-03 
 2.75547860e+08  1.07155675e-02 
 2.81969102e+08  7.86930710e-03 
 2.88539981e+08  8.12252923e-03 
 2.95263985e+08  1.09112730e-02 
 3.02144683e+08  8.48353193e-03 
 3.09185725e+08  7.24570862e-03 
 3.16390848e+08  7.36953157e-03 
 3.23763876e+08  6.95334913e-03 
 3.31308722e+08  7.06286356e-03 
 3.39029389e+08  7.37184088e-03 
 3.46929975e+08  8.05943472e-03 
 3.55014673e+08  9.29864398e-03 
 3.63287773e+08  8.68475259e-03 
 3.71753666e+08  7.89878870e-03 
 3.80416844e+08  8.81394603e-03 
 3.89281904e+08  1.09181177e-02 
 3.98353552e+08  7.75788197e-03 
 4.07636602e+08  7.49602639e-03 
 4.17135980e+08  7.71419340e-03 
 4.26856726e+08  7.84363754e-03 
 4.36804001e+08  8.29953159e-03 
 4.46983082e+08  9.20826484e-03 
 4.57399372e+08  1.12361634e-02 
 4.68058398e+08  1.80117038e-02 
 4.78965818e+08  1.33104496e-02 
 4.90127419e+08  7.85432356e-03 
 5.01549125e+08  7.02155413e-03 
 5.13236997e+08  6.86263763e-03 
 5.25197238e+08  6.63741849e-03 
 5.37436195e+08  6.28217850e-03 
 5.49960363e+08  6.99735107e-03 
 5.62776388e+08  7.15395489e-03 
 5.75891073e+08  7.59361878e-03 
 5.89311376e+08  7.73020033e-03 
 6.03044419e+08  7.60162554e-03 
 6.17097492e+08  7.91336287e-03 
 6.31478050e+08  8.15868088e-03 
 6.46193727e+08  8.56306574e-03 
 6.61252331e+08  8.52371173e-03 
 6.76661854e+08  9.12716169e-03 
 6.92430473e+08  8.98499835e-03 
 7.08566557e+08  9.48365134e-03 
 7.25078669e+08  9.82535044e-03 
 7.41975572e+08  1.02332929e-02 
 7.59266232e+08  1.07328775e-02 
 7.76959826e+08  1.13661598e-02 
 7.95065744e+08  1.21967951e-02 
 8.13593593e+08  1.33010539e-02 
 8.32553207e+08  1.46739539e-02 
 8.51954648e+08  1.58652862e-02 
 8.71808210e+08  1.57207443e-02 
 8.92124431e+08  1.40862991e-02 
 9.12914092e+08  1.23821001e-02 
 9.34188226e+08  1.12896040e-02 
 9.55958123e+08  1.07118184e-02 
 9.78235335e+08  1.04472615e-02 
 1.00103169e+09  1.03661673e-02 
 1.02435927e+09  1.04053275e-02 
 1.04823047e+09  1.05472562e-02 
 1.07265796e+09  1.08123479e-02 
 1.09765469e+09  1.11316006e-02 
 1.12323393e+09  1.15454168e-02 
 1.14940927e+09  1.21735223e-02 
 1.17619457e+09  1.26524366e-02 
 1.20360408e+09  1.27395985e-02 
 1.23165232e+09  1.26548406e-02 
 1.26035418e+09  1.26372691e-02 
 1.28972490e+09  1.27231589e-02 
 1.31978006e+09  1.28827366e-02 
 1.35053561e+09  1.30857139e-02 
 1.38200788e+09  1.33102967e-02 
 1.41421356e+09  1.35438221e-02 
 1.44716975e+09  1.37816346e-02 
 1.48089393e+09  1.40232133e-02 
 1.51540401e+09  1.42696969e-02 
 1.55071830e+09  1.45230709e-02 
 1.58685553e+09  1.47852219e-02 
 1.62383489e+09  1.50572478e-02 
 1.66167599e+09  1.53394394e-02 
 1.70039893e+09  1.56314793e-02 
 1.74002425e+09  1.59323866e-02 
 1.78057299e+09  1.62400077e-02 
 1.82206665e+09  1.65500435e-02 
 1.86452726e+09  1.68551057e-02 
 1.90797735e+09  1.71456639e-02 
 1.95243999e+09  1.74157033e-02 
 1.99793876e+09  1.76709642e-02 
 2.04449781e+09  1.79285521e-02 
 2.09214185e+09  1.82047795e-02 
 2.14089617e+09  1.85062182e-02 
 2.19078664e+09  1.88314792e-02 
 2.24183974e+09  1.91765145e-02 
 2.29408255e+09  1.95377911e-02 
 2.34754280e+09  1.99131171e-02 
 2.40224887e+09  2.03013396e-02 
 2.45822978e+09  2.07018251e-02 
 2.51551525e+09  2.11141471e-02 
 2.57413567e+09  2.15379994e-02 
 2.63412215e+09  2.19732004e-02 
 2.69550653e+09  2.24196981e-02 
 2.75832139e+09  2.28775580e-02 
 2.82260005e+09  2.33469393e-02 
 2.88837664e+09  2.38280728e-02 
 2.95568605e+09  2.43212419e-02 
 3.02456401e+09  2.48267695e-02 
 3.09504707e+09  2.53450094e-02 
 3.16717263e+09  2.58763415e-02 
 3.24097898e+09  2.64211702e-02 
 3.31650528e+09  2.69799256e-02 
 3.39379160e+09  2.75530672e-02 
 3.47287898e+09  2.81410932e-02 
 3.55380937e+09  2.87445562e-02 
 3.63662572e+09  2.93640956e-02 
 3.72137199e+09  3.00005035e-02 
 3.80809314e+09  3.06548828e-02 
 3.89683521e+09  3.13290912e-02 
 3.98764528e+09  3.20273711e-02 
 4.08057155e+09  3.27660712e-02 
 4.17566333e+09  3.38925757e-02 
 4.27297108e+09  3.40575519e-02 
 4.37254645e+09  3.49174802e-02 
 4.47444228e+09  3.55561557e-02 
 4.57871264e+09  3.64359871e-02 
 4.68541287e+09  3.72778805e-02 
 4.79459960e+09  3.81351526e-02 
 4.90633076e+09  3.90143971e-02 
 5.02066566e+09  3.99187153e-02 
 5.13766496e+09  4.08507392e-02 
 5.25739076e+09  4.18135302e-02 
 5.37990660e+09  4.28114845e-02 
 5.50527749e+09  4.38524768e-02 
 5.63356997e+09  4.49563546e-02 
 5.76485211e+09  4.62389974e-02 
 5.89919360e+09  4.72567914e-02 
 6.03666571e+09  4.67012023e-02 
 6.17734142e+09  4.90991353e-02 
 6.32129537e+09  5.05402463e-02 
 6.46860395e+09  5.20164660e-02 
 6.61934535e+09  5.36564701e-02 
 6.77359956e+09  5.57217664e-02 
 6.93144843e+09  5.98386947e-02 
 7.09297575e+09  5.72956900e-02 
 7.25826722e+09  5.69653302e-02 
 7.42741057e+09  6.23982699e-02 
 7.60049556e+09  6.12550889e-02 
 7.77761404e+09  5.61726910e-02 
 7.95886001e+09  6.00162527e-02 
 8.14432966e+09  6.97351491e-02 
 8.33412140e+09  6.71976856e-02 
 8.52833597e+09  6.23547988e-02 
 8.72707642e+09  5.32766911e-02 
 8.93044823e+09  6.35799195e-02 
 9.13855932e+09  6.70068337e-02 
 9.35152014e+09  6.96939825e-02 
 9.56944371e+09  7.17874409e-02 
 9.79244566e+09  7.39583856e-02 
 1.00206443e+10  7.60814671e-02 
 1.02541609e+10  7.81995218e-02 
 1.04931192e+10  8.03361596e-02 
 1.07376460e+10  8.25071901e-02 
 1.09878712e+10  8.47248611e-02 
 1.12439276e+10  8.70000586e-02 
 1.15059509e+10  8.93438236e-02 
 1.17740804e+10  9.17688222e-02 
 1.20484582e+10  9.42913223e-02 
 1.23292299e+10  9.69345517e-02 
 1.26165447e+10  9.97354041e-02 
 1.29105549e+10  1.02759857e-01 
 1.32114166e+10  1.06144815e-01 
 1.35192894e+10  1.10242077e-01 
 1.38343368e+10  1.16362527e-01 
 1.41567259e+10  1.36927159e-01 
 1.44866277e+10  1.01501910e-01 
 1.48242175e+10  8.86937400e-02 
 1.51696743e+10  1.13128911e-01 
 1.55231815e+10  1.18785372e-01 
 1.58849266e+10  1.23238169e-01 
 1.62551017e+10  1.27379561e-01 
 1.66339032e+10  1.31455013e-01 
 1.70215321e+10  1.35567835e-01 
 1.74181941e+10  1.39765550e-01 
 1.78240998e+10  1.44048452e-01 
 1.82394645e+10  1.48325215e-01 
 1.86645086e+10  1.52267576e-01 
 1.90994578e+10  1.55007809e-01 
 1.95445429e+10  1.55271125e-01 
 2.00000000e+10  1.54107407e-01 
