 1.00000000e+08  1.72886874e-02 
 1.02330354e+08  1.72277412e-02 
 1.04715014e+08  1.71500645e-02 
 1.07155245e+08  1.70543849e-02 
 1.09652342e+08  1.69395300e-02 
 1.12207630e+08  1.68044704e-02 
 1.14822466e+08  1.66483648e-02 
 1.17498236e+08  1.64706035e-02 
 1.20236362e+08  1.62708507e-02 
 1.23038295e+08  1.60490790e-02 
 1.25905523e+08  1.58055968e-02 
 1.28839568e+08  1.55410640e-02 
 1.31841987e+08  1.52564950e-02 
 1.34914372e+08  1.49532480e-02 
 1.38058355e+08  1.46330002e-02 
 1.41275604e+08  1.42977102e-02 
 1.44567827e+08  1.39495704e-02 
 1.47936769e+08  1.35909506e-02 
 1.51384220e+08  1.32243385e-02 
 1.54912009e+08  1.28522780e-02 
 1.58522008e+08  1.24773109e-02 
 1.62216133e+08  1.21019234e-02 
 1.65996343e+08  1.17284999e-02 
 1.69864646e+08  1.13592856e-02 
 1.73823095e+08  1.09963588e-02 
 1.77873789e+08  1.06416114e-02 
 1.82018879e+08  1.02967394e-02 
 1.86260564e+08  9.96324087e-03 
 1.90601095e+08  9.64241997e-03 
 1.95042776e+08  9.33539840e-03 
 1.99587964e+08  9.04313152e-03 
 2.04239071e+08  8.76643048e-03 
 2.08998565e+08  8.50599141e-03 
 2.13868972e+08  8.26243494e-03 
 2.18852877e+08  8.03636324e-03 
 2.23952925e+08  7.82844864e-03 
 2.29171822e+08  7.63958348e-03 
 2.34512337e+08  7.47115446e-03 
 2.39977306e+08  7.32558735e-03 
 2.45569627e+08  7.20752672e-03 
 2.51292270e+08  7.12666876e-03 
 2.57148271e+08  7.10554110e-03 
 2.63140737e+08  7.20544838e-03 
 2.69272848e+08  7.64577317e-03 
 2.75547860e+08  9.49283993e-03 
 2.81969102e+08  1.10881165e-02 
 2.88539981e+08  1.64456904e-02 
 2.95263985e+08  1.11881254e-02 
 3.02144683e+08  8.75634061e-03 
 3.09185725e+08  7.87788079e-03 
 3.16390848e+08  7.49374796e-03 
 3.23763876e+08  7.31648775e-03 
 3.31308722e+08  7.25398518e-03 
 3.39029389e+08  7.28426095e-03 
 3.46929975e+08  7.45470936e-03 
 3.55014673e+08  8.16545739e-03 
 3.63287773e+08  1.17009157e-02 
 3.71753666e+08  7.97133360e-03 
 3.80416844e+08  7.79037930e-03 
 3.89281904e+08  8.26306973e-03 
 3.98353552e+08  9.91141064e-03 
 4.07636602e+08  1.27529558e-02 
 4.17135980e+08  8.40862226e-03 
 4.26856726e+08  7.82782488e-03 
 4.36804001e+08  7.98118790e-03 
 4.46983082e+08  8.68728563e-03 
 4.57399372e+08  9.57672740e-03 
 4.68058398e+08  1.09649069e-02 
 4.78965818e+08  1.04120230e-02 
 4.90127419e+08  1.00223229e-02 
 5.01549125e+08  7.93577065e-03 
 5.13236997e+08  8.30252127e-03 
 5.25197238e+08  8.87134331e-03 
 5.37436195e+08  9.35113005e-03 
 5.49960363e+08  7.84867322e-03 
 5.62776388e+08  7.69155388e-03 
 5.75891073e+08  8.31053548e-03 
 5.89311376e+08  7.69576928e-03 
 6.03044419e+08  8.27873116e-03 
 6.17097492e+08  8.66875515e-03 
 6.31478050e+08  8.75637312e-03 
 6.46193727e+08  9.08876026e-03 
 6.61252331e+08  9.43715297e-03 
 6.76661854e+08  9.33147210e-03 
 6.92430473e+08  1.00466251e-02 
 7.08566557e+08  1.04151705e-02 
 7.25078669e+08  1.08968816e-02 
 7.41975572e+08  1.14848683e-02 
 7.59266232e+08  1.22262216e-02 
 7.76959826e+08  1.31838011e-02 
 7.95065744e+08  1.44016169e-02 
 8.13593593e+08  1.57472555e-02 
 8.32553207e+08  1.65593919e-02 
 8.51954648e+08  1.59218588e-02 
 8.71808210e+08  1.42457831e-02 
 8.92124431e+08  1.27122374e-02 
 9.12914092e+08  1.17299331e-02 
 9.34188226e+08  1.11975740e-02 
 9.55958123e+08  1.09569385e-02 
 9.78235335e+08  1.09125833e-02 
 1.00103169e+09  1.10517041e-02 
 1.02435927e+09  1.15029529e-02 
 1.04823047e+09  1.17582062e-02 
 1.07265796e+09  1.16030096e-02 
 1.09765469e+09  1.19086404e-02 
 1.12323393e+09  1.23769587e-02 
 1.14940927e+09  1.29446189e-02 
 1.17619457e+09  1.35194578e-02 
 1.20360408e+09  1.39965593e-02 
 1.23165232e+09  1.42698807e-02 
 1.26035418e+09  1.43219985e-02 
 1.28972490e+09  1.42540840e-02 
 1.31978006e+09  1.41888923e-02 
 1.35053561e+09  1.41906324e-02 
 1.38200788e+09  1.42696481e-02 
 1.41421356e+09  1.44123031e-02 
 1.44716975e+09  1.45992817e-02 
 1.48089393e+09  1.48130269e-02 
 1.51540401e+09  1.50403811e-02 
 1.55071830e+09  1.52728581e-02 
 1.58685553e+09  1.55057038e-02 
 1.62383489e+09  1.57369295e-02 
 1.66167599e+09  1.59667932e-02 
 1.70039893e+09  1.61973447e-02 
 1.74002425e+09  1.64316044e-02 
 1.78057299e+09  1.66725392e-02 
 1.82206665e+09  1.69223237e-02 
 1.86452726e+09  1.71821269e-02 
 1.90797735e+09  1.74522837e-02 
 1.95243999e+09  1.77325853e-02 
 1.99793876e+09  1.80225148e-02 
 2.04449781e+09  1.83213763e-02 
 2.09214185e+09  1.86283385e-02 
 2.14089617e+09  1.89424723e-02 
 2.19078664e+09  1.92629241e-02 
 2.24183974e+09  1.95893939e-02 
 2.29408255e+09  1.99228247e-02 
 2.34754280e+09  2.02655629e-02 
 2.40224887e+09  2.06202880e-02 
 2.45822978e+09  2.09885469e-02 
 2.51551525e+09  2.13704008e-02 
 2.57413567e+09  2.17651356e-02 
 2.63412215e+09  2.21720070e-02 
 2.69550653e+09  2.25905631e-02 
 2.75832139e+09  2.30206694e-02 
 2.82260005e+09  2.34624343e-02 
 2.88837664e+09  2.39161347e-02 
 2.95568605e+09  2.43821686e-02 
 3.02456401e+09  2.48610338e-02 
 3.09504707e+09  2.53533349e-02 
 3.16717263e+09  2.58598211e-02 
 3.24097898e+09  2.63814856e-02 
 3.31650528e+09  2.69198055e-02 
 3.39379160e+09  2.74774124e-02 
 3.47287898e+09  2.80604458e-02 
 3.55380937e+09  2.86911321e-02 
 3.63662572e+09  2.96154474e-02 
 3.72137199e+09  2.95046183e-02 
 3.80809314e+09  3.03005188e-02 
 3.89683521e+09  3.09935393e-02 
 3.98764528e+09  3.16885259e-02 
 4.08057155e+09  3.24059737e-02 
 4.17566333e+09  3.31720488e-02 
 4.27297108e+09  3.42430939e-02 
 4.37254645e+09  3.42967433e-02 
 4.47444228e+09  3.52378128e-02 
 4.57871264e+09  3.60924991e-02 
 4.68541287e+09  3.69619724e-02 
 4.79459960e+09  3.78757471e-02 
 4.90633076e+09  3.87259661e-02 
 5.02066566e+09  3.97723383e-02 
 5.13766496e+09  4.08773599e-02 
 5.25739076e+09  4.21847090e-02 
 5.37990660e+09  4.43267418e-02 
 5.50527749e+09  3.80186457e-02 
 5.63356997e+09  4.34546198e-02 
 5.76485211e+09  4.53664325e-02 
 5.89919360e+09  4.69327448e-02 
 6.03666571e+09  5.07287863e-02 
 6.17734142e+09  4.93797666e-02 
 6.32129537e+09  4.83983188e-02 
 6.46860395e+09  5.16821335e-02 
 6.61934535e+09  5.42650090e-02 
 6.77359956e+09  5.77268303e-02 
 6.93144843e+09  5.52673509e-02 
 7.09297575e+09  5.56449987e-02 
 7.25826722e+09  5.47890089e-02 
 7.42741057e+09  6.16586924e-02 
 7.60049556e+09  6.96816962e-02 
 7.77761404e+09  4.30899041e-02 
 7.95886001e+09  5.97933447e-02 
 8.14432966e+09  6.13295124e-02 
 8.33412140e+09  7.47490408e-02 
 8.52833597e+09  3.47325964e-02 
 8.72707642e+09  4.29218153e-02 
 8.93044823e+09  5.47612623e-02 
 9.13855932e+09  5.97573248e-02 
 9.35152014e+09  6.31572234e-02 
 9.56944371e+09  6.59399945e-02 
 9.79244566e+09  6.83538341e-02 
 1.00206443e+10  7.08515243e-02 
 1.02541609e+10  7.32861969e-02 
 1.04931192e+10  7.57137526e-02 
 1.07376460e+10  7.81759915e-02 
 1.09878712e+10  8.07026329e-02 
 1.12439276e+10  8.33209774e-02 
 1.15059509e+10  8.60598172e-02 
 1.17740804e+10  8.89525976e-02 
 1.20484582e+10  9.20407879e-02 
 1.23292299e+10  9.53776623e-02 
 1.26165447e+10  9.90310939e-02 
 1.29105549e+10  1.03076732e-01 
 1.32114166e+10  1.07535294e-01 
 1.35192894e+10  1.11972904e-01 
 1.38343368e+10  1.12599785e-01 
 1.41567259e+10  8.51662635e-02 
 1.44866277e+10  8.81359673e-02 
 1.48242175e+10  1.00240118e-01 
 1.51696743e+10  8.72805886e-02 
 1.55231815e+10  1.02270631e-01 
 1.58849266e+10  1.04755188e-01 
 1.62551017e+10  1.07060279e-01 
 1.66339032e+10  1.10414694e-01 
 1.70215321e+10  1.14298322e-01 
 1.74181941e+10  1.18412905e-01 
 1.78240998e+10  1.22647694e-01 
 1.82394645e+10  1.26974418e-01 
 1.86645086e+10  1.31398076e-01 
 1.90994578e+10  1.35936692e-01 
 1.95445429e+10  1.40611826e-01 
 2.00000000e+10  1.45439768e-01 
