 1.00000000e+08  2.03116677e-02 
 1.02330354e+08  2.05134356e-02 
 1.04715014e+08  2.07238023e-02 
 1.07155245e+08  2.09431785e-02 
 1.09652342e+08  2.11719989e-02 
 1.12207630e+08  2.14107231e-02 
 1.14822466e+08  2.16598366e-02 
 1.17498236e+08  2.19198519e-02 
 1.20236362e+08  2.21913092e-02 
 1.23038295e+08  2.24747761e-02 
 1.25905523e+08  2.27708484e-02 
 1.28839568e+08  2.30801482e-02 
 1.31841987e+08  2.34033231e-02 
 1.34914372e+08  2.37410424e-02 
 1.38058355e+08  2.40939935e-02 
 1.41275604e+08  2.44628745e-02 
 1.44567827e+08  2.48483859e-02 
 1.47936769e+08  2.52512174e-02 
 1.51384220e+08  2.56720312e-02 
 1.54912009e+08  2.61114394e-02 
 1.58522008e+08  2.65699742e-02 
 1.62216133e+08  2.70480490e-02 
 1.65996343e+08  2.75459082e-02 
 1.69864646e+08  2.80635630e-02 
 1.73823095e+08  2.86007091e-02 
 1.77873789e+08  2.91566239e-02 
 1.82018879e+08  2.97300381e-02 
 1.86260564e+08  3.03189785e-02 
 1.90601095e+08  3.09205780e-02 
 1.95042776e+08  3.15308511e-02 
 1.99587964e+08  3.21444383e-02 
 2.04239071e+08  3.27543234e-02 
 2.08998565e+08  3.33515440e-02 
 2.13868972e+08  3.39249204e-02 
 2.18852877e+08  3.44608518e-02 
 2.23952925e+08  3.49432423e-02 
 2.29171822e+08  3.53536428e-02 
 2.34512337e+08  3.56716986e-02 
 2.39977306e+08  3.58759900e-02 
 2.45569627e+08  3.59453078e-02 
 2.51292270e+08  3.58603303e-02 
 2.57148271e+08  3.56055545e-02 
 2.63140737e+08  3.51712161e-02 
 2.69272848e+08  3.45548467e-02 
 2.75547860e+08  3.37621216e-02 
 2.81969102e+08  3.28067638e-02 
 2.88539981e+08  3.17094740e-02 
 2.95263985e+08  3.04960816e-02 
 3.02144683e+08  2.91952771e-02 
 3.09185725e+08  2.78363369e-02 
 3.16390848e+08  2.64471816e-02 
 3.23763876e+08  2.50529738e-02 
 3.31308722e+08  2.36753100e-02 
 3.39029389e+08  2.23319442e-02 
 3.46929975e+08  2.10369197e-02 
 3.55014673e+08  1.98009675e-02 
 3.63287773e+08  1.86320475e-02 
 3.71753666e+08  1.75359380e-02 
 3.80416844e+08  1.65168118e-02 
 3.89281904e+08  1.55777665e-02 
 3.98353552e+08  1.47212957e-02 
 4.07636602e+08  1.39497105e-02 
 4.17135980e+08  1.32655312e-02 
 4.26856726e+08  1.26718970e-02 
 4.36804001e+08  1.21730868e-02 
 4.46983082e+08  1.17753382e-02 
 4.57399372e+08  1.14883950e-02 
 4.68058398e+08  1.13288304e-02 
 4.78965818e+08  1.13280427e-02 
 4.90127419e+08  1.15541870e-02 
 5.01549125e+08  1.21838750e-02 
 5.13236997e+08  1.37981839e-02 
 5.25197238e+08  1.87199624e-02 
 5.37436195e+08  2.03597849e-02 
 5.49960363e+08  1.33015318e-02 
 5.62776388e+08  1.21830883e-02 
 5.75891073e+08  1.27845869e-02 
 5.89311376e+08  1.36844220e-02 
 6.03044419e+08  1.43076574e-02 
 6.17097492e+08  1.59518605e-02 
 6.31478050e+08  1.89006432e-02 
 6.46193727e+08  2.47473220e-02 
 6.61252331e+08  1.67421436e-02 
 6.76661854e+08  1.93478006e-02 
 6.92430473e+08  2.42608266e-02 
 7.08566557e+08  3.10870631e-02 
 7.25078669e+08  3.83623332e-02 
 7.41975572e+08  3.39035929e-02 
 7.59266232e+08  2.04959041e-02 
 7.76959826e+08  1.79845468e-02 
 7.95065744e+08  2.59868579e-02 
 8.13593593e+08  3.37095427e-02 
 8.32553207e+08  3.39014957e-02 
 8.51954648e+08  2.94283716e-02 
 8.71808210e+08  2.37094327e-02 
 8.92124431e+08  2.14872826e-02 
 9.12914092e+08  2.54557574e-02 
 9.34188226e+08  2.04140753e-02 
 9.55958123e+08  1.85935965e-02 
 9.78235335e+08  2.71988403e-02 
 1.00103169e+09  2.44917546e-02 
 1.02435927e+09  2.25707446e-02 
 1.04823047e+09  2.07688310e-02 
 1.07265796e+09  1.89831446e-02 
 1.09765469e+09  1.88987681e-02 
 1.12323393e+09  2.22042253e-02 
 1.14940927e+09  2.63204120e-02 
 1.17619457e+09  2.94797543e-02 
 1.20360408e+09  3.17846879e-02 
 1.23165232e+09  3.33429402e-02 
 1.26035418e+09  3.34931339e-02 
 1.28972490e+09  2.86726406e-02 
 1.31978006e+09  2.47251659e-02 
 1.35053561e+09  3.69802220e-02 
 1.38200788e+09  3.87475513e-02 
 1.41421356e+09  3.80392829e-02 
 1.44716975e+09  3.66272861e-02 
 1.48089393e+09  3.50938481e-02 
 1.51540401e+09  3.37292702e-02 
 1.55071830e+09  3.26772144e-02 
 1.58685553e+09  3.19916853e-02 
 1.62383489e+09  3.16715529e-02 
 1.66167599e+09  3.16784287e-02 
 1.70039893e+09  3.19407893e-02 
 1.74002425e+09  3.23492159e-02 
 1.78057299e+09  3.27514970e-02 
 1.82206665e+09  3.29622365e-02 
 1.86452726e+09  3.28021227e-02 
 1.90797735e+09  3.21629139e-02 
 1.95243999e+09  3.10592081e-02 
 1.99793876e+09  2.96213401e-02 
 2.04449781e+09  2.80322840e-02 
 2.09214185e+09  2.64585609e-02 
 2.14089617e+09  2.50144164e-02 
 2.19078664e+09  2.37600776e-02 
 2.24183974e+09  2.27161432e-02 
 2.29408255e+09  2.18795717e-02 
 2.34754280e+09  2.12353625e-02 
 2.40224887e+09  2.07633436e-02 
 2.45822978e+09  2.04414110e-02 
 2.51551525e+09  2.02468767e-02 
 2.57413567e+09  2.01573232e-02 
 2.63412215e+09  2.01518027e-02 
 2.69550653e+09  2.02124543e-02 
 2.75832139e+09  2.03260349e-02 
 2.82260005e+09  2.04848810e-02 
 2.88837664e+09  2.06875300e-02 
 2.95568605e+09  2.09402648e-02 
 3.02456401e+09  2.12623725e-02 
 3.09504707e+09  2.16886612e-02 
 3.16717263e+09  2.05690549e-02 
 3.24097898e+09  2.13505853e-02 
 3.31650528e+09  2.25865225e-02 
 3.39379160e+09  2.06445243e-02 
 3.47287898e+09  2.17542925e-02 
 3.55380937e+09  2.25381316e-02 
 3.63662572e+09  2.32369148e-02 
 3.72137199e+09  2.39978357e-02 
 3.80809314e+09  2.56350541e-02 
 3.89683521e+09  2.52738106e-02 
 3.98764528e+09  2.65726401e-02 
 4.08057155e+09  2.88608353e-02 
 4.17566333e+09  2.20469773e-02 
 4.27297108e+09  2.74566354e-02 
 4.37254645e+09  2.98237920e-02 
 4.47444228e+09  3.26371157e-02 
 4.57871264e+09  3.67396915e-02 
 4.68541287e+09  3.64732633e-02 
 4.79459960e+09  2.52377326e-02 
 4.90633076e+09  4.05952597e-02 
 5.02066566e+09  2.71906815e-02 
 5.13766496e+09  3.49877074e-02 
 5.25739076e+09  4.16037081e-02 
 5.37990660e+09  4.94542400e-02 
 5.50527749e+09  5.58784519e-02 
 5.63356997e+09  4.03031914e-02 
 5.76485211e+09  6.72187355e-02 
 5.89919360e+09  5.79263495e-02 
 6.03666571e+09  4.45644978e-02 
 6.17734142e+09  2.85280893e-02 
 6.32129537e+09  2.73411552e-02 
 6.46860395e+09  3.56735043e-02 
 6.61934535e+09  3.60122045e-02 
 6.77359956e+09  3.30589352e-02 
 6.93144843e+09  3.10620907e-02 
 7.09297575e+09  3.32898818e-02 
 7.25826722e+09  2.14792981e-02 
 7.42741057e+09  3.14302558e-02 
 7.60049556e+09  1.20499367e-02 
 7.77761404e+09  2.72229598e-02 
 7.95886001e+09  1.85625740e-02 
 8.14432966e+09  2.40579927e-02 
 8.33412140e+09  2.70486639e-02 
 8.52833597e+09  2.68806452e-02 
 8.72707642e+09  2.62327718e-02 
 8.93044823e+09  2.86870554e-02 
 9.13855932e+09  2.95188608e-02 
 9.35152014e+09  3.01957175e-02 
 9.56944371e+09  3.11392174e-02 
 9.79244566e+09  3.19561075e-02 
 1.00206443e+10  3.35034689e-02 
 1.02541609e+10  3.48367858e-02 
 1.04931192e+10  3.61908917e-02 
 1.07376460e+10  3.76204806e-02 
 1.09878712e+10  3.91612403e-02 
 1.12439276e+10  4.08477042e-02 
 1.15059509e+10  4.27139274e-02 
 1.17740804e+10  4.47776274e-02 
 1.20484582e+10  4.69766843e-02 
 1.23292299e+10  4.89701413e-02 
 1.26165447e+10  4.97310001e-02 
 1.29105549e+10  4.77657345e-02 
 1.32114166e+10  4.38530254e-02 
 1.35192894e+10  4.12739372e-02 
 1.38343368e+10  4.11052100e-02 
 1.41567259e+10  4.26417632e-02 
 1.44866277e+10  4.69179186e-02 
 1.48242175e+10  4.90827436e-02 
 1.51696743e+10  4.95159849e-02 
 1.55231815e+10  4.82919094e-02 
 1.58849266e+10  5.26532606e-02 
 1.62551017e+10  5.52523143e-02 
 1.66339032e+10  5.77735580e-02 
 1.70215321e+10  6.04232288e-02 
 1.74181941e+10  6.32590413e-02 
 1.78240998e+10  6.63237971e-02 
 1.82394645e+10  6.96655043e-02 
 1.86645086e+10  7.33436915e-02 
 1.90994578e+10  7.74346247e-02 
 1.95445429e+10  8.20381173e-02 
 2.00000000e+10  8.72873241e-02 
