 1.00000000e+08  1.96929522e-02 
 1.02330354e+08  1.98708932e-02 
 1.04715014e+08  2.00576782e-02 
 1.07155245e+08  2.02537796e-02 
 1.09652342e+08  2.04596964e-02 
 1.12207630e+08  2.06759551e-02 
 1.14822466e+08  2.09031116e-02 
 1.17498236e+08  2.11417514e-02 
 1.20236362e+08  2.13924911e-02 
 1.23038295e+08  2.16559787e-02 
 1.25905523e+08  2.19328935e-02 
 1.28839568e+08  2.22239460e-02 
 1.31841987e+08  2.25298763e-02 
 1.34914372e+08  2.28514516e-02 
 1.38058355e+08  2.31894627e-02 
 1.41275604e+08  2.35447176e-02 
 1.44567827e+08  2.39180339e-02 
 1.47936769e+08  2.43102262e-02 
 1.51384220e+08  2.47220912e-02 
 1.54912009e+08  2.51543851e-02 
 1.58522008e+08  2.56077962e-02 
 1.62216133e+08  2.60829067e-02 
 1.65996343e+08  2.65801440e-02 
 1.69864646e+08  2.70997181e-02 
 1.73823095e+08  2.76415405e-02 
 1.77873789e+08  2.82051226e-02 
 1.82018879e+08  2.87894479e-02 
 1.86260564e+08  2.93928147e-02 
 1.90601095e+08  3.00126444e-02 
 1.95042776e+08  3.06452548e-02 
 1.99587964e+08  3.12855974e-02 
 2.04239071e+08  3.19269669e-02 
 2.08998565e+08  3.25606968e-02 
 2.13868972e+08  3.31758687e-02 
 2.18852877e+08  3.37590819e-02 
 2.23952925e+08  3.42943455e-02 
 2.29171822e+08  3.47631778e-02 
 2.34512337e+08  3.51450086e-02 
 2.39977306e+08  3.54179719e-02 
 2.45569627e+08  3.55601403e-02 
 2.51292270e+08  3.55511760e-02 
 2.57148271e+08  3.53742608e-02 
 2.63140737e+08  3.50180469e-02 
 2.69272848e+08  3.44782794e-02 
 2.75547860e+08  3.37587378e-02 
 2.81969102e+08  3.28712490e-02 
 2.88539981e+08  3.18347225e-02 
 2.95263985e+08  3.06733860e-02 
 3.02144683e+08  2.94145685e-02 
 3.09185725e+08  2.80864360e-02 
 3.16390848e+08  2.67160285e-02 
 3.23763876e+08  2.53278103e-02 
 3.31308722e+08  2.39427997e-02 
 3.39029389e+08  2.25782286e-02 
 3.46929975e+08  2.12476135e-02 
 3.55014673e+08  1.99611035e-02 
 3.63287773e+08  1.87259840e-02 
 3.71753666e+08  1.75472448e-02 
 3.80416844e+08  1.64281562e-02 
 3.89281904e+08  1.53708254e-02 
 3.98353552e+08  1.43767347e-02 
 4.07636602e+08  1.34472877e-02 
 4.17135980e+08  1.25844215e-02 
 4.26856726e+08  1.17913943e-02 
 4.36804001e+08  1.10739540e-02 
 4.46983082e+08  1.04423118e-02 
 4.57399372e+08  9.91485156e-03 
 4.68058398e+08  9.52582104e-03 
 4.78965818e+08  9.34301204e-03 
 4.90127419e+08  9.51364069e-03 
 5.01549125e+08  1.04035446e-02 
 5.13236997e+08  1.31179077e-02 
 5.25197238e+08  2.16599632e-02 
 5.37436195e+08  2.65467970e-02 
 5.49960363e+08  1.42539417e-02 
 5.62776388e+08  1.03423632e-02 
 5.75891073e+08  1.16461397e-02 
 5.89311376e+08  1.51786191e-02 
 6.03044419e+08  1.00878296e-02 
 6.17097492e+08  1.06963827e-02 
 6.31478050e+08  1.25656414e-02 
 6.46193727e+08  1.80344893e-02 
 6.61252331e+08  1.04184117e-02 
 6.76661854e+08  7.28244515e-03 
 6.92430473e+08  1.11337593e-02 
 7.08566557e+08  1.64505376e-02 
 7.25078669e+08  2.31104918e-02 
 7.41975572e+08  2.35012191e-02 
 7.59266232e+08  1.57274130e-02 
 7.76959826e+08  1.03180708e-02 
 7.95065744e+08  1.15079137e-02 
 8.13593593e+08  1.64557261e-02 
 8.32553207e+08  1.87585575e-02 
 8.51954648e+08  1.82399114e-02 
 8.71808210e+08  1.67991695e-02 
 8.92124431e+08  1.35276176e-02 
 9.12914092e+08  1.50017479e-02 
 9.34188226e+08  1.38832497e-02 
 9.55958123e+08  1.40403102e-02 
 9.78235335e+08  1.83468389e-02 
 1.00103169e+09  1.70847584e-02 
 1.02435927e+09  1.62858286e-02 
 1.04823047e+09  1.54752177e-02 
 1.07265796e+09  1.44141519e-02 
 1.09765469e+09  1.36907123e-02 
 1.12323393e+09  1.46932341e-02 
 1.14940927e+09  1.68128314e-02 
 1.17619457e+09  1.88235335e-02 
 1.20360408e+09  2.05726466e-02 
 1.23165232e+09  2.22292889e-02 
 1.26035418e+09  2.39063018e-02 
 1.28972490e+09  2.47370135e-02 
 1.31978006e+09  1.57481549e-02 
 1.35053561e+09  1.50221054e-02 
 1.38200788e+09  1.74720532e-02 
 1.41421356e+09  1.83170361e-02 
 1.44716975e+09  1.84933893e-02 
 1.48089393e+09  1.84371497e-02 
 1.51540401e+09  1.83448357e-02 
 1.55071830e+09  1.83001910e-02 
 1.58685553e+09  1.83304000e-02 
 1.62383489e+09  1.84357446e-02 
 1.66167599e+09  1.86052268e-02 
 1.70039893e+09  1.88243209e-02 
 1.74002425e+09  1.90788801e-02 
 1.78057299e+09  1.93577932e-02 
 1.82206665e+09  1.96556369e-02 
 1.86452726e+09  1.99747573e-02 
 1.90797735e+09  2.03245039e-02 
 1.95243999e+09  2.07162619e-02 
 1.99793876e+09  2.11571324e-02 
 2.04449781e+09  2.16471585e-02 
 2.09214185e+09  2.21812210e-02 
 2.14089617e+09  2.27526283e-02 
 2.19078664e+09  2.33556636e-02 
 2.24183974e+09  2.39865464e-02 
 2.29408255e+09  2.46434265e-02 
 2.34754280e+09  2.53260277e-02 
 2.40224887e+09  2.60352150e-02 
 2.45822978e+09  2.67724912e-02 
 2.51551525e+09  2.75393398e-02 
 2.57413567e+09  2.83365530e-02 
 2.63412215e+09  2.91643724e-02 
 2.69550653e+09  3.00252660e-02 
 2.75832139e+09  3.09310730e-02 
 2.82260005e+09  3.19133987e-02 
 2.88837664e+09  3.30338558e-02 
 2.95568605e+09  3.43993101e-02 
 3.02456401e+09  3.62141805e-02 
 3.09504707e+09  3.89348408e-02 
 3.16717263e+09  3.50768120e-02 
 3.24097898e+09  3.84517074e-02 
 3.31650528e+09  5.53000119e-02 
 3.39379160e+09  2.02277361e-02 
 3.47287898e+09  2.71629266e-02 
 3.55380937e+09  3.15582911e-02 
 3.63662572e+09  3.44499455e-02 
 3.72137199e+09  3.68404015e-02 
 3.80809314e+09  3.92184450e-02 
 3.89683521e+09  4.14649919e-02 
 3.98764528e+09  4.46471656e-02 
 4.08057155e+09  5.11460035e-02 
 4.17566333e+09  2.63477539e-02 
 4.27297108e+09  4.25786634e-02 
 4.37254645e+09  4.78651743e-02 
 4.47444228e+09  5.26390324e-02 
 4.57871264e+09  5.95144827e-02 
 4.68541287e+09  5.70618383e-02 
 4.79459960e+09  3.59234901e-02 
 4.90633076e+09  5.67578951e-02 
 5.02066566e+09  3.60438057e-02 
 5.13766496e+09  4.88550018e-02 
 5.25739076e+09  5.63280303e-02 
 5.37990660e+09  6.36006167e-02 
 5.50527749e+09  6.71103735e-02 
 5.63356997e+09  5.22709546e-02 
 5.76485211e+09  7.21707516e-02 
 5.89919360e+09  6.66318108e-02 
 6.03666571e+09  6.04400295e-02 
 6.17734142e+09  5.88749738e-02 
 6.32129537e+09  5.71226107e-02 
 6.46860395e+09  4.57969073e-02 
 6.61934535e+09  4.91809122e-02 
 6.77359956e+09  7.40223428e-02 
 6.93144843e+09  1.16510785e-01 
 7.09297575e+09  4.55354295e-02 
 7.25826722e+09  8.51792533e-02 
 7.42741057e+09  5.63881946e-02 
 7.60049556e+09  5.55508690e-02 
 7.77761404e+09  5.57706671e-02 
 7.95886001e+09  4.63506949e-02 
 8.14432966e+09  6.69306403e-02 
 8.33412140e+09  6.78550374e-02 
 8.52833597e+09  4.71667292e-02 
 8.72707642e+09  5.64000168e-02 
 8.93044823e+09  7.01486170e-02 
 9.13855932e+09  4.60160383e-02 
 9.35152014e+09  6.68051974e-02 
 9.56944371e+09  6.92845387e-02 
 9.79244566e+09  7.42627580e-02 
 1.00206443e+10  7.92271705e-02 
 1.02541609e+10  8.32303985e-02 
 1.04931192e+10  8.71260367e-02 
 1.07376460e+10  9.11248613e-02 
 1.09878712e+10  9.53348122e-02 
 1.12439276e+10  9.98417209e-02 
 1.15059509e+10  1.04705316e-01 
 1.17740804e+10  1.09894417e-01 
 1.20484582e+10  1.15065027e-01 
 1.23292299e+10  1.18931425e-01 
 1.26165447e+10  1.18125681e-01 
 1.29105549e+10  1.08324553e-01 
 1.32114166e+10  9.30368623e-02 
 1.35192894e+10  8.35647095e-02 
 1.38343368e+10  8.29356954e-02 
 1.41567259e+10  8.76399427e-02 
 1.44866277e+10  1.04934910e-01 
 1.48242175e+10  1.05591680e-01 
 1.51696743e+10  1.17750025e-01 
 1.55231815e+10  9.90248682e-02 
 1.58849266e+10  1.09766425e-01 
 1.62551017e+10  1.15290777e-01 
 1.66339032e+10  1.20090772e-01 
 1.70215321e+10  1.24714845e-01 
 1.74181941e+10  1.29291101e-01 
 1.78240998e+10  1.33873283e-01 
 1.82394645e+10  1.38495129e-01 
 1.86645086e+10  1.43183132e-01 
 1.90994578e+10  1.47960755e-01 
 1.95445429e+10  1.52850219e-01 
 2.00000000e+10  1.57872976e-01 
