 1.00000000e+08  1.78133869e-02 
 1.02330354e+08  1.77463612e-02 
 1.04715014e+08  1.76617501e-02 
 1.07155245e+08  1.75583087e-02 
 1.09652342e+08  1.74349130e-02 
 1.12207630e+08  1.72906059e-02 
 1.14822466e+08  1.71246442e-02 
 1.17498236e+08  1.69365448e-02 
 1.20236362e+08  1.67261277e-02 
 1.23038295e+08  1.64935518e-02 
 1.25905523e+08  1.62393418e-02 
 1.28839568e+08  1.59644032e-02 
 1.31841987e+08  1.56700228e-02 
 1.34914372e+08  1.53578561e-02 
 1.38058355e+08  1.50298978e-02 
 1.41275604e+08  1.46884410e-02 
 1.44567827e+08  1.43360239e-02 
 1.47936769e+08  1.39753692e-02 
 1.51384220e+08  1.36093182e-02 
 1.54912009e+08  1.32407645e-02 
 1.58522008e+08  1.28725901e-02 
 1.62216133e+08  1.25076060e-02 
 1.65996343e+08  1.21485006e-02 
 1.69864646e+08  1.17977972e-02 
 1.73823095e+08  1.14578190e-02 
 1.77873789e+08  1.11306651e-02 
 1.82018879e+08  1.08181926e-02 
 1.86260564e+08  1.05220079e-02 
 1.90601095e+08  1.02434630e-02 
 1.95042776e+08  9.98365757e-03 
 1.99587964e+08  9.74344489e-03 
 2.04239071e+08  9.52344177e-03 
 2.08998565e+08  9.32404166e-03 
 2.13868972e+08  9.14543128e-03 
 2.18852877e+08  8.98761165e-03 
 2.23952925e+08  8.85042537e-03 
 2.29171822e+08  8.73359442e-03 
 2.34512337e+08  8.63677738e-03 
 2.39977306e+08  8.55966546e-03 
 2.45569627e+08  8.50216119e-03 
 2.51292270e+08  8.46473582e-03 
 2.57148271e+08  8.44913622e-03 
 2.63140737e+08  8.45916178e-03 
 2.69272848e+08  8.49076725e-03 
 2.75547860e+08  8.41681714e-03 
 2.81969102e+08  1.08215612e-02 
 2.88539981e+08  1.48124618e-02 
 2.95263985e+08  1.14032232e-02 
 3.02144683e+08  1.00217091e-02 
 3.09185725e+08  9.61961711e-03 
 3.16390848e+08  9.50709652e-03 
 3.23763876e+08  9.51457736e-03 
 3.31308722e+08  9.59176897e-03 
 3.39029389e+08  9.73100978e-03 
 3.46929975e+08  9.97410975e-03 
 3.55014673e+08  1.06375918e-02 
 3.63287773e+08  1.25999292e-02 
 3.71753666e+08  1.03774106e-02 
 3.80416844e+08  1.04200327e-02 
 3.89281904e+08  1.07752870e-02 
 3.98353552e+08  1.16479617e-02 
 4.07636602e+08  1.23516474e-02 
 4.17135980e+08  1.10834736e-02 
 4.26856726e+08  1.11690095e-02 
 4.36804001e+08  1.15291842e-02 
 4.46983082e+08  1.22107136e-02 
 4.57399372e+08  1.05766728e-02 
 4.68058398e+08  1.25787242e-02 
 4.78965818e+08  1.30931075e-02 
 4.90127419e+08  1.28892002e-02 
 5.01549125e+08  1.38034603e-02 
 5.13236997e+08  1.43031336e-02 
 5.25197238e+08  1.50524637e-02 
 5.37436195e+08  1.44032077e-02 
 5.49960363e+08  1.69231898e-02 
 5.62776388e+08  1.58123481e-02 
 5.75891073e+08  1.25772375e-02 
 5.89311376e+08  1.43447599e-02 
 6.03044419e+08  1.34877185e-02 
 6.17097492e+08  1.36589017e-02 
 6.31478050e+08  1.41478824e-02 
 6.46193727e+08  1.46656075e-02 
 6.61252331e+08  1.53241096e-02 
 6.76661854e+08  1.58485777e-02 
 6.92430473e+08  1.65895668e-02 
 7.08566557e+08  1.74843212e-02 
 7.25078669e+08  1.85430632e-02 
 7.41975572e+08  1.98460660e-02 
 7.59266232e+08  2.14971312e-02 
 7.76959826e+08  2.36209539e-02 
 7.95065744e+08  2.62832157e-02 
 8.13593593e+08  2.91439403e-02 
 8.32553207e+08  3.07237196e-02 
 8.51954648e+08  2.90502782e-02 
 8.71808210e+08  2.50368870e-02 
 8.92124431e+08  2.12895564e-02 
 9.12914092e+08  1.87928915e-02 
 9.34188226e+08  1.73900729e-02 
 9.55958123e+08  1.67528139e-02 
 9.78235335e+08  1.66887327e-02 
 1.00103169e+09  1.72447039e-02 
 1.02435927e+09  1.88559006e-02 
 1.04823047e+09  1.91803198e-02 
 1.07265796e+09  1.86034261e-02 
 1.09765469e+09  1.90581883e-02 
 1.12323393e+09  1.90190907e-02 
 1.14940927e+09  2.10200596e-02 
 1.17619457e+09  2.30254004e-02 
 1.20360408e+09  2.47160789e-02 
 1.23165232e+09  2.58186140e-02 
 1.26035418e+09  2.62899860e-02 
 1.28972490e+09  2.64247836e-02 
 1.31978006e+09  2.65956426e-02 
 1.35053561e+09  2.70092612e-02 
 1.38200788e+09  2.76977724e-02 
 1.41421356e+09  2.85963384e-02 
 1.44716975e+09  2.95966205e-02 
 1.48089393e+09  3.05719466e-02 
 1.51540401e+09  3.13892396e-02 
 1.55071830e+09  3.19159241e-02 
 1.58685553e+09  3.20312827e-02 
 1.62383489e+09  3.16501295e-02 
 1.66167599e+09  3.07526817e-02 
 1.70039893e+09  2.94004013e-02 
 1.74002425e+09  2.77218254e-02 
 1.78057299e+09  2.58742119e-02 
 1.82206665e+09  2.40031621e-02 
 1.86452726e+09  2.22179635e-02 
 1.90797735e+09  2.05853340e-02 
 1.95243999e+09  1.91345173e-02 
 1.99793876e+09  1.78658762e-02 
 2.04449781e+09  1.67584933e-02 
 2.09214185e+09  1.57758413e-02 
 2.14089617e+09  1.48715977e-02 
 2.19078664e+09  1.40006435e-02 
 2.24183974e+09  1.31410804e-02 
 2.29408255e+09  1.23228578e-02 
 2.34754280e+09  1.16334034e-02 
 2.40224887e+09  1.11690476e-02 
 2.45822978e+09  1.09662703e-02 
 2.51551525e+09  1.09873712e-02 
 2.57413567e+09  1.11618908e-02 
 2.63412215e+09  1.14267423e-02 
 2.69550653e+09  1.17397268e-02 
 2.75832139e+09  1.20767140e-02 
 2.82260005e+09  1.24251961e-02 
 2.88837664e+09  1.27792141e-02 
 2.95568605e+09  1.31362592e-02 
 3.02456401e+09  1.34955757e-02 
 3.09504707e+09  1.38572806e-02 
 3.16717263e+09  1.42219278e-02 
 3.24097898e+09  1.45903093e-02 
 3.31650528e+09  1.49633996e-02 
 3.39379160e+09  1.53424445e-02 
 3.47287898e+09  1.57294189e-02 
 3.55380937e+09  1.61296044e-02 
 3.63662572e+09  1.65979528e-02 
 3.72137199e+09  1.68607627e-02 
 3.80809314e+09  1.73062313e-02 
 3.89683521e+09  1.77419141e-02 
 3.98764528e+09  1.81871496e-02 
 4.08057155e+09  1.86475327e-02 
 4.17566333e+09  1.91313943e-02 
 4.27297108e+09  1.97108885e-02 
 4.37254645e+09  2.00328603e-02 
 4.47444228e+09  2.06108295e-02 
 4.57871264e+09  2.11966786e-02 
 4.68541287e+09  2.18421833e-02 
 4.79459960e+09  2.27086345e-02 
 4.90633076e+09  2.21263401e-02 
 5.02066566e+09  2.35142262e-02 
 5.13766496e+09  2.44871171e-02 
 5.25739076e+09  2.57085993e-02 
 5.37990660e+09  2.82659515e-02 
 5.50527749e+09  2.19840563e-02 
 5.63356997e+09  2.58276931e-02 
 5.76485211e+09  2.80173901e-02 
 5.89919360e+09  3.09213643e-02 
 6.03666571e+09  4.82415558e-02 
 6.17734142e+09  2.25942825e-02 
 6.32129537e+09  2.67382118e-02 
 6.46860395e+09  2.95591084e-02 
 6.61934535e+09  3.20433901e-02 
 6.77359956e+09  3.55766311e-02 
 6.93144843e+09  2.73733076e-02 
 7.09297575e+09  3.34600051e-02 
 7.25826722e+09  3.56410984e-02 
 7.42741057e+09  4.40082274e-02 
 7.60049556e+09  5.87869156e-02 
 7.77761404e+09  1.05475244e-01 
 7.95886001e+09  2.00254574e-02 
 8.14432966e+09  2.54331178e-02 
 8.33412140e+09  3.04767435e-02 
 8.52833597e+09  4.22510864e-02 
 8.72707642e+09  3.07712558e-02 
 8.93044823e+09  1.68925137e-02 
 9.13855932e+09  3.13889768e-02 
 9.35152014e+09  3.50087489e-02 
 9.56944371e+09  3.62360170e-02 
 9.79244566e+09  3.80991488e-02 
 1.00206443e+10  3.98935148e-02 
 1.02541609e+10  4.16474554e-02 
 1.04931192e+10  4.34105308e-02 
 1.07376460e+10  4.52174321e-02 
 1.09878712e+10  4.70952199e-02 
 1.12439276e+10  4.90700062e-02 
 1.15059509e+10  5.11704932e-02 
 1.17740804e+10  5.34313194e-02 
 1.20484582e+10  5.58973280e-02 
 1.23292299e+10  5.86298695e-02 
 1.26165447e+10  6.17164799e-02 
 1.29105549e+10  6.52841544e-02 
 1.32114166e+10  6.95028548e-02 
 1.35192894e+10  7.44469674e-02 
 1.38343368e+10  7.84739359e-02 
 1.41567259e+10  6.37790126e-02 
 1.44866277e+10  5.31099232e-02 
 1.48242175e+10  7.04282053e-02 
 1.51696743e+10  6.07838264e-02 
 1.55231815e+10  7.09200226e-02 
 1.58849266e+10  7.62588018e-02 
 1.62551017e+10  8.05982413e-02 
 1.66339032e+10  8.56215791e-02 
 1.70215321e+10  9.14466352e-02 
 1.74181941e+10  9.81230559e-02 
 1.78240998e+10  1.05795577e-01 
 1.82394645e+10  1.14712751e-01 
 1.86645086e+10  1.25245037e-01 
 1.90994578e+10  1.37930379e-01 
 1.95445429e+10  1.53556394e-01 
 2.00000000e+10  1.73293610e-01 
