 1.00000000e+08  1.76525961e-02 
 1.02330354e+08  1.77709209e-02 
 1.04715014e+08  1.78938127e-02 
 1.07155245e+08  1.80214465e-02 
 1.09652342e+08  1.81540045e-02 
 1.12207630e+08  1.82916769e-02 
 1.14822466e+08  1.84346617e-02 
 1.17498236e+08  1.85831659e-02 
 1.20236362e+08  1.87374052e-02 
 1.23038295e+08  1.88976049e-02 
 1.25905523e+08  1.90640002e-02 
 1.28839568e+08  1.92368370e-02 
 1.31841987e+08  1.94163721e-02 
 1.34914372e+08  1.96028739e-02 
 1.38058355e+08  1.97966233e-02 
 1.41275604e+08  1.99979140e-02 
 1.44567827e+08  2.02070533e-02 
 1.47936769e+08  2.04243632e-02 
 1.51384220e+08  2.06501807e-02 
 1.54912009e+08  2.08848588e-02 
 1.58522008e+08  2.11287676e-02 
 1.62216133e+08  2.13822951e-02 
 1.65996343e+08  2.16458484e-02 
 1.69864646e+08  2.19198544e-02 
 1.73823095e+08  2.22047616e-02 
 1.77873789e+08  2.25010405e-02 
 1.82018879e+08  2.28091857e-02 
 1.86260564e+08  2.31297166e-02 
 1.90601095e+08  2.34631794e-02 
 1.95042776e+08  2.38101481e-02 
 1.99587964e+08  2.41712262e-02 
 2.04239071e+08  2.45470484e-02 
 2.08998565e+08  2.49382821e-02 
 2.13868972e+08  2.53456285e-02 
 2.18852877e+08  2.57698251e-02 
 2.23952925e+08  2.62116460e-02 
 2.29171822e+08  2.66719040e-02 
 2.34512337e+08  2.71514509e-02 
 2.39977306e+08  2.76511785e-02 
 2.45569627e+08  2.81720185e-02 
 2.51292270e+08  2.87149420e-02 
 2.57148271e+08  2.92809574e-02 
 2.63140737e+08  2.98711078e-02 
 2.69272848e+08  3.04864665e-02 
 2.75547860e+08  3.11281296e-02 
 2.81969102e+08  3.17972067e-02 
 2.88539981e+08  3.24948067e-02 
 2.95263985e+08  3.32220205e-02 
 3.02144683e+08  3.39798954e-02 
 3.09185725e+08  3.47694039e-02 
 3.16390848e+08  3.55914010e-02 
 3.23763876e+08  3.64465702e-02 
 3.31308722e+08  3.73353542e-02 
 3.39029389e+08  3.82578658e-02 
 3.46929975e+08  3.92137777e-02 
 3.55014673e+08  4.02021824e-02 
 3.63287773e+08  4.12214219e-02 
 3.71753666e+08  4.22688785e-02 
 3.80416844e+08  4.33407257e-02 
 3.89281904e+08  4.44316349e-02 
 3.98353552e+08  4.55344425e-02 
 4.07636602e+08  4.66397836e-02 
 4.17135980e+08  4.77357122e-02 
 4.26856726e+08  4.88073402e-02 
 4.36804001e+08  4.98365463e-02 
 4.46983082e+08  5.08018264e-02 
 4.57399372e+08  5.16783797e-02 
 4.68058398e+08  5.24385361e-02 
 4.78965818e+08  5.30526276e-02 
 4.90127419e+08  5.34903746e-02 
 5.01549125e+08  5.37227830e-02 
 5.13236997e+08  5.37244424e-02 
 5.25197238e+08  5.34759806e-02 
 5.37436195e+08  5.29663195e-02 
 5.49960363e+08  5.21943279e-02 
 5.62776388e+08  5.11695211e-02 
 5.75891073e+08  4.99116271e-02 
 5.89311376e+08  4.84490687e-02 
 6.03044419e+08  4.68166360e-02 
 6.17097492e+08  4.50527663e-02 
 6.31478050e+08  4.31968703e-02 
 6.46193727e+08  4.12870585e-02 
 6.61252331e+08  3.93584716e-02 
 6.76661854e+08  3.74422732e-02 
 6.92430473e+08  3.55652376e-02 
 7.08566557e+08  3.37498063e-02 
 7.25078669e+08  3.20144587e-02 
 7.41975572e+08  3.03742567e-02 
 7.59266232e+08  2.88414471e-02 
 7.76959826e+08  2.74260345e-02 
 7.95065744e+08  2.61362678e-02 
 8.13593593e+08  2.49790008e-02 
 8.32553207e+08  2.39599108e-02 
 8.51954648e+08  2.30835736e-02 
 8.71808210e+08  2.23534106e-02 
 8.92124431e+08  2.17715456e-02 
 9.12914092e+08  2.13386235e-02 
 9.34188226e+08  2.10536551e-02 
 9.55958123e+08  2.09139500e-02 
 9.78235335e+08  2.09151827e-02 
 1.00103169e+09  2.10516038e-02 
 1.02435927e+09  2.13163768e-02 
 1.04823047e+09  2.17019935e-02 
 1.07265796e+09  2.22007098e-02 
 1.09765469e+09  2.28049510e-02 
 1.12323393e+09  2.35076491e-02 
 1.14940927e+09  2.43024971e-02 
 1.17619457e+09  2.51841201e-02 
 1.20360408e+09  2.61481753e-02 
 1.23165232e+09  2.71913969e-02 
 1.26035418e+09  2.83116041e-02 
 1.28972490e+09  2.95076863e-02 
 1.31978006e+09  3.07795790e-02 
 1.35053561e+09  3.21282385e-02 
 1.38200788e+09  3.35556207e-02 
 1.41421356e+09  3.50646688e-02 
 1.44716975e+09  3.66593095e-02 
 1.48089393e+09  3.83444578e-02 
 1.51540401e+09  4.01260270e-02 
 1.55071830e+09  4.20109381e-02 
 1.58685553e+09  4.40071188e-02 
 1.62383489e+09  4.61234756e-02 
 1.66167599e+09  4.83698153e-02 
 1.70039893e+09  5.07566743e-02 
 1.74002425e+09  5.32949941e-02 
 1.78057299e+09  5.59955474e-02 
 1.82206665e+09  5.88679621e-02 
 1.86452726e+09  6.19191194e-02 
 1.90797735e+09  6.51505861e-02 
 1.95243999e+09  6.85546005e-02 
 1.99793876e+09  7.21079672e-02 
 2.04449781e+09  7.57631144e-02 
 2.09214185e+09  7.94356999e-02 
 2.14089617e+09  8.29889469e-02 
 2.19078664e+09  8.62170116e-02 
 2.24183974e+09  8.88338596e-02 
 2.29408255e+09  9.04799417e-02 
 2.34754280e+09  9.07624713e-02 
 2.40224887e+09  8.93374174e-02 
 2.45822978e+09  8.60152677e-02 
 2.51551525e+09  8.08402091e-02 
 2.57413567e+09  7.40894237e-02 
 2.63412215e+09  6.61853025e-02 
 2.69550653e+09  5.75707312e-02 
 2.75832139e+09  4.86112455e-02 
 2.82260005e+09  3.95588153e-02 
 2.88837664e+09  3.05936078e-02 
 2.95568605e+09  2.20417276e-02 
 3.02456401e+09  1.54099793e-02 
 3.09504707e+09  1.61789245e-02 
 3.16717263e+09  2.77557520e-02 
 3.24097898e+09  4.97841242e-02 
 3.31650528e+09  9.16359642e-02 
 3.39379160e+09  5.99925022e-02 
 3.47287898e+09  1.08343917e-01 
 3.55380937e+09  9.59333051e-02 
 3.63662572e+09  6.97954798e-02 
 3.72137199e+09  1.00526626e-01 
 3.80809314e+09  5.07291924e-02 
 3.89683521e+09  3.92911534e-02 
 3.98764528e+09  3.17016862e-02 
 4.08057155e+09  2.62341481e-02 
 4.17566333e+09  2.24298032e-02 
 4.27297108e+09  2.00428301e-02 
 4.37254645e+09  1.94280626e-02 
 4.47444228e+09  2.03544747e-02 
 4.57871264e+09  2.28841053e-02 
 4.68541287e+09  2.72883872e-02 
 4.79459960e+09  3.48956477e-02 
 4.90633076e+09  5.26764009e-02 
 5.02066566e+09  1.22276030e-01 
 5.13766496e+09  3.37038090e-02 
 5.25739076e+09  2.83615290e-02 
 5.37990660e+09  2.53508376e-02 
 5.50527749e+09  3.82679209e-02 
 5.63356997e+09  3.79923433e-02 
 5.76485211e+09  4.33337467e-02 
 5.89919360e+09  5.57692836e-02 
 6.03666571e+09  1.06105461e-01 
 6.17734142e+09  4.76515578e-02 
 6.32129537e+09  7.68607486e-02 
 6.46860395e+09  1.40919387e-01 
 6.61934535e+09  2.45414896e-01 
 6.77359956e+09  1.46759621e-01 
 6.93144843e+09  4.89176520e-02 
 7.09297575e+09  1.63915344e-02 
 7.25826722e+09  1.62409410e-02 
 7.42741057e+09  1.71321697e-02 
 7.60049556e+09  2.46732877e-02 
 7.77761404e+09  3.53037982e-02 
 7.95886001e+09  2.64842999e-02 
 8.14432966e+09  3.92506012e-02 
 8.33412140e+09  2.36268014e-02 
 8.52833597e+09  3.90158704e-02 
 8.72707642e+09  3.82227316e-02 
 8.93044823e+09  4.59275060e-02 
 9.13855932e+09  5.14422040e-02 
 9.35152014e+09  1.06907146e-01 
 9.56944371e+09  5.60079124e-02 
 9.79244566e+09  4.73998081e-02 
 1.00206443e+10  6.27739470e-02 
 1.02541609e+10  6.78143788e-02 
 1.04931192e+10  7.25294472e-02 
 1.07376460e+10  7.74730991e-02 
 1.09878712e+10  8.28801027e-02 
 1.12439276e+10  8.89792407e-02 
 1.15059509e+10  9.60103307e-02 
 1.17740804e+10  1.04033033e-01 
 1.20484582e+10  1.11896222e-01 
 1.23292299e+10  1.13620686e-01 
 1.26165447e+10  9.76648744e-02 
 1.29105549e+10  7.28286732e-02 
 1.32114166e+10  6.18090144e-02 
 1.35192894e+10  6.34722222e-02 
 1.38343368e+10  6.96319836e-02 
 1.41567259e+10  7.73090973e-02 
 1.44866277e+10  9.09313750e-02 
 1.48242175e+10  9.41510866e-02 
 1.51696743e+10  9.03160652e-02 
 1.55231815e+10  9.55962189e-02 
 1.58849266e+10  1.05989020e-01 
 1.62551017e+10  1.03866612e-01 
 1.66339032e+10  1.04429814e-01 
 1.70215321e+10  1.07896940e-01 
 1.74181941e+10  1.12072152e-01 
 1.78240998e+10  1.16355823e-01 
 1.82394645e+10  1.20694924e-01 
 1.86645086e+10  1.25180101e-01 
 1.90994578e+10  1.29788773e-01 
 1.95445429e+10  1.34482771e-01 
 2.00000000e+10  1.39255574e-01 
