 1.00000000e+08  1.96417908e-02 
 1.02329299e+08  1.98086782e-02 
 1.04712855e+08  1.99823355e-02 
 1.07151931e+08  2.01630658e-02 
 1.09647820e+08  2.03511895e-02 
 1.12201845e+08  2.05470457e-02 
 1.14815362e+08  2.07509932e-02 
 1.17489755e+08  2.09634122e-02 
 1.20226443e+08  2.11847059e-02 
 1.23026877e+08  2.14153021e-02 
 1.25892541e+08  2.16556550e-02 
 1.28824955e+08  2.19062470e-02 
 1.31825674e+08  2.21675912e-02 
 1.34896288e+08  2.24402331e-02 
 1.38038426e+08  2.27247536e-02 
 1.41253754e+08  2.30217710e-02 
 1.44543977e+08  2.33319441e-02 
 1.47910839e+08  2.36559748e-02 
 1.51356125e+08  2.39946115e-02 
 1.54881662e+08  2.43486519e-02 
 1.58489319e+08  2.47189463e-02 
 1.62181010e+08  2.51064012e-02 
 1.65958691e+08  2.55119823e-02 
 1.69824365e+08  2.59367177e-02 
 1.73780083e+08  2.63817009e-02 
 1.77827941e+08  2.68480932e-02 
 1.81970086e+08  2.73371252e-02 
 1.86208714e+08  2.78500979e-02 
 1.90546072e+08  2.83883812e-02 
 1.94984460e+08  2.89534110e-02 
 1.99526231e+08  2.95466830e-02 
 2.04173794e+08  3.01697414e-02 
 2.08929613e+08  3.08241632e-02 
 2.13796209e+08  3.15115331e-02 
 2.18776162e+08  3.22334089e-02 
 2.23872114e+08  3.29912716e-02 
 2.29086765e+08  3.37864582e-02 
 2.34422882e+08  3.46200683e-02 
 2.39883292e+08  3.54928393e-02 
 2.45470892e+08  3.64049807e-02 
 2.51188643e+08  3.73559545e-02 
 2.57039578e+08  3.83441909e-02 
 2.63026799e+08  3.93667231e-02 
 2.69153480e+08  4.04187278e-02 
 2.75422870e+08  4.14929609e-02 
 2.81838293e+08  4.25790839e-02 
 2.88403150e+08  4.36628979e-02 
 2.95120923e+08  4.47255283e-02 
 3.01995172e+08  4.57426496e-02 
 3.09029543e+08  4.66839061e-02 
 3.16227766e+08  4.75127551e-02 
 3.23593657e+08  4.81870301e-02 
 3.31131121e+08  4.86605413e-02 
 3.38844156e+08  4.88859491e-02 
 3.46736850e+08  4.88189184e-02 
 3.54813389e+08  4.84231677e-02 
 3.63078055e+08  4.76755731e-02 
 3.71535229e+08  4.65701613e-02 
 3.80189396e+08  4.51198592e-02 
 3.89045145e+08  4.33553646e-02 
 3.98107171e+08  4.13213112e-02 
 4.07380278e+08  3.90706757e-02 
 4.16869383e+08  3.66587645e-02 
 4.26579519e+08  3.41380196e-02 
 4.36515832e+08  3.15544385e-02 
 4.46683592e+08  2.89459119e-02 
 4.57088190e+08  2.63424686e-02 
 4.67735141e+08  2.37684500e-02 
 4.78630092e+08  2.12471085e-02 
 4.89778819e+08  1.88093082e-02 
 5.01187234e+08  1.65104519e-02 
 5.12861384e+08  1.44640243e-02 
 5.24807460e+08  1.29019194e-02 
 5.37031796e+08  1.22406591e-02 
 5.49540874e+08  1.30192212e-02 
 5.62341325e+08  1.56154829e-02 
 5.75439937e+08  2.01261648e-02 
 5.88843655e+08  2.65497294e-02 
 6.02559586e+08  3.47164049e-02 
 6.16595002e+08  4.36269637e-02 
 6.30957344e+08  5.06809318e-02 
 6.45654229e+08  5.29899459e-02 
 6.60693448e+08  5.04360575e-02 
 6.76082975e+08  4.44108989e-02 
 6.91830971e+08  3.62999920e-02 
 7.07945784e+08  4.17068658e-02 
 7.24435960e+08  3.72793198e-02 
 7.41310241e+08  3.40726574e-02 
 7.58577575e+08  3.15739589e-02 
 7.76247117e+08  2.95872930e-02 
 7.94328235e+08  2.80024983e-02 
 8.12830516e+08  2.67477928e-02 
 8.31763771e+08  2.57736253e-02 
 8.51138038e+08  2.50448756e-02 
 8.70963590e+08  2.45362880e-02 
 8.91250938e+08  2.42295096e-02 
 9.12010839e+08  2.41110293e-02 
 9.33254301e+08  2.41706411e-02 
 9.54992586e+08  2.44001759e-02 
 9.77237221e+08  2.47923013e-02 
 1.00000000e+09  2.53391946e-02 
 1.02329299e+09  2.60308903e-02 
 1.04712855e+09  2.68530992e-02 
 1.07151931e+09  2.77843399e-02 
 1.09647820e+09  2.87923808e-02 
 1.12201845e+09  2.98303757e-02 
 1.14815362e+09  3.08337756e-02 
 1.17489755e+09  3.17200783e-02 
 1.20226443e+09  3.23942005e-02 
 1.23026877e+09  3.27615903e-02 
 1.25892541e+09  3.27479428e-02 
 1.28824955e+09  3.23192243e-02 
 1.31825674e+09  3.14925533e-02 
 1.34896288e+09  3.03316837e-02 
 1.38038426e+09  2.89292744e-02 
 1.41253754e+09  2.73848739e-02 
 1.44543977e+09  2.57874801e-02 
 1.47910839e+09  2.42065292e-02 
 1.51356125e+09  2.26903096e-02 
 1.54881662e+09  2.12687450e-02 
 1.58489319e+09  1.99577532e-02 
 1.62181010e+09  1.87634872e-02 
 1.65958691e+09  1.76857374e-02 
 1.69824365e+09  1.67203575e-02 
 1.73780083e+09  1.58608288e-02 
 1.77827941e+09  1.50991449e-02 
 1.81970086e+09  1.44261808e-02 
 1.86208714e+09  1.38316747e-02 
 1.90546072e+09  1.33039432e-02 
 1.94984460e+09  1.28295261e-02 
 1.99526231e+09  1.23931886e-02 
 2.04173794e+09  1.19791154e-02 
 2.08929613e+09  1.15743603e-02 
 2.13796209e+09  1.11747090e-02 
 2.18776162e+09  1.07904880e-02 
 2.23872114e+09  1.04475730e-02 
 2.29086765e+09  1.01804960e-02 
 2.34422882e+09  1.00199240e-02 
 2.39883292e+09  9.98145568e-03 
 2.45470892e+09  1.00622895e-02 
 2.51188643e+09  1.02463688e-02 
 2.57039578e+09  1.05128849e-02 
 2.63026799e+09  1.08429219e-02 
 2.69153480e+09  1.12225825e-02 
 2.75422870e+09  1.16436247e-02 
 2.81838293e+09  1.21032625e-02 
 2.88403150e+09  1.26046123e-02 
 2.95120923e+09  1.31598888e-02 
 3.01995172e+09  1.38030666e-02 
 3.09029543e+09  1.46371387e-02 
 3.16227766e+09  1.43682638e-02 
 3.23593657e+09  1.41164011e-02 
 3.31131121e+09  1.52777629e-02 
 3.38844156e+09  1.62601472e-02 
 3.46736850e+09  1.67930897e-02 
 3.54813389e+09  1.78773215e-02 
 3.63078055e+09  1.89466143e-02 
 3.71535229e+09  2.01648149e-02 
 3.80189396e+09  2.17044986e-02 
 3.89045145e+09  2.32397855e-02 
 3.98107171e+09  2.54459049e-02 
 4.07380278e+09  2.54532511e-02 
 4.16869383e+09  1.63896185e-02 
 4.26579519e+09  2.38154653e-02 
 4.36515832e+09  2.89763794e-02 
 4.46683592e+09  3.01417542e-02 
 4.57088190e+09  2.44450754e-02 
 4.67735141e+09  1.86446872e-02 
 4.78630092e+09  1.83397015e-02 
 4.89778819e+09  2.35925639e-02 
 5.01187234e+09  1.88831010e-02 
 5.12861384e+09  2.67827725e-02 
 5.24807460e+09  3.66248319e-02 
 5.37031796e+09  3.17154711e-02 
 5.49540874e+09  2.62676328e-02 
 5.62341325e+09  2.85491596e-02 
 5.75439937e+09  1.83775658e-02 
 5.88843655e+09  2.10537236e-02 
 6.02559586e+09  2.28752647e-02 
 6.16595002e+09  2.36901114e-02 
 6.30957344e+09  2.41467865e-02 
 6.45654229e+09  2.64180134e-02 
 6.60693448e+09  3.11497379e-02 
 6.76082975e+09  2.84877114e-02 
 6.91830971e+09  3.39012675e-02 
 7.07945784e+09  5.42711762e-02 
 7.24435960e+09  7.21976859e-02 
 7.41310241e+09  2.64231651e-02 
 7.58577575e+09  4.28664685e-02 
 7.76247117e+09  2.70450146e-02 
 7.94328235e+09  1.68983789e-02 
 8.12830516e+09  2.27680544e-02 
 8.31763771e+09  2.53987033e-02 
 8.51138038e+09  2.70896878e-02 
 8.70963590e+09  3.34167066e-02 
 8.91250938e+09  4.23653856e-02 
 9.12010839e+09  3.02568558e-02 
 9.33254301e+09  3.31431607e-02 
 9.54992586e+09  3.72983217e-02 
 9.77237221e+09  3.73463362e-02 
 1.00000000e+10  3.87105094e-02 
 1.02329299e+10  4.15607666e-02 
 1.04712855e+10  4.40785606e-02 
 1.07151931e+10  4.67351170e-02 
 1.09647820e+10  4.96508204e-02 
 1.12201845e+10  5.29202656e-02 
 1.14815362e+10  5.66061634e-02 
 1.17489755e+10  6.06162069e-02 
 1.20226443e+10  6.42770345e-02 
 1.23026877e+10  6.54195416e-02 
 1.25892541e+10  6.08545537e-02 
 1.28824955e+10  5.21930726e-02 
 1.31825674e+10  4.59846819e-02 
 1.34896288e+10  4.44519431e-02 
 1.38038426e+10  4.59293243e-02 
 1.41253754e+10  4.89650657e-02 
 1.44543977e+10  5.52067685e-02 
 1.47910839e+10  5.73233949e-02 
 1.51356125e+10  6.32587408e-02 
 1.54881662e+10  5.89716106e-02 
 1.58489319e+10  6.66708104e-02 
 1.62181010e+10  7.13262587e-02 
 1.65958691e+10  7.59381694e-02 
 1.69824365e+10  8.09531466e-02 
 1.73780083e+10  8.65249438e-02 
 1.77827941e+10  9.27993886e-02 
 1.81970086e+10  9.99625057e-02 
 1.86208714e+10  1.08265593e-01 
 1.90546072e+10  1.18056804e-01 
 1.94984460e+10  1.29829374e-01 
 1.99526231e+10  1.44296570e-01 
