 1.00000000e+08  1.97437716e-02 
 1.02330354e+08  1.99498346e-02 
 1.04715014e+08  2.01648762e-02 
 1.07155245e+08  2.03891286e-02 
 1.09652342e+08  2.06227839e-02 
 1.12207630e+08  2.08659802e-02 
 1.14822466e+08  2.11187848e-02 
 1.17498236e+08  2.13811732e-02 
 1.20236362e+08  2.16530037e-02 
 1.23038295e+08  2.19339868e-02 
 1.25905523e+08  2.22236483e-02 
 1.28839568e+08  2.25212857e-02 
 1.31841987e+08  2.28259171e-02 
 1.34914372e+08  2.31362213e-02 
 1.38058355e+08  2.34504708e-02 
 1.41275604e+08  2.37664561e-02 
 1.44567827e+08  2.40814055e-02 
 1.47936769e+08  2.43919007e-02 
 1.51384220e+08  2.46937965e-02 
 1.54912009e+08  2.49821502e-02 
 1.58522008e+08  2.52511737e-02 
 1.62216133e+08  2.54942212e-02 
 1.65996343e+08  2.57038319e-02 
 1.69864646e+08  2.58718448e-02 
 1.73823095e+08  2.59896058e-02 
 1.77873789e+08  2.60482783e-02 
 1.82018879e+08  2.60392605e-02 
 1.86260564e+08  2.59546944e-02 
 1.90601095e+08  2.57880324e-02 
 1.95042776e+08  2.55346045e-02 
 1.99587964e+08  2.51921154e-02 
 2.04239071e+08  2.47609944e-02 
 2.08998565e+08  2.42445374e-02 
 2.13868972e+08  2.36488031e-02 
 2.18852877e+08  2.29822716e-02 
 2.23952925e+08  2.22553062e-02 
 2.29171822e+08  2.14794959e-02 
 2.34512337e+08  2.06669628e-02 
 2.39977306e+08  1.98297170e-02 
 2.45569627e+08  1.89791184e-02 
 2.51292270e+08  1.81254790e-02 
 2.57148271e+08  1.72778141e-02 
 2.63140737e+08  1.64437268e-02 
 2.69272848e+08  1.56294023e-02 
 2.75547860e+08  1.48396787e-02 
 2.81969102e+08  1.40781664e-02 
 2.88539981e+08  1.33473876e-02 
 2.95263985e+08  1.26489149e-02 
 3.02144683e+08  1.19834925e-02 
 3.09185725e+08  1.13511292e-02 
 3.16390848e+08  1.07511625e-02 
 3.23763876e+08  1.01823306e-02 
 3.31308722e+08  9.64304771e-03 
 3.39029389e+08  9.13282262e-03 
 3.46929975e+08  8.65995008e-03 
 3.55014673e+08  8.29151278e-03 
 3.63287773e+08  8.63283314e-03 
 3.71753666e+08  1.60021204e-02 
 3.80416844e+08  1.23917658e-02 
 3.89281904e+08  9.58380350e-03 
 3.98353552e+08  8.60636681e-03 
 4.07636602e+08  8.10423102e-03 
 4.17135980e+08  7.81016246e-03 
 4.26856726e+08  7.67191384e-03 
 4.36804001e+08  7.84739418e-03 
 4.46983082e+08  1.13732136e-02 
 4.57399372e+08  9.56733488e-03 
 4.68058398e+08  7.97497746e-03 
 4.78965818e+08  7.82942288e-03 
 4.90127419e+08  8.09023941e-03 
 5.01549125e+08  8.77222650e-03 
 5.13236997e+08  9.13376752e-03 
 5.25197238e+08  9.91581325e-03 
 5.37436195e+08  8.98525410e-03 
 5.49960363e+08  9.53817449e-03 
 5.62776388e+08  1.15955822e-02 
 5.75891073e+08  9.93308243e-03 
 5.89311376e+08  8.98847470e-03 
 6.03044419e+08  9.23006490e-03 
 6.17097492e+08  9.97596444e-03 
 6.31478050e+08  1.15543346e-02 
 6.46193727e+08  1.06617263e-02 
 6.61252331e+08  1.21421824e-02 
 6.76661854e+08  1.22162421e-02 
 6.92430473e+08  1.42322084e-02 
 7.08566557e+08  1.60247263e-02 
 7.25078669e+08  1.78934942e-02 
 7.41975572e+08  1.95401906e-02 
 7.59266232e+08  2.04080130e-02 
 7.76959826e+08  2.01272668e-02 
 7.95065744e+08  1.89517744e-02 
 8.13593593e+08  1.74707734e-02 
 8.32553207e+08  1.61057681e-02 
 8.51954648e+08  1.50130230e-02 
 8.71808210e+08  1.41998216e-02 
 8.92124431e+08  1.36213267e-02 
 9.12914092e+08  1.32242238e-02 
 9.34188226e+08  1.29606779e-02 
 9.55958123e+08  1.27903274e-02 
 9.78235335e+08  1.26781556e-02 
 1.00103169e+09  1.25911945e-02 
 1.02435927e+09  1.24961267e-02 
 1.04823047e+09  1.23665225e-02 
 1.07265796e+09  1.22539124e-02 
 1.09765469e+09  1.26377504e-02 
 1.12323393e+09  1.42123187e-02 
 1.14940927e+09  1.52669620e-02 
 1.17619457e+09  1.53739070e-02 
 1.20360408e+09  1.52574122e-02 
 1.23165232e+09  1.51437813e-02 
 1.26035418e+09  1.50762899e-02 
 1.28972490e+09  1.50617969e-02 
 1.31978006e+09  1.50985356e-02 
 1.35053561e+09  1.51813252e-02 
 1.38200788e+09  1.53033517e-02 
 1.41421356e+09  1.54573902e-02 
 1.44716975e+09  1.56367347e-02 
 1.48089393e+09  1.58358423e-02 
 1.51540401e+09  1.60506608e-02 
 1.55071830e+09  1.62785489e-02 
 1.58685553e+09  1.65177799e-02 
 1.62383489e+09  1.67669541e-02 
 1.66167599e+09  1.70249656e-02 
 1.70039893e+09  1.72919400e-02 
 1.74002425e+09  1.75704546e-02 
 1.78057299e+09  1.78653011e-02 
 1.82206665e+09  1.81811068e-02 
 1.86452726e+09  1.85198387e-02 
 1.90797735e+09  1.88804345e-02 
 1.95243999e+09  1.92601868e-02 
 1.99793876e+09  1.96561950e-02 
 2.04449781e+09  2.00660433e-02 
 2.09214185e+09  2.04877976e-02 
 2.14089617e+09  2.09196256e-02 
 2.19078664e+09  2.13592900e-02 
 2.24183974e+09  2.18039636e-02 
 2.29408255e+09  2.22514665e-02 
 2.34754280e+09  2.27038242e-02 
 2.40224887e+09  2.31695546e-02 
 2.45822978e+09  2.36582272e-02 
 2.51551525e+09  2.41731032e-02 
 2.57413567e+09  2.47120396e-02 
 2.63412215e+09  2.52721523e-02 
 2.69550653e+09  2.58519788e-02 
 2.75832139e+09  2.64515118e-02 
 2.82260005e+09  2.70717698e-02 
 2.88837664e+09  2.77145377e-02 
 2.95568605e+09  2.83823760e-02 
 3.02456401e+09  2.90789632e-02 
 3.09504707e+09  2.98100770e-02 
 3.16717263e+09  3.05864325e-02 
 3.24097898e+09  3.14341363e-02 
 3.31650528e+09  3.24580458e-02 
 3.39379160e+09  3.14386152e-02 
 3.47287898e+09  3.25277866e-02 
 3.55380937e+09  3.42121596e-02 
 3.63662572e+09  3.53652702e-02 
 3.72137199e+09  3.65212738e-02 
 3.80809314e+09  3.77752669e-02 
 3.89683521e+09  3.92346951e-02 
 3.98764528e+09  4.13098045e-02 
 4.08057155e+09  4.47294258e-02 
 4.17566333e+09  2.65941030e-02 
 4.27297108e+09  3.98824574e-02 
 4.37254645e+09  4.29618454e-02 
 4.47444228e+09  4.54239027e-02 
 4.57871264e+09  4.80827561e-02 
 4.68541287e+09  5.16163322e-02 
 4.79459960e+09  5.54839429e-02 
 4.90633076e+09  6.24867375e-02 
 5.02066566e+09  3.62478632e-02 
 5.13766496e+09  5.45858960e-02 
 5.25739076e+09  4.95158742e-02 
 5.37990660e+09  5.45587286e-02 
 5.50527749e+09  6.11535339e-02 
 5.63356997e+09  4.77028811e-02 
 5.76485211e+09  6.58123197e-02 
 5.89919360e+09  7.81038039e-02 
 6.03666571e+09  7.26276517e-02 
 6.17734142e+09  1.01189938e-01 
 6.32129537e+09  1.09035665e-01 
 6.46860395e+09  3.30603856e-02 
 6.61934535e+09  3.37140494e-02 
 6.77359956e+09  4.41347923e-02 
 6.93144843e+09  3.21756208e-02 
 7.09297575e+09  4.84110761e-02 
 7.25826722e+09  4.38591593e-02 
 7.42741057e+09  8.17453271e-02 
 7.60049556e+09  1.59622620e-02 
 7.77761404e+09  8.41899644e-02 
 7.95886001e+09  2.71447640e-02 
 8.14432966e+09  4.39591261e-02 
 8.33412140e+09  5.68245229e-02 
 8.52833597e+09  5.85168081e-02 
 8.72707642e+09  3.51117722e-02 
 8.93044823e+09  5.89322063e-02 
 9.13855932e+09  4.98573232e-02 
 9.35152014e+09  5.55705494e-02 
 9.56944371e+09  5.85505599e-02 
 9.79244566e+09  6.23756413e-02 
 1.00206443e+10  6.55010307e-02 
 1.02541609e+10  6.89410985e-02 
 1.04931192e+10  7.22567180e-02 
 1.07376460e+10  7.56187822e-02 
 1.09878712e+10  7.91119825e-02 
 1.12439276e+10  8.28156839e-02 
 1.15059509e+10  8.68217337e-02 
 1.17740804e+10  9.12442639e-02 
 1.20484582e+10  9.62172171e-02 
 1.23292299e+10  1.01830251e-01 
 1.26165447e+10  1.07757459e-01 
 1.29105549e+10  1.11479691e-01 
 1.32114166e+10  1.03210420e-01 
 1.35192894e+10  7.68720996e-02 
 1.38343368e+10  6.34498254e-02 
 1.41567259e+10  6.98381454e-02 
 1.44866277e+10  8.38653931e-02 
 1.48242175e+10  8.00824374e-02 
 1.51696743e+10  8.76751016e-02 
 1.55231815e+10  9.69480980e-02 
 1.58849266e+10  1.01391126e-01 
 1.62551017e+10  1.04081343e-01 
 1.66339032e+10  1.07421236e-01 
 1.70215321e+10  1.11340912e-01 
 1.74181941e+10  1.15554397e-01 
 1.78240998e+10  1.19855286e-01 
 1.82394645e+10  1.23923926e-01 
 1.86645086e+10  1.27093108e-01 
 1.90994578e+10  1.28972552e-01 
 1.95445429e+10  1.31189697e-01 
 2.00000000e+10  1.35083315e-01 
