 1.00000000e+08  2.02987913e-02 
 1.02330354e+08  2.05029360e-02 
 1.04715014e+08  2.07160648e-02 
 1.07155245e+08  2.09383895e-02 
 1.09652342e+08  2.11700778e-02 
 1.12207630e+08  2.14112387e-02 
 1.14822466e+08  2.16619047e-02 
 1.17498236e+08  2.19220105e-02 
 1.20236362e+08  2.21913666e-02 
 1.23038295e+08  2.24696279e-02 
 1.25905523e+08  2.27562560e-02 
 1.28839568e+08  2.30504744e-02 
 1.31841987e+08  2.33512168e-02 
 1.34914372e+08  2.36570658e-02 
 1.38058355e+08  2.39661856e-02 
 1.41275604e+08  2.42762453e-02 
 1.44567827e+08  2.45843384e-02 
 1.47936769e+08  2.48868990e-02 
 1.51384220e+08  2.51796219e-02 
 1.54912009e+08  2.54573946e-02 
 1.58522008e+08  2.57142522e-02 
 1.62216133e+08  2.59433706e-02 
 1.65996343e+08  2.61371152e-02 
 1.69864646e+08  2.62871655e-02 
 1.73823095e+08  2.63847326e-02 
 1.77873789e+08  2.64208825e-02 
 1.82018879e+08  2.63869664e-02 
 1.86260564e+08  2.62751434e-02 
 1.90601095e+08  2.60789576e-02 
 1.95042776e+08  2.57939128e-02 
 1.99587964e+08  2.54179720e-02 
 2.04239071e+08  2.49519031e-02 
 2.08998565e+08  2.43994105e-02 
 2.13868972e+08  2.37670157e-02 
 2.18852877e+08  2.30636967e-02 
 2.23952925e+08  2.23003307e-02 
 2.29171822e+08  2.14890184e-02 
 2.34512337e+08  2.06423782e-02 
 2.39977306e+08  1.97728933e-02 
 2.45569627e+08  1.88923721e-02 
 2.51292270e+08  1.80115547e-02 
 2.57148271e+08  1.71398738e-02 
 2.63140737e+08  1.62853533e-02 
 2.69272848e+08  1.54546206e-02 
 2.75547860e+08  1.46529997e-02 
 2.81969102e+08  1.38846565e-02 
 2.88539981e+08  1.31527719e-02 
 2.95263985e+08  1.24597244e-02 
 3.02144683e+08  1.18072747e-02 
 3.09185725e+08  1.11967574e-02 
 3.16390848e+08  1.06293127e-02 
 3.23763876e+08  1.01062703e-02 
 3.31308722e+08  9.63005487e-03 
 3.39029389e+08  9.20700080e-03 
 3.46929975e+08  8.85838469e-03 
 3.55014673e+08  8.67789324e-03 
 3.63287773e+08  9.29394465e-03 
 3.71753666e+08  1.61844076e-02 
 3.80416844e+08  1.19034706e-02 
 3.89281904e+08  9.45503031e-03 
 3.98353552e+08  8.75728769e-03 
 4.07636602e+08  8.50592226e-03 
 4.17135980e+08  8.47282299e-03 
 4.26856726e+08  8.63762012e-03 
 4.36804001e+08  9.19764172e-03 
 4.46983082e+08  1.27865269e-02 
 4.57399372e+08  1.01022733e-02 
 4.68058398e+08  9.87619175e-03 
 4.78965818e+08  1.12409883e-02 
 4.90127419e+08  1.52860610e-02 
 5.01549125e+08  1.85524456e-02 
 5.13236997e+08  1.07802375e-02 
 5.25197238e+08  1.13525064e-02 
 5.37436195e+08  1.21240735e-02 
 5.49960363e+08  1.67986899e-02 
 5.62776388e+08  2.30734176e-02 
 5.75891073e+08  1.09089167e-02 
 5.89311376e+08  8.71121276e-03 
 6.03044419e+08  6.37199016e-03 
 6.17097492e+08  8.08885554e-03 
 6.31478050e+08  9.33783975e-03 
 6.46193727e+08  9.87921764e-03 
 6.61252331e+08  1.11801773e-02 
 6.76661854e+08  1.23702372e-02 
 6.92430473e+08  1.40061854e-02 
 7.08566557e+08  1.58579886e-02 
 7.25078669e+08  1.78788173e-02 
 7.41975572e+08  1.97475996e-02 
 7.59266232e+08  2.08880838e-02 
 7.76959826e+08  2.08839424e-02 
 7.95065744e+08  1.99421905e-02 
 8.13593593e+08  1.86369698e-02 
 8.32553207e+08  1.73991275e-02 
 8.51954648e+08  1.63995533e-02 
 8.71808210e+08  1.56572213e-02 
 8.92124431e+08  1.51352677e-02 
 9.12914092e+08  1.47855978e-02 
 9.34188226e+08  1.45636377e-02 
 9.55958123e+08  1.44306059e-02 
 9.78235335e+08  1.43509252e-02 
 1.00103169e+09  1.42868902e-02 
 1.02435927e+09  1.41896955e-02 
 1.04823047e+09  1.39850056e-02 
 1.07265796e+09  1.35744183e-02 
 1.09765469e+09  1.31221953e-02 
 1.12323393e+09  1.39271165e-02 
 1.14940927e+09  1.54134390e-02 
 1.17619457e+09  1.60903759e-02 
 1.20360408e+09  1.63373317e-02 
 1.23165232e+09  1.64522786e-02 
 1.26035418e+09  1.65389746e-02 
 1.28972490e+09  1.66357223e-02 
 1.31978006e+09  1.67573985e-02 
 1.35053561e+09  1.69083702e-02 
 1.38200788e+09  1.70877184e-02 
 1.41421356e+09  1.72920408e-02 
 1.44716975e+09  1.75171694e-02 
 1.48089393e+09  1.77592484e-02 
 1.51540401e+09  1.80153323e-02 
 1.55071830e+09  1.82834971e-02 
 1.58685553e+09  1.85624931e-02 
 1.62383489e+09  1.88512556e-02 
 1.66167599e+09  1.91489119e-02 
 1.70039893e+09  1.94557189e-02 
 1.74002425e+09  1.97743065e-02 
 1.78057299e+09  2.01095307e-02 
 1.82206665e+09  2.04661976e-02 
 1.86452726e+09  2.08465777e-02 
 1.90797735e+09  2.12499502e-02 
 1.95243999e+09  2.16739000e-02 
 1.99793876e+09  2.21157369e-02 
 2.04449781e+09  2.25731878e-02 
 2.09214185e+09  2.30444205e-02 
 2.14089617e+09  2.35276900e-02 
 2.19078664e+09  2.40208504e-02 
 2.24183974e+09  2.45211745e-02 
 2.29408255e+09  2.50265637e-02 
 2.34754280e+09  2.55390381e-02 
 2.40224887e+09  2.60669987e-02 
 2.45822978e+09  2.66199174e-02 
 2.51551525e+09  2.72011115e-02 
 2.57413567e+09  2.78086042e-02 
 2.63412215e+09  2.84396893e-02 
 2.69550653e+09  2.90930601e-02 
 2.75832139e+09  2.97688536e-02 
 2.82260005e+09  3.04682387e-02 
 2.88837664e+09  3.11931709e-02 
 2.95568605e+09  3.19464158e-02 
 3.02456401e+09  3.27319064e-02 
 3.09504707e+09  3.35557482e-02 
 3.16717263e+09  3.44290979e-02 
 3.24097898e+09  3.53787109e-02 
 3.31650528e+09  3.65106417e-02 
 3.39379160e+09  3.55753907e-02 
 3.47287898e+09  3.68062670e-02 
 3.55380937e+09  3.86260896e-02 
 3.63662572e+09  3.99256960e-02 
 3.72137199e+09  4.12490617e-02 
 3.80809314e+09  4.27060347e-02 
 3.89683521e+09  4.44392266e-02 
 3.98764528e+09  4.69752982e-02 
 4.08057155e+09  5.16746712e-02 
 4.17566333e+09  2.58958064e-02 
 4.27297108e+09  4.35743813e-02 
 4.37254645e+09  4.74133775e-02 
 4.47444228e+09  5.02540700e-02 
 4.57871264e+09  5.31859536e-02 
 4.68541287e+09  5.69525529e-02 
 4.79459960e+09  6.10561309e-02 
 4.90633076e+09  6.78588557e-02 
 5.02066566e+09  4.14811133e-02 
 5.13766496e+09  5.86155207e-02 
 5.25739076e+09  5.69927023e-02 
 5.37990660e+09  6.12706819e-02 
 5.50527749e+09  6.79233355e-02 
 5.63356997e+09  5.52629615e-02 
 5.76485211e+09  7.38516662e-02 
 5.89919360e+09  8.68586741e-02 
 6.03666571e+09  8.29028854e-02 
 6.17734142e+09  1.11701568e-01 
 6.32129537e+09  1.20178946e-01 
 6.46860395e+09  3.88113824e-02 
 6.61934535e+09  3.73674735e-02 
 6.77359956e+09  4.58356760e-02 
 6.93144843e+09  3.35629581e-02 
 7.09297575e+09  4.95037936e-02 
 7.25826722e+09  9.34745211e-02 
 7.42741057e+09  5.83198427e-02 
 7.60049556e+09  1.20142916e-01 
 7.77761404e+09  2.67245179e-02 
 7.95886001e+09  3.55768269e-02 
 8.14432966e+09  5.57792258e-02 
 8.33412140e+09  6.00068947e-02 
 8.52833597e+09  4.40860703e-02 
 8.72707642e+09  5.31188013e-02 
 8.93044823e+09  6.59531389e-02 
 9.13855932e+09  4.51963834e-02 
 9.35152014e+09  6.48665345e-02 
 9.56944371e+09  6.83423333e-02 
 9.79244566e+09  7.28126507e-02 
 1.00206443e+10  7.74017242e-02 
 1.02541609e+10  8.14965190e-02 
 1.04931192e+10  8.54090089e-02 
 1.07376460e+10  8.93924917e-02 
 1.09878712e+10  9.35629758e-02 
 1.12439276e+10  9.80301159e-02 
 1.15059509e+10  1.02924194e-01 
 1.17740804e+10  1.08414160e-01 
 1.20484582e+10  1.14715439e-01 
 1.23292299e+10  1.22033228e-01 
 1.26165447e+10  1.30147920e-01 
 1.29105549e+10  1.36247937e-01 
 1.32114166e+10  1.28115814e-01 
 1.35192894e+10  9.52693135e-02 
 1.38343368e+10  7.39567258e-02 
 1.41567259e+10  7.91471252e-02 
 1.44866277e+10  1.05074878e-01 
 1.48242175e+10  9.97350666e-02 
 1.51696743e+10  1.24979498e-01 
 1.55231815e+10  8.86928178e-02 
 1.58849266e+10  1.04079796e-01 
 1.62551017e+10  1.11719526e-01 
 1.66339032e+10  1.17511965e-01 
 1.70215321e+10  1.22827600e-01 
 1.74181941e+10  1.27982054e-01 
 1.78240998e+10  1.33023337e-01 
 1.82394645e+10  1.37806145e-01 
 1.86645086e+10  1.41890694e-01 
 1.90994578e+10  1.45020036e-01 
 1.95445429e+10  1.48380725e-01 
 2.00000000e+10  1.52941243e-01 
