 1.00000000e+08  2.07598885e-02 
 1.02330354e+08  2.09800938e-02 
 1.04715014e+08  2.12085927e-02 
 1.07155245e+08  2.14455014e-02 
 1.09652342e+08  2.16908865e-02 
 1.12207630e+08  2.19447497e-02 
 1.14822466e+08  2.22070104e-02 
 1.17498236e+08  2.24774840e-02 
 1.20236362e+08  2.27558550e-02 
 1.23038295e+08  2.30416463e-02 
 1.25905523e+08  2.33341813e-02 
 1.28839568e+08  2.36325397e-02 
 1.31841987e+08  2.39355058e-02 
 1.34914372e+08  2.42415100e-02 
 1.38058355e+08  2.45485614e-02 
 1.41275604e+08  2.48541753e-02 
 1.44567827e+08  2.51552953e-02 
 1.47936769e+08  2.54482151e-02 
 1.51384220e+08  2.57285047e-02 
 1.54912009e+08  2.59909506e-02 
 1.58522008e+08  2.62295213e-02 
 1.62216133e+08  2.64373723e-02 
 1.65996343e+08  2.66069097e-02 
 1.69864646e+08  2.67299300e-02 
 1.73823095e+08  2.67978542e-02 
 1.77873789e+08  2.68020659e-02 
 1.82018879e+08  2.67343553e-02 
 1.86260564e+08  2.65874485e-02 
 1.90601095e+08  2.63555864e-02 
 1.95042776e+08  2.60350905e-02 
 1.99587964e+08  2.56248446e-02 
 2.04239071e+08  2.51266139e-02 
 2.08998565e+08  2.45451428e-02 
 2.13868972e+08  2.38879990e-02 
 2.18852877e+08  2.31651764e-02 
 2.23952925e+08  2.23885083e-02 
 2.29171822e+08  2.15709682e-02 
 2.34512337e+08  2.07259521e-02 
 2.39977306e+08  1.98666214e-02 
 2.45569627e+08  1.90053668e-02 
 2.51292270e+08  1.81534243e-02 
 2.57148271e+08  1.73206455e-02 
 2.63140737e+08  1.65154066e-02 
 2.69272848e+08  1.57446264e-02 
 2.75547860e+08  1.50138619e-02 
 2.81969102e+08  1.43274502e-02 
 2.88539981e+08  1.36886738e-02 
 2.95263985e+08  1.30999328e-02 
 3.02144683e+08  1.25629204e-02 
 3.09185725e+08  1.20788112e-02 
 3.16390848e+08  1.16485061e-02 
 3.23763876e+08  1.12730500e-02 
 3.31308722e+08  1.09545740e-02 
 3.39029389e+08  1.06989687e-02 
 3.46929975e+08  1.05253798e-02 
 3.55014673e+08  1.05115381e-02 
 3.63287773e+08  1.11374168e-02 
 3.71753666e+08  1.65434686e-02 
 3.80416844e+08  1.25706045e-02 
 3.89281904e+08  1.09001404e-02 
 3.98353552e+08  1.05418909e-02 
 4.07636602e+08  1.04765698e-02 
 4.17135980e+08  1.05419369e-02 
 4.26856726e+08  1.07151110e-02 
 4.36804001e+08  1.10912221e-02 
 4.46983082e+08  1.31722482e-02 
 4.57399372e+08  1.16865036e-02 
 4.68058398e+08  1.15564356e-02 
 4.78965818e+08  1.20141027e-02 
 4.90127419e+08  1.28909585e-02 
 5.01549125e+08  1.32274160e-02 
 5.13236997e+08  1.34083633e-02 
 5.25197238e+08  1.53428292e-02 
 5.37436195e+08  1.42551399e-02 
 5.49960363e+08  1.62052201e-02 
 5.62776388e+08  1.96084749e-02 
 5.75891073e+08  1.38106270e-02 
 5.89311376e+08  1.39846526e-02 
 6.03044419e+08  1.51043959e-02 
 6.17097492e+08  1.60334800e-02 
 6.31478050e+08  1.76942988e-02 
 6.46193727e+08  1.79254868e-02 
 6.61252331e+08  2.00644371e-02 
 6.76661854e+08  2.14620377e-02 
 6.92430473e+08  2.43206080e-02 
 7.08566557e+08  2.74045944e-02 
 7.25078669e+08  3.07260439e-02 
 7.41975572e+08  3.36955824e-02 
 7.59266232e+08  3.52884495e-02 
 7.76959826e+08  3.48060024e-02 
 7.95065744e+08  3.26657811e-02 
 8.13593593e+08  2.99084639e-02 
 8.32553207e+08  2.72984900e-02 
 8.51954648e+08  2.51352649e-02 
 8.71808210e+08  2.34507619e-02 
 8.92124431e+08  2.21792183e-02 
 9.12914092e+08  2.12349380e-02 
 9.34188226e+08  2.05378384e-02 
 9.55958123e+08  2.00172883e-02 
 9.78235335e+08  1.96075512e-02 
 1.00103169e+09  1.92392089e-02 
 1.02435927e+09  1.88286895e-02 
 1.04823047e+09  1.82811329e-02 
 1.07265796e+09  1.76361951e-02 
 1.09765469e+09  1.80333248e-02 
 1.12323393e+09  2.16721544e-02 
 1.14940927e+09  2.45194357e-02 
 1.17619457e+09  2.50685452e-02 
 1.20360408e+09  2.49383548e-02 
 1.23165232e+09  2.47110624e-02 
 1.26035418e+09  2.45300358e-02 
 1.28972490e+09  2.44435127e-02 
 1.31978006e+09  2.44747612e-02 
 1.35053561e+09  2.46328662e-02 
 1.38200788e+09  2.49128481e-02 
 1.41421356e+09  2.52942915e-02 
 1.44716975e+09  2.57408055e-02 
 1.48089393e+09  2.62025396e-02 
 1.51540401e+09  2.66240790e-02 
 1.55071830e+09  2.69578049e-02 
 1.58685553e+09  2.71782688e-02 
 1.62383489e+09  2.72896468e-02 
 1.66167599e+09  2.73200714e-02 
 1.70039893e+09  2.73038900e-02 
 1.74002425e+09  2.72621140e-02 
 1.78057299e+09  2.71956897e-02 
 1.82206665e+09  2.70964820e-02 
 1.86452726e+09  2.69627240e-02 
 1.90797735e+09  2.68038527e-02 
 1.95243999e+09  2.66352060e-02 
 1.99793876e+09  2.64713789e-02 
 2.04449781e+09  2.63229173e-02 
 2.09214185e+09  2.61959634e-02 
 2.14089617e+09  2.60931955e-02 
 2.19078664e+09  2.60150445e-02 
 2.24183974e+09  2.59609564e-02 
 2.29408255e+09  2.59308063e-02 
 2.34754280e+09  2.59259277e-02 
 2.40224887e+09  2.59479927e-02 
 2.45822978e+09  2.59961809e-02 
 2.51551525e+09  2.60670418e-02 
 2.57413567e+09  2.61571012e-02 
 2.63412215e+09  2.62642874e-02 
 2.69550653e+09  2.63877253e-02 
 2.75832139e+09  2.65272354e-02 
 2.82260005e+09  2.66830719e-02 
 2.88837664e+09  2.68558850e-02 
 2.95568605e+09  2.70468536e-02 
 3.02456401e+09  2.72580361e-02 
 3.09504707e+09  2.74932113e-02 
 3.16717263e+09  2.77601874e-02 
 3.24097898e+09  2.80789234e-02 
 3.31650528e+09  2.85261292e-02 
 3.39379160e+09  2.82927505e-02 
 3.47287898e+09  2.75856687e-02 
 3.55380937e+09  2.86432461e-02 
 3.63662572e+09  2.91700715e-02 
 3.72137199e+09  2.96596912e-02 
 3.80809314e+09  3.01960466e-02 
 3.89683521e+09  3.08829229e-02 
 3.98764528e+09  3.31750526e-02 
 4.08057155e+09  3.25315972e-02 
 4.17566333e+09  2.52362138e-02 
 4.27297108e+09  3.08240995e-02 
 4.37254645e+09  3.21146821e-02 
 4.47444228e+09  3.31641630e-02 
 4.57871264e+09  3.43232110e-02 
 4.68541287e+09  3.59582118e-02 
 4.79459960e+09  3.70865373e-02 
 4.90633076e+09  3.97889687e-02 
 5.02066566e+09  2.89105714e-02 
 5.13766496e+09  3.60584435e-02 
 5.25739076e+09  3.52635788e-02 
 5.37990660e+09  3.73109419e-02 
 5.50527749e+09  4.03179172e-02 
 5.63356997e+09  3.42958298e-02 
 5.76485211e+09  4.24832495e-02 
 5.89919360e+09  4.77124159e-02 
 6.03666571e+09  4.54275220e-02 
 6.17734142e+09  5.77738638e-02 
 6.32129537e+09  5.84849885e-02 
 6.46860395e+09  2.53123815e-02 
 6.61934535e+09  2.78282605e-02 
 6.77359956e+09  3.47374540e-02 
 6.93144843e+09  4.80185761e-02 
 7.09297575e+09  9.46335826e-02 
 7.25826722e+09  2.10685334e-02 
 7.42741057e+09  4.49378290e-02 
 7.60049556e+09  1.31495528e-02 
 7.77761404e+09  2.68913049e-02 
 7.95886001e+09  1.90198538e-02 
 8.14432966e+09  2.75357746e-02 
 8.33412140e+09  3.57851848e-02 
 8.52833597e+09  3.13845849e-02 
 8.72707642e+09  3.21630542e-02 
 8.93044823e+09  3.24409662e-02 
 9.13855932e+09  3.57994563e-02 
 9.35152014e+09  4.00212858e-02 
 9.56944371e+09  4.18308146e-02 
 9.79244566e+09  3.94085266e-02 
 1.00206443e+10  4.25651588e-02 
 1.02541609e+10  4.47773189e-02 
 1.04931192e+10  4.68637790e-02 
 1.07376460e+10  4.89874564e-02 
 1.09878712e+10  5.12267290e-02 
 1.12439276e+10  5.36482613e-02 
 1.15059509e+10  5.63277329e-02 
 1.17740804e+10  5.93624215e-02 
 1.20484582e+10  6.28787951e-02 
 1.23292299e+10  6.70102129e-02 
 1.26165447e+10  7.16987661e-02 
 1.29105549e+10  7.56048497e-02 
 1.32114166e+10  7.25746554e-02 
 1.35192894e+10  5.72603353e-02 
 1.38343368e+10  4.76883063e-02 
 1.41567259e+10  5.07375029e-02 
 1.44866277e+10  6.16831351e-02 
 1.48242175e+10  5.95361908e-02 
 1.51696743e+10  6.86124938e-02 
 1.55231815e+10  6.11679091e-02 
 1.58849266e+10  7.01138710e-02 
 1.62551017e+10  7.53052722e-02 
 1.66339032e+10  8.01111790e-02 
 1.70215321e+10  8.53186124e-02 
 1.74181941e+10  9.11141696e-02 
 1.78240998e+10  9.75788115e-02 
 1.82394645e+10  1.04655373e-01 
 1.86645086e+10  1.11922352e-01 
 1.90994578e+10  1.19022186e-01 
 1.95445429e+10  1.27619908e-01 
 2.00000000e+10  1.39907350e-01 
