 1.00000000e+08  1.83551228e-02 
 1.02329299e+08  1.85076055e-02 
 1.04712855e+08  1.86665517e-02 
 1.07151931e+08  1.88322561e-02 
 1.09647820e+08  1.90050290e-02 
 1.12201845e+08  1.91851971e-02 
 1.14815362e+08  1.93731048e-02 
 1.17489755e+08  1.95691154e-02 
 1.20226443e+08  1.97736121e-02 
 1.23026877e+08  1.99869997e-02 
 1.25892541e+08  2.02097056e-02 
 1.28824955e+08  2.04421814e-02 
 1.31825674e+08  2.06849051e-02 
 1.34896288e+08  2.09383818e-02 
 1.38038426e+08  2.12031465e-02 
 1.41253754e+08  2.14797655e-02 
 1.44543977e+08  2.17688384e-02 
 1.47910839e+08  2.20710005e-02 
 1.51356125e+08  2.23869250e-02 
 1.54881662e+08  2.27173248e-02 
 1.58489319e+08  2.30629551e-02 
 1.62181010e+08  2.34246158e-02 
 1.65958691e+08  2.38031532e-02 
 1.69824365e+08  2.41994622e-02 
 1.73780083e+08  2.46144878e-02 
 1.77827941e+08  2.50492263e-02 
 1.81970086e+08  2.55047260e-02 
 1.86208714e+08  2.59820864e-02 
 1.90546072e+08  2.64824565e-02 
 1.94984460e+08  2.70070315e-02 
 1.99526231e+08  2.75570462e-02 
 2.04173794e+08  2.81337667e-02 
 2.08929613e+08  2.87384763e-02 
 2.13796209e+08  2.93724572e-02 
 2.18776162e+08  3.00369643e-02 
 2.23872114e+08  3.07331905e-02 
 2.29086765e+08  3.14622198e-02 
 2.34422882e+08  3.22249660e-02 
 2.39883292e+08  3.30220924e-02 
 2.45470892e+08  3.38539095e-02 
 2.51188643e+08  3.47202431e-02 
 2.57039578e+08  3.56202698e-02 
 2.63026799e+08  3.65523122e-02 
 2.69153480e+08  3.75135907e-02 
 2.75422870e+08  3.84999259e-02 
 2.81838293e+08  3.95053957e-02 
 2.88403150e+08  4.05219524e-02 
 2.95120923e+08  4.15390201e-02 
 3.01995172e+08  4.25431048e-02 
 3.09029543e+08  4.35174761e-02 
 3.16227766e+08  4.44419958e-02 
 3.23593657e+08  4.52931999e-02 
 3.31131121e+08  4.60447489e-02 
 3.38844156e+08  4.66683560e-02 
 3.46736850e+08  4.71352567e-02 
 3.54813389e+08  4.74181981e-02 
 3.63078055e+08  4.74937904e-02 
 3.71535229e+08  4.73449273e-02 
 3.80189396e+08  4.69628695e-02 
 3.89045145e+08  4.63485746e-02 
 3.98107171e+08  4.55129640e-02 
 4.07380278e+08  4.44760348e-02 
 4.16869383e+08  4.32649805e-02 
 4.26579519e+08  4.19116863e-02 
 4.36515832e+08  4.04500575e-02 
 4.46683592e+08  3.89135904e-02 
 4.57088190e+08  3.73334671e-02 
 4.67735141e+08  3.57372914e-02 
 4.78630092e+08  3.41484428e-02 
 4.89778819e+08  3.25859407e-02 
 5.01187234e+08  3.10646720e-02 
 5.12861384e+08  2.95958412e-02 
 5.24807460e+08  2.81875265e-02 
 5.37031796e+08  2.68452580e-02 
 5.49540874e+08  2.55725650e-02 
 5.62341325e+08  2.43714621e-02 
 5.75439937e+08  2.32428643e-02 
 5.88843655e+08  2.21869276e-02 
 6.02559586e+08  2.12033222e-02 
 6.16595002e+08  2.02914452e-02 
 6.30957344e+08  1.94505811e-02 
 6.45654229e+08  1.86800194e-02 
 6.60693448e+08  1.79791343e-02 
 6.76082975e+08  1.73474342e-02 
 6.91830971e+08  1.67845850e-02 
 7.07945784e+08  1.62904112e-02 
 7.24435960e+08  1.58648802e-02 
 7.41310241e+08  1.55080723e-02 
 7.58577575e+08  1.52201410e-02 
 7.76247117e+08  1.50012702e-02 
 7.94328235e+08  1.48516286e-02 
 8.12830516e+08  1.47713286e-02 
 8.31763771e+08  1.47603870e-02 
 8.51138038e+08  1.48186862e-02 
 8.70963590e+08  1.49459250e-02 
 8.91250938e+08  1.51415419e-02 
 9.12010839e+08  1.54045818e-02 
 9.33254301e+08  1.57334655e-02 
 9.54992586e+08  1.61256028e-02 
 9.77237221e+08  1.65767753e-02 
 1.00000000e+09  1.70802062e-02 
 1.02329299e+09  1.76252464e-02 
 1.04712855e+09  1.81956921e-02 
 1.07151931e+09  1.87679584e-02 
 1.09647820e+09  1.93097558e-02 
 1.12201845e+09  1.97805453e-02 
 1.14815362e+09  2.01355743e-02 
 1.17489755e+09  2.03349270e-02 
 1.20226443e+09  2.03567509e-02 
 1.23026877e+09  2.02099631e-02 
 1.25892541e+09  1.99393280e-02 
 1.28824955e+09  1.96185857e-02 
 1.31825674e+09  1.93343983e-02 
 1.34896288e+09  1.91690803e-02 
 1.38038426e+09  1.91891213e-02 
 1.41253754e+09  1.94416281e-02 
 1.44543977e+09  1.99565492e-02 
 1.47910839e+09  2.07507436e-02 
 1.51356125e+09  2.18297079e-02 
 1.54881662e+09  2.31826661e-02 
 1.58489319e+09  2.47663090e-02 
 1.62181010e+09  2.64741067e-02 
 1.65958691e+09  2.80998009e-02 
 1.69824365e+09  2.93350131e-02 
 1.73780083e+09  2.98664195e-02 
 1.77827941e+09  2.95619968e-02 
 1.81970086e+09  2.85705044e-02 
 1.86208714e+09  2.72049066e-02 
 1.90546072e+09  2.57514959e-02 
 1.94984460e+09  2.43852040e-02 
 1.99526231e+09  2.31882935e-02 
 2.04173794e+09  2.21923581e-02 
 2.08929613e+09  2.14044228e-02 
 2.13796209e+09  2.08178770e-02 
 2.18776162e+09  2.04173242e-02 
 2.23872114e+09  2.01822472e-02 
 2.29086765e+09  2.00906371e-02 
 2.34422882e+09  2.01219452e-02 
 2.39883292e+09  2.02586066e-02 
 2.45470892e+09  2.04863416e-02 
 2.51188643e+09  2.07939131e-02 
 2.57039578e+09  2.11727864e-02 
 2.63026799e+09  2.16168446e-02 
 2.69153480e+09  2.21222081e-02 
 2.75422870e+09  2.26872094e-02 
 2.81838293e+09  2.33126429e-02 
 2.88403150e+09  2.40025860e-02 
 2.95120923e+09  2.47666526e-02 
 3.01995172e+09  2.56264506e-02 
 3.09029543e+09  2.66325209e-02 
 3.16227766e+09  2.72868519e-02 
 3.23593657e+09  2.66567323e-02 
 3.31131121e+09  2.72089156e-02 
 3.38844156e+09  2.95370401e-02 
 3.46736850e+09  3.10112469e-02 
 3.54813389e+09  3.25169496e-02 
 3.63078055e+09  3.41634887e-02 
 3.71535229e+09  3.60193525e-02 
 3.80189396e+09  3.82971067e-02 
 3.89045145e+09  4.10332239e-02 
 3.98107171e+09  4.49130270e-02 
 4.07380278e+09  5.24297333e-02 
 4.16869383e+09  2.69424085e-02 
 4.26579519e+09  4.58109277e-02 
 4.36515832e+09  5.52231855e-02 
 4.46683592e+09  6.67028473e-02 
 4.57088190e+09  4.59483483e-02 
 4.67735141e+09  3.50187747e-02 
 4.78630092e+09  5.85354362e-02 
 4.89778819e+09  9.61101932e-02 
 5.01187234e+09  9.86143967e-02 
 5.12861384e+09  2.99277952e-02 
 5.24807460e+09  5.49674980e-02 
 5.37031796e+09  7.59816919e-02 
 5.49540874e+09  7.64096616e-02 
 5.62341325e+09  8.28024241e-02 
 5.75439937e+09  5.55393209e-02 
 5.88843655e+09  3.70890559e-02 
 6.02559586e+09  2.53844860e-02 
 6.16595002e+09  3.81056540e-02 
 6.30957344e+09  3.70188860e-02 
 6.45654229e+09  2.54558397e-02 
 6.60693448e+09  1.49681519e-02 
 6.76082975e+09  9.59054537e-03 
 6.91830971e+09  6.15963227e-03 
 7.07945784e+09  7.29864126e-03 
 7.24435960e+09  1.02065598e-02 
 7.41310241e+09  1.21099320e-02 
 7.58577575e+09  1.54976270e-02 
 7.76247117e+09  1.63811593e-02 
 7.94328235e+09  1.86444993e-02 
 8.12830516e+09  1.93440590e-02 
 8.31763771e+09  2.22790976e-02 
 8.51138038e+09  2.57505803e-02 
 8.70963590e+09  2.57234860e-02 
 8.91250938e+09  2.79295385e-02 
 9.12010839e+09  2.93125239e-02 
 9.33254301e+09  3.17391477e-02 
 9.54992586e+09  3.40422746e-02 
 9.77237221e+09  3.57219337e-02 
 1.00000000e+10  3.63749311e-02 
 1.02329299e+10  3.93785400e-02 
 1.04712855e+10  4.16280019e-02 
 1.07151931e+10  4.38892572e-02 
 1.09647820e+10  4.62348128e-02 
 1.12201845e+10  4.87076035e-02 
 1.14815362e+10  5.13546130e-02 
 1.17489755e+10  5.42412992e-02 
 1.20226443e+10  5.74723806e-02 
 1.23026877e+10  6.12378375e-02 
 1.25892541e+10  6.59372876e-02 
 1.28824955e+10  7.25879998e-02 
 1.31825674e+10  8.42016614e-02 
 1.34896288e+10  7.37798775e-02 
 1.38038426e+10  4.90111959e-02 
 1.41253754e+10  6.46014302e-02 
 1.44543977e+10  7.08113809e-02 
 1.47910839e+10  7.07779135e-02 
 1.51356125e+10  8.03417500e-02 
 1.54881662e+10  8.35241860e-02 
 1.58489319e+10  9.03904097e-02 
 1.62181010e+10  9.75027985e-02 
 1.65958691e+10  1.05316027e-01 
 1.69824365e+10  1.14150078e-01 
 1.73780083e+10  1.24358650e-01 
 1.77827941e+10  1.36370617e-01 
 1.81970086e+10  1.50672219e-01 
 1.86208714e+10  1.67595918e-01 
 1.90546072e+10  1.86448218e-01 
 1.94984460e+10  2.03376920e-01 
 1.99526231e+10  2.12552580e-01 
