 1.00000000e+08  1.88473264e-02 
 1.02329299e+08  1.89958903e-02 
 1.04712855e+08  1.91507283e-02 
 1.07151931e+08  1.93121343e-02 
 1.09647820e+08  1.94804178e-02 
 1.12201845e+08  1.96559048e-02 
 1.14815362e+08  1.98389393e-02 
 1.17489755e+08  2.00298842e-02 
 1.20226443e+08  2.02291224e-02 
 1.23026877e+08  2.04370585e-02 
 1.25892541e+08  2.06541197e-02 
 1.28824955e+08  2.08807578e-02 
 1.31825674e+08  2.11174507e-02 
 1.34896288e+08  2.13647039e-02 
 1.38038426e+08  2.16230526e-02 
 1.41253754e+08  2.18930638e-02 
 1.44543977e+08  2.21753378e-02 
 1.47910839e+08  2.24705109e-02 
 1.51356125e+08  2.27792575e-02 
 1.54881662e+08  2.31022921e-02 
 1.58489319e+08  2.34403720e-02 
 1.62181010e+08  2.37942995e-02 
 1.65958691e+08  2.41649240e-02 
 1.69824365e+08  2.45531439e-02 
 1.73780083e+08  2.49599086e-02 
 1.77827941e+08  2.53862199e-02 
 1.81970086e+08  2.58331322e-02 
 1.86208714e+08  2.63017523e-02 
 1.90546072e+08  2.67932382e-02 
 1.94984460e+08  2.73087952e-02 
 1.99526231e+08  2.78496704e-02 
 2.04173794e+08  2.84171441e-02 
 2.08929613e+08  2.90125162e-02 
 2.13796209e+08  2.96370885e-02 
 2.18776162e+08  3.02921387e-02 
 2.23872114e+08  3.09788864e-02 
 2.29086765e+08  3.16984466e-02 
 2.34422882e+08  3.24517697e-02 
 2.39883292e+08  3.32395617e-02 
 2.45470892e+08  3.40621826e-02 
 2.51188643e+08  3.49195161e-02 
 2.57039578e+08  3.58108064e-02 
 2.63026799e+08  3.67344546e-02 
 2.69153480e+08  3.76877717e-02 
 2.75422870e+08  3.86666829e-02 
 2.81838293e+08  3.96653859e-02 
 2.88403150e+08  4.06759695e-02 
 2.95120923e+08  4.16880104e-02 
 3.01995172e+08  4.26881849e-02 
 3.09029543e+08  4.36599473e-02 
 3.16227766e+08  4.45833565e-02 
 3.23593657e+08  4.54351523e-02 
 3.31131121e+08  4.61891980e-02 
 3.38844156e+08  4.68173982e-02 
 3.46736850e+08  4.72911566e-02 
 3.54813389e+08  4.75833515e-02 
 3.63078055e+08  4.76706758e-02 
 3.71535229e+08  4.75360469e-02 
 3.80189396e+08  4.71706863e-02 
 3.89045145e+08  4.65754501e-02 
 3.98107171e+08  4.57611041e-02 
 4.07380278e+08  4.47474483e-02 
 4.16869383e+08  4.35614522e-02 
 4.26579519e+08  4.22347664e-02 
 4.36515832e+08  4.08010622e-02 
 4.46683592e+08  3.92936120e-02 
 4.57088190e+08  3.77433882e-02 
 4.67735141e+08  3.61777985e-02 
 4.78630092e+08  3.46200369e-02 
 4.89778819e+08  3.30889419e-02 
 5.01187234e+08  3.15992168e-02 
 5.12861384e+08  3.01618718e-02 
 5.24807460e+08  2.87847718e-02 
 5.37031796e+08  2.74732061e-02 
 5.49540874e+08  2.62304274e-02 
 5.62341325e+08  2.50581299e-02 
 5.75439937e+08  2.39568566e-02 
 5.88843655e+08  2.29263324e-02 
 6.02559586e+08  2.19657316e-02 
 6.16595002e+08  2.10738848e-02 
 6.30957344e+08  2.02494370e-02 
 6.45654229e+08  1.94909639e-02 
 6.60693448e+08  1.87970546e-02 
 6.76082975e+08  1.81663687e-02 
 6.91830971e+08  1.75976708e-02 
 7.07945784e+08  1.70898497e-02 
 7.24435960e+08  1.66419251e-02 
 7.41310241e+08  1.62530441e-02 
 7.58577575e+08  1.59224721e-02 
 7.76247117e+08  1.56495786e-02 
 7.94328235e+08  1.54338199e-02 
 8.12830516e+08  1.52747190e-02 
 8.31763771e+08  1.51718405e-02 
 8.51138038e+08  1.51247578e-02 
 8.70963590e+08  1.51330035e-02 
 8.91250938e+08  1.51959923e-02 
 9.12010839e+08  1.53128943e-02 
 9.33254301e+08  1.54824312e-02 
 9.54992586e+08  1.57025527e-02 
 9.77237221e+08  1.59699395e-02 
 1.00000000e+09  1.62792725e-02 
 1.02329299e+09  1.66222179e-02 
 1.04712855e+09  1.69861491e-02 
 1.07151931e+09  1.73527842e-02 
 1.09647820e+09  1.76972548e-02 
 1.12201845e+09  1.79885858e-02 
 1.14815362e+09  1.81929461e-02 
 1.17489755e+09  1.82806603e-02 
 1.20226443e+09  1.82361342e-02 
 1.23026877e+09  1.80668717e-02 
 1.25892541e+09  1.78061297e-02 
 1.28824955e+09  1.75063205e-02 
 1.31825674e+09  1.72259752e-02 
 1.34896288e+09  1.70168497e-02 
 1.38038426e+09  1.69164176e-02 
 1.41253754e+09  1.69468083e-02 
 1.44543977e+09  1.71181102e-02 
 1.47910839e+09  1.74332612e-02 
 1.51356125e+09  1.78925414e-02 
 1.54881662e+09  1.84966224e-02 
 1.58489319e+09  1.92475134e-02 
 1.62181010e+09  2.01465102e-02 
 1.65958691e+09  2.11882780e-02 
 1.69824365e+09  2.23529366e-02 
 1.73780083e+09  2.36046849e-02 
 1.77827941e+09  2.49054502e-02 
 1.81970086e+09  2.62319430e-02 
 1.86208714e+09  2.75731862e-02 
 1.90546072e+09  2.89106425e-02 
 1.94984460e+09  3.01968915e-02 
 1.99526231e+09  3.13334012e-02 
 2.04173794e+09  3.21460803e-02 
 2.08929613e+09  3.23810972e-02 
 2.13796209e+09  3.17664852e-02 
 2.18776162e+09  3.01568872e-02 
 2.23872114e+09  2.76704876e-02 
 2.29086765e+09  2.46688507e-02 
 2.34422882e+09  2.15820856e-02 
 2.39883292e+09  1.87461735e-02 
 2.45470892e+09  1.63536743e-02 
 2.51188643e+09  1.44825264e-02 
 2.57039578e+09  1.31388128e-02 
 2.63026799e+09  1.22855974e-02 
 2.69153480e+09  1.18594014e-02 
 2.75422870e+09  1.17833792e-02 
 2.81838293e+09  1.19807307e-02 
 2.88403150e+09  1.23859323e-02 
 2.95120923e+09  1.29519596e-02 
 3.01995172e+09  1.36572683e-02 
 3.09029543e+09  1.45301674e-02 
 3.16227766e+09  1.55372308e-02 
 3.23593657e+09  1.49606370e-02 
 3.31131121e+09  1.54385639e-02 
 3.38844156e+09  1.70190171e-02 
 3.46736850e+09  1.81440865e-02 
 3.54813389e+09  1.92625715e-02 
 3.63078055e+09  2.04432084e-02 
 3.71535229e+09  2.17261423e-02 
 3.80189396e+09  2.32371990e-02 
 3.89045145e+09  2.50162341e-02 
 3.98107171e+09  2.74978961e-02 
 4.07380278e+09  3.24899772e-02 
 4.16869383e+09  1.72500762e-02 
 4.26579519e+09  2.75071507e-02 
 4.36515832e+09  3.31753003e-02 
 4.46683592e+09  4.09382108e-02 
 4.57088190e+09  3.28525155e-02 
 4.67735141e+09  1.81689297e-02 
 4.78630092e+09  2.61878417e-02 
 4.89778819e+09  3.50773428e-02 
 5.01187234e+09  2.83189709e-02 
 5.12861384e+09  3.13877099e-02 
 5.24807460e+09  3.92980660e-02 
 5.37031796e+09  4.77654266e-02 
 5.49540874e+09  3.90468912e-02 
 5.62341325e+09  4.92871376e-02 
 5.75439937e+09  4.50900920e-02 
 5.88843655e+09  4.62383125e-02 
 6.02559586e+09  3.58575976e-02 
 6.16595002e+09  2.95705962e-02 
 6.30957344e+09  3.09996437e-02 
 6.45654229e+09  2.74341483e-02 
 6.60693448e+09  4.14785844e-02 
 6.76082975e+09  7.45981601e-02 
 6.91830971e+09  6.31266563e-02 
 7.07945784e+09  2.24316129e-02 
 7.24435960e+09  1.30790431e-02 
 7.41310241e+09  1.98151289e-02 
 7.58577575e+09  2.77875222e-02 
 7.76247117e+09  3.17751753e-02 
 7.94328235e+09  1.71649930e-02 
 8.12830516e+09  2.79634332e-02 
 8.31763771e+09  1.40661292e-02 
 8.51138038e+09  4.11707407e-02 
 8.70963590e+09  2.47245600e-02 
 8.91250938e+09  3.48698050e-02 
 9.12010839e+09  3.53139806e-02 
 9.33254301e+09  3.20537889e-02 
 9.54992586e+09  3.73491356e-02 
 9.77237221e+09  3.92774106e-02 
 1.00000000e+10  4.21634025e-02 
 1.02329299e+10  4.47076634e-02 
 1.04712855e+10  4.72122910e-02 
 1.07151931e+10  4.97805964e-02 
 1.09647820e+10  5.24777802e-02 
 1.12201845e+10  5.53707323e-02 
 1.14815362e+10  5.85455204e-02 
 1.17489755e+10  6.21299638e-02 
 1.20226443e+10  6.63370208e-02 
 1.23026877e+10  7.15659648e-02 
 1.25892541e+10  7.86824481e-02 
 1.28824955e+10  8.99763993e-02 
 1.31825674e+10  1.13115208e-01 
 1.34896288e+10  1.15944287e-01 
 1.38038426e+10  3.22593202e-02 
 1.41253754e+10  5.85647272e-02 
 1.44543977e+10  6.82942032e-02 
 1.47910839e+10  6.21756016e-02 
 1.51356125e+10  6.65982461e-02 
 1.54881662e+10  7.50889710e-02 
 1.58489319e+10  8.24941761e-02 
 1.62181010e+10  8.95784577e-02 
 1.65958691e+10  9.69106815e-02 
 1.69824365e+10  1.04829844e-01 
 1.73780083e+10  1.13638448e-01 
 1.77827941e+10  1.23648227e-01 
 1.81970086e+10  1.35144935e-01 
 1.86208714e+10  1.48143576e-01 
 1.90546072e+10  1.61487912e-01 
 1.94984460e+10  1.70768487e-01 
 1.99526231e+10  1.69458718e-01 
