 1.00000000e+08  1.96487266e-02 
 1.02330354e+08  1.96262235e-02 
 1.04715014e+08  1.95858566e-02 
 1.07155245e+08  1.95256877e-02 
 1.09652342e+08  1.94438112e-02 
 1.12207630e+08  1.93384128e-02 
 1.14822466e+08  1.92078352e-02 
 1.17498236e+08  1.90506517e-02 
 1.20236362e+08  1.88657409e-02 
 1.23038295e+08  1.86523597e-02 
 1.25905523e+08  1.84102106e-02 
 1.28839568e+08  1.81394948e-02 
 1.31841987e+08  1.78409495e-02 
 1.34914372e+08  1.75158618e-02 
 1.38058355e+08  1.71660591e-02 
 1.41275604e+08  1.67938735e-02 
 1.44567827e+08  1.64020828e-02 
 1.47936769e+08  1.59938309e-02 
 1.51384220e+08  1.55725346e-02 
 1.54912009e+08  1.51417810e-02 
 1.58522008e+08  1.47052249e-02 
 1.62216133e+08  1.42664902e-02 
 1.65996343e+08  1.38290818e-02 
 1.69864646e+08  1.33963115e-02 
 1.73823095e+08  1.29712398e-02 
 1.77873789e+08  1.25566342e-02 
 1.82018879e+08  1.21549432e-02 
 1.86260564e+08  1.17682844e-02 
 1.90601095e+08  1.13984455e-02 
 1.95042776e+08  1.10468938e-02 
 1.99587964e+08  1.07147948e-02 
 2.04239071e+08  1.04030363e-02 
 2.08998565e+08  1.01122583e-02 
 2.13868972e+08  9.84288838e-03 
 2.18852877e+08  9.59518596e-03 
 2.23952925e+08  9.36929896e-03 
 2.29171822e+08  9.16534588e-03 
 2.34512337e+08  8.98354603e-03 
 2.39977306e+08  8.82444952e-03 
 2.45569627e+08  8.68938532e-03 
 2.51292270e+08  8.58142221e-03 
 2.57148271e+08  8.50765194e-03 
 2.63140737e+08  8.48531129e-03 
 2.69272848e+08  8.56094254e-03 
 2.75547860e+08  8.88465633e-03 
 2.81969102e+08  1.01089015e-02 
 2.88539981e+08  1.47808103e-02 
 2.95263985e+08  2.04668623e-02 
 3.02144683e+08  1.25636475e-02 
 3.09185725e+08  1.03568474e-02 
 3.16390848e+08  9.72176260e-03 
 3.23763876e+08  1.06478092e-02 
 3.31308722e+08  9.46752523e-03 
 3.39029389e+08  9.16852792e-03 
 3.46929975e+08  9.17028348e-03 
 3.55014673e+08  9.35944977e-03 
 3.63287773e+08  9.68367992e-03 
 3.71753666e+08  1.03273221e-02 
 3.80416844e+08  1.11268923e-02 
 3.89281904e+08  1.11959709e-02 
 3.98353552e+08  1.42580066e-02 
 4.07636602e+08  1.28650633e-02 
 4.17135980e+08  1.11451113e-02 
 4.26856726e+08  9.93446214e-03 
 4.36804001e+08  9.75759312e-03 
 4.46983082e+08  1.03045475e-02 
 4.57399372e+08  1.18849886e-02 
 4.68058398e+08  1.00220674e-02 
 4.78965818e+08  9.90626430e-03 
 4.90127419e+08  1.01282192e-02 
 5.01549125e+08  1.04755105e-02 
 5.13236997e+08  1.12384132e-02 
 5.25197238e+08  1.18025990e-02 
 5.37436195e+08  1.34816026e-02 
 5.49960363e+08  1.24394761e-02 
 5.62776388e+08  1.05590318e-02 
 5.75891073e+08  1.38266397e-02 
 5.89311376e+08  9.34558900e-03 
 6.03044419e+08  9.23318393e-03 
 6.17097492e+08  9.87586361e-03 
 6.31478050e+08  1.02394524e-02 
 6.46193727e+08  1.06551670e-02 
 6.61252331e+08  1.15673246e-02 
 6.76661854e+08  1.08804628e-02 
 6.92430473e+08  1.19800200e-02 
 7.08566557e+08  1.39950107e-02 
 7.25078669e+08  1.24531287e-02 
 7.41975572e+08  1.24141532e-02 
 7.59266232e+08  1.39655880e-02 
 7.76959826e+08  1.20277147e-02 
 7.95065744e+08  1.49912117e-02 
 8.13593593e+08  1.29192405e-02 
 8.32553207e+08  1.35825010e-02 
 8.51954648e+08  1.57640173e-02 
 8.71808210e+08  1.21613751e-02 
 8.92124431e+08  1.32443333e-02 
 9.12914092e+08  1.59729851e-02 
 9.34188226e+08  1.64306908e-02 
 9.55958123e+08  1.30775038e-02 
 9.78235335e+08  1.67940059e-02 
 1.00103169e+09  1.47254625e-02 
 1.02435927e+09  1.26558222e-02 
 1.04823047e+09  1.23122701e-02 
 1.07265796e+09  1.29852012e-02 
 1.09765469e+09  1.33353246e-02 
 1.12323393e+09  1.29493524e-02 
 1.14940927e+09  1.23327067e-02 
 1.17619457e+09  1.26428664e-02 
 1.20360408e+09  1.30253274e-02 
 1.23165232e+09  1.32452036e-02 
 1.26035418e+09  1.32417159e-02 
 1.28972490e+09  1.32741037e-02 
 1.31978006e+09  1.33601996e-02 
 1.35053561e+09  1.36740983e-02 
 1.38200788e+09  1.40628674e-02 
 1.41421356e+09  1.52894567e-02 
 1.44716975e+09  1.38213304e-02 
 1.48089393e+09  1.41039401e-02 
 1.51540401e+09  1.45170212e-02 
 1.55071830e+09  1.46869956e-02 
 1.58685553e+09  1.42498991e-02 
 1.62383489e+09  1.45613816e-02 
 1.66167599e+09  1.49356510e-02 
 1.70039893e+09  1.57512393e-02 
 1.74002425e+09  1.60611398e-02 
 1.78057299e+09  1.80781332e-02 
 1.82206665e+09  4.04950615e-02 
 1.86452726e+09  1.08274613e-02 
 1.90797735e+09  1.13465141e-02 
 1.95243999e+09  1.23625870e-02 
 1.99793876e+09  1.28758345e-02 
 2.04449781e+09  1.30051184e-02 
 2.09214185e+09  1.32514743e-02 
 2.14089617e+09  1.34348168e-02 
 2.19078664e+09  1.35743160e-02 
 2.24183974e+09  1.36833421e-02 
 2.29408255e+09  1.37699526e-02 
 2.34754280e+09  1.38391885e-02 
 2.40224887e+09  1.38943540e-02 
 2.45822978e+09  1.39377078e-02 
 2.51551525e+09  1.39708542e-02 
 2.57413567e+09  1.39949749e-02 
 2.63412215e+09  1.40109744e-02 
 2.69550653e+09  1.40195772e-02 
 2.75832139e+09  1.40213991e-02 
 2.82260005e+09  1.40170102e-02 
 2.88837664e+09  1.40070057e-02 
 2.95568605e+09  1.39921171e-02 
 3.02456401e+09  1.39734412e-02 
 3.09504707e+09  1.39530333e-02 
 3.16717263e+09  1.39358870e-02 
 3.24097898e+09  1.39394858e-02 
 3.31650528e+09  1.40929807e-02 
 3.39379160e+09  1.42533071e-02 
 3.47287898e+09  1.35952518e-02 
 3.55380937e+09  1.35534464e-02 
 3.63662572e+09  1.35003615e-02 
 3.72137199e+09  1.34376274e-02 
 3.80809314e+09  1.33676996e-02 
 3.89683521e+09  1.32918572e-02 
 3.98764528e+09  1.32108206e-02 
 4.08057155e+09  1.31250444e-02 
 4.17566333e+09  1.30348469e-02 
 4.27297108e+09  1.29404704e-02 
 4.37254645e+09  1.28421129e-02 
 4.47444228e+09  1.27399444e-02 
 4.57871264e+09  1.26341160e-02 
 4.68541287e+09  1.25247653e-02 
 4.79459960e+09  1.24120196e-02 
 4.90633076e+09  1.22959971e-02 
 5.02066566e+09  1.21768069e-02 
 5.13766496e+09  1.20545490e-02 
 5.25739076e+09  1.19293118e-02 
 5.37990660e+09  1.18011695e-02 
 5.50527749e+09  1.16701774e-02 
 5.63356997e+09  1.15363640e-02 
 5.76485211e+09  1.13997191e-02 
 5.89919360e+09  1.12601738e-02 
 6.03666571e+09  1.11175614e-02 
 6.17734142e+09  1.09715802e-02 
 6.32129537e+09  1.08217098e-02 
 6.46860395e+09  1.06665568e-02 
 6.61934535e+09  1.05035594e-02 
 6.77359956e+09  1.03249116e-02 
 6.93144843e+09  1.01434919e-02 
 7.09297575e+09  9.91192820e-03 
 7.25826722e+09  1.00558694e-02 
 7.42741057e+09  9.76113387e-03 
 7.60049556e+09  9.47031225e-03 
 7.77761404e+09  8.96365033e-03 
 7.95886001e+09  1.20871930e-02 
 8.14432966e+09  9.78381420e-03 
 8.33412140e+09  9.35352948e-03 
 8.52833597e+09  9.31575478e-03 
 8.72707642e+09  9.52597718e-03 
 8.93044823e+09  9.03934047e-03 
 9.13855932e+09  8.80306683e-03 
 9.35152014e+09  8.60637745e-03 
 9.56944371e+09  8.44677099e-03 
 9.79244566e+09  8.28279899e-03 
 1.00206443e+10  8.12490361e-03 
 1.02541609e+10  7.97091303e-03 
 1.04931192e+10  7.81986230e-03 
 1.07376460e+10  7.67120580e-03 
 1.09878712e+10  7.52460283e-03 
 1.12439276e+10  7.37982292e-03 
 1.15059509e+10  7.23669471e-03 
 1.17740804e+10  7.09507326e-03 
 1.20484582e+10  6.95481381e-03 
 1.23292299e+10  6.81574412e-03 
 1.26165447e+10  6.67762551e-03 
 1.29105549e+10  6.54008458e-03 
 1.32114166e+10  6.40247181e-03 
 1.35192894e+10  6.26351829e-03 
 1.38343368e+10  6.12031877e-03 
 1.41567259e+10  5.96419959e-03 
 1.44866277e+10  5.74757972e-03 
 1.48242175e+10  6.11898126e-03 
 1.51696743e+10  5.46918239e-03 
 1.55231815e+10  5.75929760e-03 
 1.58849266e+10  5.55482232e-03 
 1.62551017e+10  5.40917693e-03 
 1.66339032e+10  5.27980031e-03 
 1.70215321e+10  5.15816948e-03 
 1.74181941e+10  5.04136530e-03 
 1.78240998e+10  4.92810018e-03 
 1.82394645e+10  4.81771145e-03 
 1.86645086e+10  4.70981927e-03 
 1.90994578e+10  4.60418717e-03 
 1.95445429e+10  4.50065759e-03 
 2.00000000e+10  4.39911914e-03 
