 1.00000000e+08  2.05325248e-02 
 1.02330354e+08  2.06931803e-02 
 1.04715014e+08  2.08593441e-02 
 1.07155245e+08  2.10311749e-02 
 1.09652342e+08  2.12088368e-02 
 1.12207630e+08  2.13925002e-02 
 1.14822466e+08  2.15823417e-02 
 1.17498236e+08  2.17785456e-02 
 1.20236362e+08  2.19813038e-02 
 1.23038295e+08  2.21908172e-02 
 1.25905523e+08  2.24072958e-02 
 1.28839568e+08  2.26309604e-02 
 1.31841987e+08  2.28620428e-02 
 1.34914372e+08  2.31007873e-02 
 1.38058355e+08  2.33474518e-02 
 1.41275604e+08  2.36023086e-02 
 1.44567827e+08  2.38656462e-02 
 1.47936769e+08  2.41377702e-02 
 1.51384220e+08  2.44190052e-02 
 1.54912009e+08  2.47096959e-02 
 1.58522008e+08  2.50102094e-02 
 1.62216133e+08  2.53209364e-02 
 1.65996343e+08  2.56422934e-02 
 1.69864646e+08  2.59747249e-02 
 1.73823095e+08  2.63187052e-02 
 1.77873789e+08  2.66747411e-02 
 1.82018879e+08  2.70433741e-02 
 1.86260564e+08  2.74251834e-02 
 1.90601095e+08  2.78207883e-02 
 1.95042776e+08  2.82308516e-02 
 1.99587964e+08  2.86560826e-02 
 2.04239071e+08  2.90972403e-02 
 2.08998565e+08  2.95551373e-02 
 2.13868972e+08  3.00306435e-02 
 2.18852877e+08  3.05246899e-02 
 2.23952925e+08  3.10382727e-02 
 2.29171822e+08  3.15724578e-02 
 2.34512337e+08  3.21283848e-02 
 2.39977306e+08  3.27072714e-02 
 2.45569627e+08  3.33104179e-02 
 2.51292270e+08  3.39392108e-02 
 2.57148271e+08  3.45951268e-02 
 2.63140737e+08  3.52797348e-02 
 2.69272848e+08  3.59946987e-02 
 2.75547860e+08  3.67417763e-02 
 2.81969102e+08  3.75228178e-02 
 2.88539981e+08  3.83397595e-02 
 2.95263985e+08  3.91946142e-02 
 3.02144683e+08  4.00894542e-02 
 3.09185725e+08  4.10263867e-02 
 3.16390848e+08  4.20075178e-02 
 3.23763876e+08  4.30349009e-02 
 3.31308722e+08  4.41104656e-02 
 3.39029389e+08  4.52359205e-02 
 3.46929975e+08  4.64126217e-02 
 3.55014673e+08  4.76413973e-02 
 3.63287773e+08  4.89223163e-02 
 3.71753666e+08  5.02543873e-02 
 3.80416844e+08  5.16351715e-02 
 3.89281904e+08  5.30602940e-02 
 3.98353552e+08  5.45228394e-02 
 4.07636602e+08  5.60126251e-02 
 4.17135980e+08  5.75153598e-02 
 4.26856726e+08  5.90117230e-02 
 4.36804001e+08  6.04764415e-02 
 4.46983082e+08  6.18775033e-02 
 4.57399372e+08  6.31757219e-02 
 4.68058398e+08  6.43249501e-02 
 4.78965818e+08  6.52732876e-02 
 4.90127419e+08  6.59656077e-02 
 5.01549125e+08  6.63475644e-02 
 5.13236997e+08  6.63709120e-02 
 5.25197238e+08  6.59995026e-02 
 5.37436195e+08  6.52148691e-02 
 5.49960363e+08  6.40200823e-02 
 5.62776388e+08  6.24407898e-02 
 5.75891073e+08  6.05230159e-02 
 5.89311376e+08  5.83281894e-02 
 6.03044419e+08  5.59265817e-02 
 6.17097492e+08  5.33906011e-02 
 6.31478050e+08  5.07891497e-02 
 6.46193727e+08  4.81837180e-02 
 6.61252331e+08  4.56263298e-02 
 6.76661854e+08  4.31590495e-02 
 6.92430473e+08  4.08145827e-02 
 7.08566557e+08  3.86174920e-02 
 7.25078669e+08  3.65856412e-02 
 7.41975572e+08  3.47315995e-02 
 7.59266232e+08  3.30638497e-02 
 7.76959826e+08  3.15877279e-02 
 7.95065744e+08  3.03060850e-02 
 8.13593593e+08  2.92196967e-02 
 8.32553207e+08  2.83274818e-02 
 8.51954648e+08  2.76265985e-02 
 8.71808210e+08  2.71125004e-02 
 8.92124431e+08  2.67790191e-02 
 9.12914092e+08  2.66185276e-02 
 9.34188226e+08  2.66222026e-02 
 9.55958123e+08  2.67803778e-02 
 9.78235335e+08  2.70829517e-02 
 1.00103169e+09  2.75198073e-02 
 1.02435927e+09  2.80811983e-02 
 1.04823047e+09  2.87580723e-02 
 1.07265796e+09  2.95423162e-02 
 1.09765469e+09  3.04269219e-02 
 1.12323393e+09  3.14060838e-02 
 1.14940927e+09  3.24752434e-02 
 1.17619457e+09  3.36310971e-02 
 1.20360408e+09  3.48715831e-02 
 1.23165232e+09  3.61958613e-02 
 1.26035418e+09  3.76042969e-02 
 1.28972490e+09  3.90984543e-02 
 1.31978006e+09  4.06811107e-02 
 1.35053561e+09  4.23562910e-02 
 1.38200788e+09  4.41293320e-02 
 1.41421356e+09  4.60069782e-02 
 1.44716975e+09  4.79975147e-02 
 1.48089393e+09  5.01109425e-02 
 1.51540401e+09  5.23592022e-02 
 1.55071830e+09  5.47564512e-02 
 1.58685553e+09  5.73194006e-02 
 1.62383489e+09  6.00677139e-02 
 1.66167599e+09  6.30244618e-02 
 1.70039893e+09  6.62166145e-02 
 1.74002425e+09  6.96755178e-02 
 1.78057299e+09  7.34372372e-02 
 1.82206665e+09  7.75425340e-02 
 1.86452726e+09  8.20359961e-02 
 1.90797735e+09  8.69634072e-02 
 1.95243999e+09  9.23656043e-02 
 1.99793876e+09  9.82655934e-02 
 2.04449781e+09  1.04643237e-01 
 2.09214185e+09  1.11388439e-01 
 2.14089617e+09  1.18221449e-01 
 2.19078664e+09  1.24576113e-01 
 2.24183974e+09  1.29479950e-01 
 2.29408255e+09  1.31558436e-01 
 2.34754280e+09  1.29383454e-01 
 2.40224887e+09  1.22217480e-01 
 2.45822978e+09  1.10636121e-01 
 2.51551525e+09  9.63143117e-02 
 2.57413567e+09  8.11358599e-02 
 2.63412215e+09  6.64849478e-02 
 2.69550653e+09  5.31107917e-02 
 2.75832139e+09  4.13495585e-02 
 2.82260005e+09  3.14605059e-02 
 2.88837664e+09  2.40766981e-02 
 2.95568605e+09  2.07548670e-02 
 3.02456401e+09  2.32424152e-02 
 3.09504707e+09  3.15649683e-02 
 3.16717263e+09  4.75511116e-02 
 3.24097898e+09  4.71491606e-02 
 3.31650528e+09  8.58187937e-02 
 3.39379160e+09  1.43262646e-01 
 3.47287898e+09  1.25991652e-01 
 3.55380937e+09  7.08747989e-02 
 3.63662572e+09  4.48937392e-02 
 3.72137199e+09  3.36213996e-02 
 3.80809314e+09  3.00554374e-02 
 3.89683521e+09  3.06672489e-02 
 3.98764528e+09  3.33818572e-02 
 4.08057155e+09  3.71564969e-02 
 4.17566333e+09  4.18404981e-02 
 4.27297108e+09  4.14360259e-02 
 4.37254645e+09  4.93203339e-02 
 4.47444228e+09  5.48347915e-02 
 4.57871264e+09  6.08858685e-02 
 4.68541287e+09  6.83154431e-02 
 4.79459960e+09  8.00980647e-02 
 4.90633076e+09  7.91188793e-02 
 5.02066566e+09  1.30050971e-01 
 5.13766496e+09  3.81801539e-02 
 5.25739076e+09  1.00033291e-01 
 5.37990660e+09  5.91724573e-02 
 5.50527749e+09  8.53891136e-02 
 5.63356997e+09  2.11925000e-02 
 5.76485211e+09  7.05079832e-02 
 5.89919360e+09  8.83671652e-02 
 6.03666571e+09  1.04342389e-01 
 6.17734142e+09  2.58155915e-02 
 6.32129537e+09  1.07271512e-01 
 6.46860395e+09  1.79220344e-01 
 6.61934535e+09  1.40238554e-01 
 6.77359956e+09  1.67179491e-01 
 6.93144843e+09  2.10139049e-01 
 7.09297575e+09  2.99030231e-01 
 7.25826722e+09  1.68912486e-01 
 7.42741057e+09  1.56933567e-01 
 7.60049556e+09  3.09170051e-02 
 7.77761404e+09  6.19464432e-02 
 7.95886001e+09  5.36917513e-02 
 8.14432966e+09  1.72911512e-01 
 8.33412140e+09  8.56898460e-02 
 8.52833597e+09  7.56785269e-02 
 8.72707642e+09  8.27308570e-02 
 8.93044823e+09  9.14456793e-02 
 9.13855932e+09  8.48049457e-02 
 9.35152014e+09  1.01254810e-01 
 9.56944371e+09  1.09732093e-01 
 9.79244566e+09  1.13949581e-01 
 1.00206443e+10  1.17351770e-01 
 1.02541609e+10  1.24723204e-01 
 1.04931192e+10  1.30935500e-01 
 1.07376460e+10  1.37055976e-01 
 1.09878712e+10  1.43300305e-01 
 1.12439276e+10  1.49821924e-01 
 1.15059509e+10  1.56803162e-01 
 1.17740804e+10  1.64521268e-01 
 1.20484582e+10  1.73469863e-01 
 1.23292299e+10  1.84665541e-01 
 1.26165447e+10  2.00591985e-01 
 1.29105549e+10  2.28486047e-01 
 1.32114166e+10  2.56026188e-01 
 1.35192894e+10  1.10601657e-01 
 1.38343368e+10  1.39033629e-01 
 1.41567259e+10  1.60810081e-01 
 1.44866277e+10  1.80163780e-01 
 1.48242175e+10  1.84029609e-01 
 1.51696743e+10  1.90217827e-01 
 1.55231815e+10  1.99992059e-01 
 1.58849266e+10  2.08589829e-01 
 1.62551017e+10  2.16756119e-01 
 1.66339032e+10  2.24752554e-01 
 1.70215321e+10  2.32707064e-01 
 1.74181941e+10  2.40698672e-01 
 1.78240998e+10  2.48782603e-01 
 1.82394645e+10  2.57000926e-01 
 1.86645086e+10  2.65387973e-01 
 1.90994578e+10  2.73973406e-01 
 1.95445429e+10  2.82784112e-01 
 2.00000000e+10  2.91845448e-01 
