 1.00000000e+08  1.77622380e-02 
 1.02330354e+08  1.78875249e-02 
 1.04715014e+08  1.80178953e-02 
 1.07155245e+08  1.81535702e-02 
 1.09652342e+08  1.82947826e-02 
 1.12207630e+08  1.84417794e-02 
 1.14822466e+08  1.85948215e-02 
 1.17498236e+08  1.87541858e-02 
 1.20236362e+08  1.89201663e-02 
 1.23038295e+08  1.90930758e-02 
 1.25905523e+08  1.92732479e-02 
 1.28839568e+08  1.94610388e-02 
 1.31841987e+08  1.96568299e-02 
 1.34914372e+08  1.98610306e-02 
 1.38058355e+08  2.00740815e-02 
 1.41275604e+08  2.02964583e-02 
 1.44567827e+08  2.05286759e-02 
 1.47936769e+08  2.07712943e-02 
 1.51384220e+08  2.10249242e-02 
 1.54912009e+08  2.12902349e-02 
 1.58522008e+08  2.15679633e-02 
 1.62216133e+08  2.18589250e-02 
 1.65996343e+08  2.21640279e-02 
 1.69864646e+08  2.24842891e-02 
 1.73823095e+08  2.28208560e-02 
 1.77873789e+08  2.31750329e-02 
 1.82018879e+08  2.35483151e-02 
 1.86260564e+08  2.39424326e-02 
 1.90601095e+08  2.43594075e-02 
 1.95042776e+08  2.48016295e-02 
 1.99587964e+08  2.52719566e-02 
 2.04239071e+08  2.57738515e-02 
 2.08998565e+08  2.63115676e-02 
 2.13868972e+08  2.68904061e-02 
 2.18852877e+08  2.75170721e-02 
 2.23952925e+08  2.82001666e-02 
 2.29171822e+08  2.89508487e-02 
 2.34512337e+08  2.97836536e-02 
 2.39977306e+08  3.07172191e-02 
 2.45569627e+08  3.17737353e-02 
 2.51292270e+08  3.29721637e-02 
 2.57148271e+08  3.42943471e-02 
 2.63140737e+08  3.55309038e-02 
 2.69272848e+08  3.55965322e-02 
 2.75547860e+08  3.04295826e-02 
 2.81969102e+08  1.65884847e-02 
 2.88539981e+08  1.05662288e-02 
 2.95263985e+08  1.60341238e-02 
 3.02144683e+08  2.07084455e-02 
 3.09185725e+08  2.39975002e-02 
 3.16390848e+08  2.64698499e-02 
 3.23763876e+08  2.84732959e-02 
 3.31308722e+08  3.01991696e-02 
 3.39029389e+08  3.17566168e-02 
 3.46929975e+08  3.32111826e-02 
 3.55014673e+08  3.46040538e-02 
 3.63287773e+08  3.59619609e-02 
 3.71753666e+08  3.73024699e-02 
 3.80416844e+08  3.86368802e-02 
 3.89281904e+08  3.99718086e-02 
 3.98353552e+08  4.13100029e-02 
 4.07636602e+08  4.26506752e-02 
 4.17135980e+08  4.39895203e-02 
 4.26856726e+08  4.53185220e-02 
 4.36804001e+08  4.66256315e-02 
 4.46983082e+08  4.78944029e-02 
 4.57399372e+08  4.91036894e-02 
 4.68058398e+08  5.02275337e-02 
 4.78965818e+08  5.12354206e-02 
 4.90127419e+08  5.20930701e-02 
 5.01549125e+08  5.27639389e-02 
 5.13236997e+08  5.32115115e-02 
 5.25197238e+08  5.34023151e-02 
 5.37436195e+08  5.33093744e-02 
 5.49960363e+08  5.29156034e-02 
 5.62776388e+08  5.22164877e-02 
 5.75891073e+08  5.12214478e-02 
 5.89311376e+08  4.99535114e-02 
 6.03044419e+08  4.84473134e-02 
 6.17097492e+08  4.67458366e-02 
 6.31478050e+08  4.48965632e-02 
 6.46193727e+08  4.29477419e-02 
 6.61252331e+08  4.09453137e-02 
 6.76661854e+08  3.89307830e-02 
 6.92430473e+08  3.69400677e-02 
 7.08566557e+08  3.50031812e-02 
 7.25078669e+08  3.31445204e-02 
 7.41975572e+08  3.13835178e-02 
 7.59266232e+08  2.97354561e-02 
 7.76959826e+08  2.82122903e-02 
 7.95065744e+08  2.68233777e-02 
 8.13593593e+08  2.55760541e-02 
 8.32553207e+08  2.44760278e-02 
 8.51954648e+08  2.35275917e-02 
 8.71808210e+08  2.27336705e-02 
 8.92124431e+08  2.20957490e-02 
 9.12914092e+08  2.16137387e-02 
 9.34188226e+08  2.12858566e-02 
 9.55958123e+08  2.11085841e-02 
 9.78235335e+08  2.10767537e-02 
 1.00103169e+09  2.11837820e-02 
 1.02435927e+09  2.14220260e-02 
 1.04823047e+09  2.17832152e-02 
 1.07265796e+09  2.22589012e-02 
 1.09765469e+09  2.28408692e-02 
 1.12323393e+09  2.35214773e-02 
 1.14940927e+09  2.42939057e-02 
 1.17619457e+09  2.51523204e-02 
 1.20360408e+09  2.60919615e-02 
 1.23165232e+09  2.71091766e-02 
 1.26035418e+09  2.82014156e-02 
 1.28972490e+09  2.93672040e-02 
 1.31978006e+09  3.06061071e-02 
 1.35053561e+09  3.19186929e-02 
 1.38200788e+09  3.33065017e-02 
 1.41421356e+09  3.47720236e-02 
 1.44716975e+09  3.63186871e-02 
 1.48089393e+09  3.79508568e-02 
 1.51540401e+09  3.96738404e-02 
 1.55071830e+09  4.14938987e-02 
 1.58685553e+09  4.34182531e-02 
 1.62383489e+09  4.54550808e-02 
 1.66167599e+09  4.76134783e-02 
 1.70039893e+09  4.99033704e-02 
 1.74002425e+09  5.23353213e-02 
 1.78057299e+09  5.49201868e-02 
 1.82206665e+09  5.76685107e-02 
 1.86452726e+09  6.05895201e-02 
 1.90797735e+09  6.36894999e-02 
 1.95243999e+09  6.69692310e-02 
 1.99793876e+09  7.04200494e-02 
 2.04449781e+09  7.40179566e-02 
 2.09214185e+09  7.77151544e-02 
 2.14089617e+09  8.14285653e-02 
 2.19078664e+09  8.50256932e-02 
 2.24183974e+09  8.83101265e-02 
 2.29408255e+09  9.10125806e-02 
 2.34754280e+09  9.27980797e-02 
 2.40224887e+09  9.33022886e-02 
 2.45822978e+09  9.22031591e-02 
 2.51551525e+09  8.93128233e-02 
 2.57413567e+09  8.46486474e-02 
 2.63412215e+09  7.84387669e-02 
 2.69550653e+09  7.10522471e-02 
 2.75832139e+09  6.28907588e-02 
 2.82260005e+09  5.42939850e-02 
 2.88837664e+09  4.54892203e-02 
 2.95568605e+09  3.65909582e-02 
 3.02456401e+09  2.76753397e-02 
 3.09504707e+09  1.91754779e-02 
 3.16717263e+09  1.42486771e-02 
 3.24097898e+09  2.15015249e-02 
 3.31650528e+09  4.20484830e-02 
 3.39379160e+09  7.68102010e-02 
 3.47287898e+09  1.08317683e-01 
 3.55380937e+09  9.43019318e-02 
 3.63662572e+09  7.05630157e-02 
 3.72137199e+09  5.32898660e-02 
 3.80809314e+09  4.14858931e-02 
 3.89683521e+09  3.28868016e-02 
 3.98764528e+09  2.61437238e-02 
 4.08057155e+09  2.19470970e-02 
 4.17566333e+09  2.43619713e-02 
 4.27297108e+09  2.00392028e-02 
 4.37254645e+09  1.93533915e-02 
 4.47444228e+09  2.05480017e-02 
 4.57871264e+09  2.34099174e-02 
 4.68541287e+09  2.83159743e-02 
 4.79459960e+09  3.10589143e-02 
 4.90633076e+09  5.22914237e-02 
 5.02066566e+09  1.21751475e-01 
 5.13766496e+09  6.04189069e-02 
 5.25739076e+09  2.71850171e-02 
 5.37990660e+09  2.53911989e-02 
 5.50527749e+09  3.19473930e-02 
 5.63356997e+09  3.49128252e-02 
 5.76485211e+09  4.33996981e-02 
 5.89919360e+09  5.57673217e-02 
 6.03666571e+09  1.06017527e-01 
 6.17734142e+09  4.66987944e-02 
 6.32129537e+09  7.69831966e-02 
 6.46860395e+09  1.41062459e-01 
 6.61934535e+09  2.46075268e-01 
 6.77359956e+09  1.46935774e-01 
 6.93144843e+09  3.88725771e-02 
 7.09297575e+09  1.61830201e-02 
 7.25826722e+09  1.57021708e-02 
 7.42741057e+09  1.83703422e-02 
 7.60049556e+09  2.50106384e-02 
 7.77761404e+09  3.52942073e-02 
 7.95886001e+09  2.66088929e-02 
 8.14432966e+09  3.92877571e-02 
 8.33412140e+09  2.36234518e-02 
 8.52833597e+09  3.90348214e-02 
 8.72707642e+09  3.82235950e-02 
 8.93044823e+09  4.59314559e-02 
 9.13855932e+09  5.14437991e-02 
 9.35152014e+09  1.06945158e-01 
 9.56944371e+09  5.60085675e-02 
 9.79244566e+09  4.74004428e-02 
 1.00206443e+10  6.27752860e-02 
 1.02541609e+10  6.78157307e-02 
 1.04931192e+10  7.25308514e-02 
 1.07376460e+10  7.74745790e-02 
 1.09878712e+10  8.28816827e-02 
 1.12439276e+10  8.89809406e-02 
 1.15059509e+10  9.60121362e-02 
 1.17740804e+10  1.04034784e-01 
 1.20484582e+10  1.11897246e-01 
 1.23292299e+10  1.13619255e-01 
 1.26165447e+10  9.76608682e-02 
 1.29105549e+10  7.28262251e-02 
 1.32114166e+10  6.18086130e-02 
 1.35192894e+10  6.34723746e-02 
 1.38343368e+10  6.96321334e-02 
 1.41567259e+10  7.73091673e-02 
 1.44866277e+10  9.09313742e-02 
 1.48242175e+10  9.41510844e-02 
 1.51696743e+10  9.03160855e-02 
 1.55231815e+10  9.55962214e-02 
 1.58849266e+10  1.05988979e-01 
 1.62551017e+10  1.03866541e-01 
 1.66339032e+10  1.04429795e-01 
 1.70215321e+10  1.07896934e-01 
 1.74181941e+10  1.12072149e-01 
 1.78240998e+10  1.16355822e-01 
 1.82394645e+10  1.20694926e-01 
 1.86645086e+10  1.25180104e-01 
 1.90994578e+10  1.29788775e-01 
 1.95445429e+10  1.34482773e-01 
 2.00000000e+10  1.39255575e-01 
