3.797581270337104797e+00
3.788378179073333740e+00
3.777956053614616394e+00
3.764957651495933533e+00
3.765403032302856445e+00
3.754442065954208374e+00
3.752434372901916504e+00
3.740133300423622131e+00
3.730344310402870178e+00
3.711879268288612366e+00
3.694289296865463257e+00
3.683242693543434143e+00
3.679308786988258362e+00
3.664425745606422424e+00
3.666315287351608276e+00
3.663988739252090454e+00
3.680490702390670776e+00
3.681352809071540833e+00
3.669879317283630371e+00
3.668515354394912720e+00
3.648518368601799011e+00
3.642936483025550842e+00
3.657225295901298523e+00
3.654299005866050720e+00
3.649324849247932434e+00
3.602326303720474243e+00
3.631138190627098083e+00
3.625121593475341797e+00
3.632824778556823730e+00
3.608040317893028259e+00
3.614574104547500610e+00
3.571165561676025391e+00
3.592463016510009766e+00
3.568780660629272461e+00
3.603435069322586060e+00
3.608631327748298645e+00
3.564485862851142883e+00
3.603307604789733887e+00
3.578036576509475708e+00
3.615658819675445557e+00
3.570470720529556274e+00
3.613185420632362366e+00
3.613395884633064270e+00
3.620846316218376160e+00
3.647368401288986206e+00
3.655956715345382690e+00
3.611566498875617981e+00
3.620754599571228027e+00
3.591580212116241455e+00
3.585597097873687744e+00
3.566629633307456970e+00
3.580714374780654907e+00
3.595949113368988037e+00
3.623149886727333069e+00
3.575147151947021484e+00
3.584756925702095032e+00
3.558285713195800781e+00
3.554952442646026611e+00
3.575092732906341553e+00
3.570867285132408142e+00
3.562672629952430725e+00
3.556883737444877625e+00
3.536619052290916443e+00
3.515637084841728210e+00
3.529020160436630249e+00
3.578460887074470520e+00
3.580262064933776855e+00
3.556427150964736938e+00
3.551019787788391113e+00
3.545196965336799622e+00
3.548999950289726257e+00
3.548838958144187927e+00
3.543793156743049622e+00
3.555168569087982178e+00
3.595796406269073486e+00
3.554109990596771240e+00
3.577703431248664856e+00
3.549185559153556824e+00
3.559569537639617920e+00
3.519636839628219604e+00
3.503675878047943115e+00
3.540398880839347839e+00
3.540235221385955811e+00
3.552131563425064087e+00
3.571222379803657532e+00
3.541249543428421021e+00
3.568280056118965149e+00
3.565588489174842834e+00
3.545053720474243164e+00
3.519510686397552490e+00
3.508782431483268738e+00
3.518531829118728638e+00
3.525723934173583984e+00
3.527823090553283691e+00
3.520499408245086670e+00
3.505998969078063965e+00
3.537966296076774597e+00
3.544908449053764343e+00
3.539955765008926392e+00
3.509161621332168579e+00
3.541511356830596924e+00
3.556696042418479919e+00
3.548500075936317444e+00
3.539522498846054077e+00
3.570640787482261658e+00
3.587605029344558716e+00
3.603771761059761047e+00
3.568424805998802185e+00
3.609424784779548645e+00
3.624029099941253662e+00
3.600255712866783142e+00
3.637803032994270325e+00
3.656244188547134399e+00
3.645039886236190796e+00
3.607057258486747742e+00
3.616984039545059204e+00
3.619660615921020508e+00
3.631154090166091919e+00
3.621054440736770630e+00
3.643113598227500916e+00
3.607029601931571960e+00
3.613924264907836914e+00
3.588686063885688782e+00
3.650694772601127625e+00
3.620859429240226746e+00
3.613847643136978149e+00
3.618080511689186096e+00
3.619738742709159851e+00
3.611267894506454468e+00
3.628344848752021790e+00
3.652077227830886841e+00
3.630733683705329895e+00
3.629795968532562256e+00
3.620222225785255432e+00
3.622357219457626343e+00
3.608426392078399658e+00
3.627717316150665283e+00
3.628028139472007751e+00
3.633769616484642029e+00
3.630172386765480042e+00
3.634327173233032227e+00
3.648906126618385315e+00
3.632109552621841431e+00
3.641201809048652649e+00
3.623741656541824341e+00
3.642291918396949768e+00
3.632658064365386963e+00
3.626012712717056274e+00
3.644464805722236633e+00
3.635770976543426514e+00
3.608938232064247131e+00
3.634129971265792847e+00
3.650219023227691650e+00
3.620350465178489685e+00
3.621676638722419739e+00
3.644860789179801941e+00
3.629606246948242188e+00
3.643730655312538147e+00
3.641068473458290100e+00
3.652250647544860840e+00
3.640594735741615295e+00
3.669344812631607056e+00
3.646430969238281250e+00
3.638296723365783691e+00
3.618906572461128235e+00
3.625019580125808716e+00
3.621263906359672546e+00
3.604673326015472412e+00
3.605799213051795959e+00
3.612265720963478088e+00
3.608103558421134949e+00
3.611561000347137451e+00
3.633509010076522827e+00
3.600510418415069580e+00
3.600812450051307678e+00
3.583427831530570984e+00
3.606047317385673523e+00
3.605289131402969360e+00
3.592934578657150269e+00
3.575134351849555969e+00
3.578993812203407288e+00
3.550990730524063110e+00
3.579599201679229736e+00
3.537373825907707214e+00
3.569372072815895081e+00
3.556111440062522888e+00
3.579912856221199036e+00
3.552474975585937500e+00
3.558125719428062439e+00
3.577951580286026001e+00
3.544293776154518127e+00
3.588944643735885620e+00
3.553110539913177490e+00
3.599351570010185242e+00
3.568523198366165161e+00
3.573017969727516174e+00
3.561337187886238098e+00
3.584300652146339417e+00
3.543721795082092285e+00
3.543722316622734070e+00
3.558861449360847473e+00
3.546231016516685486e+00
3.572071224451065063e+00
3.552147984504699707e+00
3.566565632820129395e+00
3.542912900447845459e+00
3.548014298081398010e+00
3.567834526300430298e+00
3.556997060775756836e+00
3.580886915326118469e+00
3.552477046847343445e+00
3.510476812720298767e+00
3.554591640830039978e+00
3.558879539370536804e+00
3.561193838715553284e+00
3.533860445022583008e+00
3.565160900354385376e+00
3.562948033213615417e+00
3.563696697354316711e+00
3.562221422791481018e+00
3.544535204768180847e+00
3.565042316913604736e+00
3.549134314060211182e+00
3.548062682151794434e+00
3.568468600511550903e+00
3.538309708237648010e+00
3.557267397642135620e+00
3.544315144419670105e+00
3.522616550326347351e+00
3.536711290478706360e+00
3.507649108767509460e+00
3.481709092855453491e+00
3.481794819235801697e+00
3.516868919134140015e+00
3.510032892227172852e+00
3.470193922519683838e+00
3.481631875038146973e+00
3.465751916170120239e+00
3.474801912903785706e+00
3.463256597518920898e+00
3.466400638222694397e+00
3.487486720085144043e+00
3.496884316205978394e+00
3.499823510646820068e+00
3.501750245690345764e+00
3.494457066059112549e+00
3.491353899240493774e+00
3.465595155954360962e+00
3.450893715023994446e+00
3.460246443748474121e+00
3.437900394201278687e+00
3.421437054872512817e+00
3.391819402575492859e+00
3.417114764451980591e+00
3.428140252828598022e+00
3.428090497851371765e+00
3.384721875190734863e+00
3.414563119411468506e+00
3.429503202438354492e+00
3.413712427020072937e+00
3.392931848764419556e+00
3.377633497118949890e+00
3.384275943040847778e+00
3.409193843603134155e+00
3.401227727532386780e+00
3.381538406014442444e+00
3.390098959207534790e+00
3.404689863324165344e+00
3.415679454803466797e+00
3.382686465978622437e+00
3.410910621285438538e+00
3.424562335014343262e+00
3.410252213478088379e+00
3.424413159489631653e+00
3.357950821518898010e+00
3.414708420634269714e+00
3.394111201167106628e+00
3.360604688525199890e+00
3.396490499377250671e+00
3.362458303570747375e+00
3.390555948019027710e+00
3.377419605851173401e+00
3.381129562854766846e+00
3.377609819173812866e+00
3.367345437407493591e+00
3.352749764919281006e+00
3.310677975416183472e+00
3.369257673621177673e+00
3.379498660564422607e+00
3.347169503569602966e+00
3.354799717664718628e+00
3.321119293570518494e+00
3.316536620259284973e+00
3.321517437696456909e+00
3.306900754570960999e+00
3.345674559473991394e+00
3.304082930088043213e+00
3.334676429629325867e+00
3.355560153722763062e+00
3.364059194922447205e+00
3.335675686597824097e+00
3.367703348398208618e+00
3.332397758960723877e+00
3.331444278359413147e+00
3.361448243260383606e+00
3.339200899004936218e+00
3.335194781422615051e+00
3.306251943111419678e+00
3.305200994014739990e+00
3.334881424903869629e+00
3.309820920228958130e+00
3.294918820261955261e+00
3.274666979908943176e+00
3.318856418132781982e+00
3.337107986211776733e+00
3.315966919064521790e+00
3.303072422742843628e+00
3.341025307774543762e+00
3.329518437385559082e+00
3.328438237309455872e+00
3.345202609896659851e+00
3.367482274770736694e+00
3.368194788694381714e+00
3.398024260997772217e+00
3.400731623172760010e+00
3.394384101033210754e+00
3.388822704553604126e+00
3.411983311176300049e+00
3.401820302009582520e+00
3.377187803387641907e+00
3.413336470723152161e+00
3.376555293798446655e+00
3.385217323899269104e+00
3.369190409779548645e+00
3.415089339017868042e+00
3.413008019328117371e+00
3.383823588490486145e+00
3.377422794699668884e+00
3.369817808270454407e+00
3.383076131343841553e+00
3.393060803413391113e+00
3.376571387052536011e+00
3.381038904190063477e+00
3.400772973895072937e+00
3.413201719522476196e+00
3.366031512618064880e+00
3.375355646014213562e+00
3.374032750725746155e+00
3.343398362398147583e+00
3.365010127425193787e+00
3.385842397809028625e+00
3.361304014921188354e+00
3.395377576351165771e+00
3.395825535058975220e+00
3.393482014536857605e+00
3.415005356073379517e+00
3.415829822421073914e+00
3.463018968701362610e+00
3.397807776927947998e+00
3.433972269296646118e+00
3.432495802640914917e+00
3.403929099440574646e+00
3.406931087374687195e+00
3.441353857517242432e+00
3.406953573226928711e+00
3.462988898158073425e+00
3.406695276498794556e+00
3.388380989432334900e+00
3.394292771816253662e+00
3.358838498592376709e+00
3.388537093997001648e+00
3.381948247551918030e+00
3.404676020145416260e+00
3.413671061396598816e+00
3.420342177152633667e+00
3.434574544429779053e+00
3.385213971138000488e+00
3.384695187211036682e+00
3.405378788709640503e+00
3.404060199856758118e+00
3.380559742450714111e+00
3.402070268988609314e+00
3.390279129147529602e+00
3.408647209405899048e+00
3.385803610086441040e+00
3.389656856656074524e+00
3.370932176709175110e+00
3.377454236149787903e+00
3.333530873060226440e+00
3.352576494216918945e+00
3.354677140712738037e+00
3.319153681397438049e+00
3.353141680359840393e+00
3.351825907826423645e+00
3.352460548281669617e+00
3.350020810961723328e+00
3.347292676568031311e+00
3.307462200522422791e+00
3.355075001716613770e+00
3.380539432168006897e+00
3.373307123780250549e+00
3.389675363898277283e+00
3.325049623847007751e+00
3.358497217297554016e+00
3.366486206650733948e+00
3.361004814505577087e+00
3.360279992222785950e+00
3.353633582592010498e+00
3.324137121438980103e+00
3.359914258122444153e+00
3.357104212045669556e+00
3.335193738341331482e+00
3.345264285802841187e+00
3.338564947247505188e+00
3.346601068973541260e+00
3.368255272507667542e+00
3.341283947229385376e+00
3.360357418656349182e+00
3.302245914936065674e+00
3.292644828557968140e+00
3.317478895187377930e+00
3.308168485760688782e+00
3.312669590115547180e+00
3.359975278377532959e+00
3.305730372667312622e+00
3.347202107310295105e+00
3.318591549992561340e+00
3.303799182176589966e+00
3.296081498265266418e+00
3.336594253778457642e+00
3.303563684225082397e+00
3.296703219413757324e+00
3.318181335926055908e+00
3.303882151842117310e+00
3.299303278326988220e+00
3.296684890985488892e+00
3.288115084171295166e+00
3.291146203875541687e+00
3.326752141118049622e+00
3.286192208528518677e+00
3.316435977816581726e+00
3.296415507793426514e+00
3.321402832865715027e+00
3.276259750127792358e+00
3.292959347367286682e+00
3.327770829200744629e+00
3.311727240681648254e+00
3.280256092548370361e+00
3.292978435754776001e+00
3.300719931721687317e+00
3.292541965842247009e+00
3.253081291913986206e+00
3.256353661417961121e+00
3.249133512377738953e+00
3.271221086382865906e+00
3.259199023246765137e+00
3.251193106174468994e+00
3.289658203721046448e+00
3.288214206695556641e+00
3.290266677737236023e+00
3.263226509094238281e+00
3.250324159860610962e+00
3.287179693579673767e+00
3.270403429865837097e+00
3.262097507715225220e+00
3.270910382270812988e+00
3.284651070833206177e+00
3.247838065028190613e+00
3.259408473968505859e+00
3.241414830088615417e+00
3.246150210499763489e+00
3.242286860942840576e+00
3.218406215310096741e+00
3.207188114523887634e+00
3.227098226547241211e+00
3.223007127642631531e+00
3.237581312656402588e+00
3.246568962931632996e+00
3.264211878180503845e+00
3.196568146347999573e+00
3.231026843190193176e+00
3.242555633187294006e+00
3.227148383855819702e+00
3.235519856214523315e+00
3.248716801404953003e+00
3.249618157744407654e+00
3.286021932959556580e+00
3.235854521393775940e+00
3.242788657546043396e+00
3.215884208679199219e+00
3.231940075755119324e+00
3.236368417739868164e+00
3.214734867215156555e+00
3.186072304844856262e+00
3.187047943472862244e+00
3.206516206264495850e+00
3.167723700404167175e+00
3.177971929311752319e+00
3.189392119646072388e+00
3.177326112985610962e+00
3.162533670663833618e+00
3.157630741596221924e+00
3.214909836649894714e+00
3.213529512286186218e+00
3.185005918145179749e+00
3.166102424263954163e+00
3.171787261962890625e+00
3.187576159834861755e+00
3.216641232371330261e+00
3.189268931746482849e+00
3.195432022213935852e+00
3.187183722853660583e+00
3.186019867658615112e+00
3.223860323429107666e+00
3.209885969758033752e+00
3.194306254386901855e+00
3.221678942441940308e+00
3.195498168468475342e+00
3.181356087327003479e+00
3.196064963936805725e+00
3.202202275395393372e+00
3.181281238794326782e+00
3.169828802347183228e+00
3.161296486854553223e+00
3.140764802694320679e+00
3.162797793745994568e+00
3.180221825838088989e+00
3.177280157804489136e+00
3.176559925079345703e+00
3.168872952461242676e+00
3.150355115532875061e+00
3.163241490721702576e+00
3.141885235905647278e+00
3.140710011124610901e+00
3.185316890478134155e+00
3.171165376901626587e+00
3.163774982094764709e+00
3.186686292290687561e+00
3.170352920889854431e+00
3.155775547027587891e+00
3.179921910166740417e+00
3.150002270936965942e+00
3.178473189473152161e+00
3.160093277692794800e+00
3.142234340310096741e+00
3.130108296871185303e+00
3.137984812259674072e+00
3.167220354080200195e+00
3.108608826994895935e+00
3.159920841455459595e+00
3.137653514742851257e+00
3.116674259305000305e+00
3.158217489719390869e+00
3.157167226076126099e+00
3.176778972148895264e+00
3.156440511345863342e+00
3.138479977846145630e+00
3.161549896001815796e+00
3.129222020506858826e+00
3.157410740852355957e+00
3.194337084889411926e+00
3.150989279150962830e+00
3.165285840630531311e+00
3.145867094397544861e+00
3.168320521712303162e+00
3.185074493288993835e+00
3.185832619667053223e+00
3.168454006314277649e+00
3.154855489730834961e+00
3.116016864776611328e+00
3.154886543750762939e+00
3.155214115977287292e+00
3.149652332067489624e+00
3.212160423398017883e+00
3.165942192077636719e+00
3.155635863542556763e+00
3.171809852123260498e+00
3.166166096925735474e+00
3.181338295340538025e+00
3.143876910209655762e+00
3.147948518395423889e+00
3.171356648206710815e+00
3.162953227758407593e+00
3.161829799413681030e+00
3.134870737791061401e+00
3.157393425703048706e+00
3.159003421664237976e+00
3.146292939782142639e+00
3.168120577931404114e+00
3.149114936590194702e+00
3.126326352357864380e+00
3.143150195479393005e+00
3.153876736760139465e+00
3.142939537763595581e+00
3.136885136365890503e+00
3.111905127763748169e+00
3.162300243973731995e+00
3.124033302068710327e+00
3.134778916835784912e+00
3.074188843369483948e+00
