5.669395010918378830e-01
4.584422130137681961e-01
3.863670807331800461e-01
3.449409995228052139e-01
2.805832223966717720e-01
2.237225351855158806e-01
1.919038947671651840e-01
1.490201922133564949e-01
1.368535393849015236e-01
1.184490583837032318e-01
6.620689388364553452e-02
5.015128664672374725e-02
1.166488695889711380e-02
-1.582058425992727280e-02
-2.000085543841123581e-02
3.902471857145428658e-02
-4.001639736816287041e-02
-4.490475961938500404e-02
-6.389984581619501114e-02
-7.257366692647337914e-02
-6.045980518683791161e-02
-7.152530271559953690e-02
-5.992788309231400490e-02
-7.937960652634501457e-02
-1.146126412786543369e-01
-1.120276171714067459e-01
-1.285225893370807171e-01
-1.271986649371683598e-01
-1.191265536472201347e-01
-1.274586566723883152e-01
-1.068445895798504353e-01
-1.493217060342431068e-01
-1.384310703724622726e-01
-1.533199613913893700e-01
-1.665777694433927536e-01
-1.676816251128911972e-01
-1.591588817536830902e-01
-1.426808917894959450e-01
-1.789479916915297508e-01
-1.690219147130846977e-01
-1.872579799965023994e-01
-1.392438150942325592e-01
-1.827598037198185921e-01
-1.687968168407678604e-01
-1.898390091955661774e-01
-1.381362485699355602e-01
-1.926054675132036209e-01
-1.897638775408267975e-01
-1.903259037062525749e-01
-1.924368040636181831e-01
-1.751699699088931084e-01
-1.867033354938030243e-01
-1.784251099452376366e-01
-1.630826937034726143e-01
-1.867559542879462242e-01
-1.924289837479591370e-01
-1.474392381496727467e-01
-1.935796979814767838e-01
-1.724942666478455067e-01
-1.700059063732624054e-01
-1.872262824326753616e-01
-1.911317789927124977e-01
-1.902818270027637482e-01
-1.885795453563332558e-01
-1.945525882765650749e-01
-1.830171262845396996e-01
-1.870437152683734894e-01
-1.879831068217754364e-01
-1.895129168406128883e-01
-1.940826214849948883e-01
-1.917839860543608665e-01
-1.942626284435391426e-01
-1.881323987618088722e-01
-1.412462559528648853e-01
-1.917660040780901909e-01
-1.987787568941712379e-01
-2.019069734960794449e-01
-1.865141130983829498e-01
-1.913931993767619133e-01
-1.921794069930911064e-01
-1.946370294317603111e-01
-1.683154678903520107e-01
-1.931946547701954842e-01
-1.923857312649488449e-01
-1.376153361052274704e-01
-1.905307536944746971e-01
-1.808153875172138214e-01
-2.003305833786725998e-01
-1.959590446203947067e-01
-1.859020069241523743e-01
-1.879629930481314659e-01
-1.950378036126494408e-01
-1.948644276708364487e-01
-1.920775361359119415e-01
-1.860781731083989143e-01
-1.940572876483201981e-01
-1.942933537065982819e-01
-1.946485750377178192e-01
-1.969695109874010086e-01
-1.971223847940564156e-01
-1.982091171666979790e-01
-1.673028753139078617e-01
-1.945767607539892197e-01
-1.975965108722448349e-01
-2.030852437019348145e-01
-1.729187583550810814e-01
-1.704192589968442917e-01
-1.956588178873062134e-01
-1.929940804839134216e-01
-1.314641479402780533e-01
-1.972623700276017189e-01
-1.027572727762162685e-01
-1.578203127719461918e-01
-2.057382119819521904e-01
-1.885554175823926926e-01
-1.178314504213631153e-01
-1.974902851507067680e-01
-1.464958949945867062e-01
-1.977798426523804665e-01
-2.005188222974538803e-01
-2.009218251332640648e-01
-1.647586966864764690e-01
-1.981733320280909538e-01
-1.537432940676808357e-01
-1.917375158518552780e-01
-1.889012176543474197e-01
-1.946608079597353935e-01
-1.800812836736440659e-01
-1.985711269080638885e-01
-1.967862080782651901e-01
-1.194685110822319984e-01
-1.941466415300965309e-01
-2.031780993565917015e-01
-1.531355176120996475e-01
-1.851710034534335136e-01
-1.991380872204899788e-01
-2.003998616710305214e-01
-1.897910609841346741e-01
-1.996956178918480873e-01
-2.074129860848188400e-01
-2.053439049050211906e-01
-2.019657315686345100e-01
-1.943432101979851723e-01
-2.051407443359494209e-01
-1.209020619280636311e-01
-1.658322731964290142e-01
-1.763880392536520958e-01
-1.998451938852667809e-01
-1.177223282866179943e-01
-1.979912016540765762e-01
-2.019369350746273994e-01
-1.373871788382530212e-01
-1.889046113938093185e-01
-1.692317486740648746e-01
-1.602574530988931656e-01
-2.025902271270751953e-01
-2.028062380850315094e-01
-1.942288950085639954e-01
-1.952301179990172386e-01
-1.351117603480815887e-01
-1.875052303075790405e-01
-1.448303647339344025e-01
-1.874351659789681435e-01
-1.686420673504471779e-01
-1.770882122218608856e-01
-1.919086072593927383e-01
-1.913201157003641129e-01
-2.016035486012697220e-01
-2.012432105839252472e-01
-1.836083200760185719e-01
-1.246782038360834122e-01
-1.817119177430868149e-01
-1.965930256992578506e-01
-1.988597046583890915e-01
-2.039614934474229813e-01
-2.002893965691328049e-01
-2.037880299612879753e-01
-1.950174449011683464e-01
-2.044946635141968727e-01
-1.999026089906692505e-01
-1.970547474920749664e-01
-1.585467485710978508e-01
-1.659232522360980511e-01
-1.991287879645824432e-01
-1.953866016119718552e-01
-1.911941124126315117e-01
-2.018855698406696320e-01
-1.989322574809193611e-01
-1.008261628448963165e-01
-1.604653960093855858e-01
-1.992658236995339394e-01
-1.785753965377807617e-01
-1.997374296188354492e-01
-1.631428739055991173e-01
-1.967196734622120857e-01
-1.992496931925415993e-01
-1.966714067384600639e-01
-2.000259114429354668e-01
-2.033562995493412018e-01
-1.974666304886341095e-01
-1.820382354781031609e-01
-1.149246483109891415e-01
-1.337325028143823147e-01
-1.961360219866037369e-01
-1.971503775566816330e-01
-1.953848330304026604e-01
-1.568886484019458294e-01
-1.967998174950480461e-01
-1.683551655150949955e-01
-2.007064586505293846e-01
-1.981674944981932640e-01
-1.925218924880027771e-01
-2.013713745400309563e-01
-1.851295856758952141e-01
-1.516852336935698986e-01
-1.902682324871420860e-01
-1.770416847430169582e-01
-1.711275824345648289e-01
-1.950154360383749008e-01
-1.958746025338768959e-01
-1.962578436359763145e-01
-1.076623378321528435e-01
-1.923859193921089172e-01
-1.941557107493281364e-01
-2.011898243799805641e-01
-1.980818575248122215e-01
-1.960110384970903397e-01
-1.996885277330875397e-01
-2.001242209225893021e-01
-1.968629248440265656e-01
-1.980436546728014946e-01
-1.968999141827225685e-01
-1.952237850055098534e-01
-1.592056895606219769e-01
-1.934769824147224426e-01
-1.964195137843489647e-01
-1.993018463253974915e-01
-1.963136205449700356e-01
-1.966835828498005867e-01
-1.944552343338727951e-01
-1.960177980363368988e-01
-1.986544989049434662e-01
-1.923143640160560608e-01
-1.943583292886614799e-01
-1.955130547285079956e-01
-1.735988012515008450e-01
-1.927731567993760109e-01
-1.950402855873107910e-01
-1.946591585874557495e-01
-1.914025209844112396e-01
-1.943689547479152679e-01
-1.940239686518907547e-01
-1.942953243851661682e-01
-1.872212989255785942e-01
-1.907130461186170578e-01
-1.905629858374595642e-01
-1.877503935247659683e-01
-1.882722219452261925e-01
-1.888251546770334244e-01
-1.909011742100119591e-01
-1.921934336423873901e-01
-1.894572889432311058e-01
-1.769100604578852654e-01
-1.917646611109375954e-01
-1.893509421497583389e-01
-1.893547177314758301e-01
-1.672390508465468884e-01
-1.867422070354223251e-01
-1.718410919420421124e-01
-1.871854700148105621e-01
-1.557465149089694023e-01
-1.803980590775609016e-01
-1.676452057436108589e-01
-1.878327475860714912e-01
-1.789392819628119469e-01
-1.691317451186478138e-01
-1.899168910458683968e-01
-1.922518145292997360e-01
-1.751723280176520348e-01
-1.874146237969398499e-01
-1.890566330403089523e-01
-1.892301896587014198e-01
-1.898858351632952690e-01
-1.856573214754462242e-01
-1.867094486951828003e-01
-1.872714851051568985e-01
-1.759119033813476562e-01
-1.879244027659296989e-01
-1.778644658625125885e-01
-1.893914379179477692e-01
-1.869811452925205231e-01
-1.858852645382285118e-01
-1.848871679976582527e-01
-1.558356150053441525e-01
-1.543892915360629559e-01
-1.845725802704691887e-01
-1.866978183388710022e-01
-1.045295814983546734e-01
-1.838690508157014847e-01
-1.855525653809309006e-01
-1.844934821128845215e-01
-1.877344492822885513e-01
-1.878670528531074524e-01
-1.882137348875403404e-01
-1.873605018481612206e-01
-1.875191973522305489e-01
-1.580154183320701122e-01
-1.811827458441257477e-01
-1.838215161114931107e-01
-1.823623366653919220e-01
-1.785846706479787827e-01
-1.879459973424673080e-01
-1.667750896885991096e-01
-1.850579669699072838e-01
-1.824385570362210274e-01
-1.844326024875044823e-01
-1.879527904093265533e-01
-1.863698624074459076e-01
-1.819211458787322044e-01
-1.409928379580378532e-01
-1.852655382826924324e-01
-1.879365779459476471e-01
-1.325819892808794975e-01
-1.540318662300705910e-01
-1.831136383116245270e-01
-1.698402930051088333e-01
-1.888263691216707230e-01
-1.650096569210290909e-01
-1.848679492250084877e-01
-1.882716473191976547e-01
-1.867059078067541122e-01
-1.742122527211904526e-01
-1.377948382869362831e-01
-1.684662587940692902e-01
-1.855529993772506714e-01
-1.848528273403644562e-01
-1.427874136716127396e-01
-1.842897078022360802e-01
-1.817467492073774338e-01
-1.860130503773689270e-01
-1.850836779922246933e-01
-1.831290293484926224e-01
-1.803040262311697006e-01
-1.902283504605293274e-01
-1.892765974625945091e-01
-1.858950173482298851e-01
-1.566287917084991932e-01
-1.813111752271652222e-01
-1.796469083055853844e-01
-1.804187055677175522e-01
-1.858560312539339066e-01
-1.859428677707910538e-01
-1.765393661335110664e-01
-1.732150251045823097e-01
-1.869451319798827171e-01
-1.853898456320166588e-01
-1.861236495897173882e-01
-1.635573082603514194e-01
-1.886863773688673973e-01
-1.837889458984136581e-01
-1.788271479308605194e-01
-1.868541548028588295e-01
-1.872838074341416359e-01
-1.855090754106640816e-01
-1.853977376595139503e-01
-1.879491461440920830e-01
-1.848854394629597664e-01
-1.857772162184119225e-01
-1.870860559865832329e-01
-1.855123117566108704e-01
-1.836091792210936546e-01
-1.754437163472175598e-01
-1.861459109932184219e-01
-1.861583152785897255e-01
-1.846050601452589035e-01
-1.843664152547717094e-01
-1.875607511028647423e-01
-1.877732416614890099e-01
-1.851091869175434113e-01
-1.838160920888185501e-01
-1.848959699273109436e-01
-1.591061344370245934e-01
-1.864992342889308929e-01
-1.773494072258472443e-01
-1.836768286302685738e-01
-1.843074625357985497e-01
-1.855042288079857826e-01
-1.850310284644365311e-01
-1.828726660460233688e-01
-1.805598391219973564e-01
-1.837045680731534958e-01
-1.805476881563663483e-01
-1.765997484326362610e-01
-1.634199507534503937e-01
-1.826097089797258377e-01
-1.815534532070159912e-01
-1.795491594821214676e-01
-1.781611153855919838e-01
-1.528101516887545586e-01
-1.846816614270210266e-01
-1.707100840285420418e-01
-1.854489315301179886e-01
-1.810558103024959564e-01
-1.840724628418684006e-01
-1.800213428214192390e-01
-1.806817743927240372e-01
-1.807234194129705429e-01
-1.826040316373109818e-01
-1.806163182482123375e-01
-1.817232174798846245e-01
-1.822174862027168274e-01
-1.801239065825939178e-01
-1.807880355045199394e-01
-1.828835941851139069e-01
-1.816942691802978516e-01
-1.819237787276506424e-01
-1.802886016666889191e-01
-1.843298124149441719e-01
-1.825049277395009995e-01
-1.817017924040555954e-01
-1.791422143578529358e-01
-1.599803958088159561e-01
-1.763772899284958839e-01
-1.816491959616541862e-01
-1.791909812018275261e-01
-1.762647312134504318e-01
-1.782873328775167465e-01
-1.804472291842103004e-01
-1.797799402847886086e-01
-1.819636700674891472e-01
-1.772907068952918053e-01
-1.774209188297390938e-01
-1.682881964370608330e-01
-1.771132424473762512e-01
-1.760117765516042709e-01
-1.770385829731822014e-01
-1.785169988870620728e-01
-1.495517748408019543e-01
-1.790812863036990166e-01
-1.796396980062127113e-01
-1.784478360787034035e-01
-1.777652753517031670e-01
-1.700910646468400955e-01
-1.610769126564264297e-01
-1.742770848795771599e-01
-1.592378718778491020e-01
-1.706087337806820869e-01
-1.735896589234471321e-01
-1.784753920510411263e-01
-1.791153978556394577e-01
-1.681069089099764824e-01
-1.769255837425589561e-01
-1.672244155779480934e-01
-1.740694614127278328e-01
-1.785074919462203979e-01
-1.755283288657665253e-01
-1.738645462319254875e-01
-1.496662353165447712e-01
-1.768034873530268669e-01
-1.746025960892438889e-01
-1.775715276598930359e-01
-1.752260541543364525e-01
-1.762629132717847824e-01
-1.738728685304522514e-01
-1.683603106066584587e-01
-1.770392656326293945e-01
-1.780304722487926483e-01
-1.758834160864353180e-01
-1.747471904382109642e-01
-1.753865936771035194e-01
-1.748059010133147240e-01
-1.721767727285623550e-01
-1.747654844075441360e-01
-1.737476577982306480e-01
-1.749047804623842239e-01
-1.731644943356513977e-01
-1.416249643079936504e-01
-1.738930875435471535e-01
-1.700141979381442070e-01
-1.699505336582660675e-01
-1.746314838528633118e-01
-1.711197765544056892e-01
-1.626004753634333611e-01
-1.666270056739449501e-01
-1.497792461887001991e-01
-1.747504407539963722e-01
-1.741012893617153168e-01
-1.746962731704115868e-01
-1.432280996814370155e-01
-1.717940671369433403e-01
-1.727162804454565048e-01
-1.736176256090402603e-01
-1.653433786705136299e-01
-1.716765165328979492e-01
-1.715329764410853386e-01
-1.734511125832796097e-01
-1.691537769511342049e-01
-1.713507995009422302e-01
-1.711712377145886421e-01
-1.647983025759458542e-01
-1.686300020664930344e-01
-1.695418786257505417e-01
-1.731403656303882599e-01
-1.736164456233382225e-01
-1.713483165949583054e-01
-1.693983795121312141e-01
-1.713782269507646561e-01
-1.499309628270566463e-01
-1.730164466425776482e-01
-1.700631901621818542e-01
-1.723633063957095146e-01
-1.723139956593513489e-01
-1.727739870548248291e-01
-1.725774351507425308e-01
-1.731137819588184357e-01
-1.700082384049892426e-01
-1.739535816013813019e-01
-1.720901066437363625e-01
-1.686925608664751053e-01
-1.720117982476949692e-01
-1.730298921465873718e-01
-1.668862318620085716e-01
-1.702901925891637802e-01
-1.708208797499537468e-01
-1.675468375906348228e-01
-1.697816783562302589e-01
-1.553894281387329102e-01
-1.684342036023736000e-01
-1.679118080064654350e-01
-1.691142870113253593e-01
-1.705844169482588768e-01
-1.585596008226275444e-01
-1.660358048975467682e-01
-1.641613356769084930e-01
-1.690292153507471085e-01
-1.637308644130825996e-01
-1.667574197053909302e-01
-1.701658330857753754e-01
-1.719591747969388962e-01
-1.655169920995831490e-01
-1.721920426934957504e-01
-1.693709073588252068e-01
-1.680121617391705513e-01
-1.647179760038852692e-01
-1.655393186956644058e-01
-1.642672717571258545e-01
-1.646179100498557091e-01
-1.664879973977804184e-01
-1.391922445036470890e-01
-1.674318807199597359e-01
-1.675727330148220062e-01
-1.688757073134183884e-01
-1.291834297589957714e-01
-1.654536155983805656e-01
-1.342989774420857430e-01
-1.654795501381158829e-01
-1.673391573131084442e-01
-1.694531701505184174e-01
-1.678259931504726410e-01
-1.695386441424489021e-01
-1.343745561316609383e-01
-1.662724325433373451e-01
-1.702226437628269196e-01
-1.678336896002292633e-01
-1.685121376067399979e-01
-1.663383636623620987e-01
-1.666745487600564957e-01
-1.678918926045298576e-01
-1.631084410473704338e-01
-1.655884059146046638e-01
-1.673400634899735451e-01
-1.671886947005987167e-01
-1.490899370983242989e-01
-1.447410807013511658e-01
-1.213976647704839706e-01
-1.647299593314528465e-01
-1.668931804597377777e-01
-1.661532158032059669e-01
-1.696784375235438347e-01
-1.650393372401595116e-01
-1.659504761919379234e-01
-1.690306346863508224e-01
-1.697625769302248955e-01
-1.504747816361486912e-01
-1.663288539275527000e-01
-1.692047547549009323e-01
-1.683878144249320030e-01
-1.626086290925741196e-01
-1.671513831242918968e-01
-1.688856715336441994e-01
-1.670936895534396172e-01
-1.679446836933493614e-01
-1.665679989382624626e-01
-1.637407662346959114e-01
-1.531149717047810555e-01
-1.663693357259035110e-01
-1.692394139245152473e-01
-1.543480628170073032e-01
-1.655455641448497772e-01
-1.629192531108856201e-01
