-2.205477829556912184e-02
-2.161627495661377907e-02
-2.394171236664988101e-02
-2.338480023900046945e-02
-2.251490333583205938e-02
-2.130967692937701941e-02
-1.923125277971848845e-02
-2.661662700120359659e-02
-1.845565781695768237e-02
-2.315610437653958797e-02
-1.868405914865434170e-02
-1.550279397633858025e-02
-1.854352292139083147e-02
-1.916819473262876272e-02
-1.570898262434639037e-02
-1.071699050953611732e-02
-1.463498180964961648e-02
-1.604499388486146927e-02
-1.582998328376561403e-02
-1.854435680434107780e-02
-1.468598947394639254e-02
-1.795865758322179317e-02
-1.475402608048170805e-02
-1.293554820585995913e-02
-1.851891574915498495e-02
-2.137963054701685905e-02
-1.647966617019847035e-02
-2.022860432043671608e-02
-1.685841969447210431e-02
-1.774568276596255600e-02
-1.970210100989788771e-02
-2.061195019632577896e-02
-1.486916950671002269e-02
-1.863542187493294477e-02
-1.930397708201780915e-02
-1.915618462953716516e-02
-1.963736978359520435e-02
-1.655322371516376734e-02
-2.243311889469623566e-02
-1.752610824769362807e-02
-2.761996455956250429e-02
-1.303329458460211754e-02
-2.187992981635034084e-02
-1.747352571692317724e-02
-2.124313981039449573e-02
-1.507676066830754280e-02
-2.673916332423686981e-02
-2.621512039331719279e-02
-2.568929048720747232e-02
-2.564765932038426399e-02
-1.931558444630354643e-02
-2.109261415898799896e-02
-2.143250798690132797e-02
-1.592372433515265584e-02
-2.310152549762278795e-02
-2.741094178054481745e-02
-1.485343236709013581e-02
-2.554878068622201681e-02
-1.404539000941440463e-02
-1.358737680129706860e-02
-2.531296364031732082e-02
-2.120488707441836596e-02
-2.450899092946201563e-02
-2.179421309847384691e-02
-2.431148930918425322e-02
-1.831358217168599367e-02
-2.395538077689707279e-02
-2.350053668487817049e-02
-2.427499223267659545e-02
-2.614221227122470737e-02
-2.175795345101505518e-02
-2.401487523457035422e-02
-1.905665569938719273e-02
-1.338062691502273083e-02
-2.252421469893306494e-02
-2.609566203318536282e-02
-2.991338272113353014e-02
-2.291493734810501337e-02
-2.330185344908386469e-02
-2.259894588496536016e-02
-2.584843139629811049e-02
-1.457280639442615211e-02
-2.313676825724542141e-02
-2.107450121548026800e-02
-1.149970514234155416e-02
-2.509191934950649738e-02
-1.811113278381526470e-02
-2.666511305142194033e-02
-2.472584031056612730e-02
-1.840576983522623777e-02
-1.985623902874067426e-02
-2.496854425407946110e-02
-2.387142868246883154e-02
-2.214570331852883101e-02
-2.173761022277176380e-02
-2.581996121443808079e-02
-2.425879659131169319e-02
-2.318268385715782642e-02
-2.530610095709562302e-02
-2.649594168178737164e-02
-2.715238538803532720e-02
-1.504665717948228121e-02
-2.387201460078358650e-02
-2.599683252628892660e-02
-2.964412525761872530e-02
-1.317655586171895266e-02
-1.257771032396703959e-02
-2.349260600749403238e-02
-2.004919585306197405e-02
-8.863579831086099148e-03
-2.438166574575006962e-02
-6.597640051040798426e-03
-1.767241919878870249e-02
-2.806031366344541311e-02
-1.823182532098144293e-02
-1.555251865647733212e-02
-2.405444509349763393e-02
-9.833282965701073408e-03
-2.513202349655330181e-02
-2.427390392404049635e-02
-2.611900668125599623e-02
-1.751539111137390137e-02
-2.655020239762961864e-02
-1.040316512808203697e-02
-2.286015427671372890e-02
-2.180958772078156471e-02
-2.386145258788019419e-02
-1.361787726636976004e-02
-2.441783569520339370e-02
-2.203097636811435223e-02
-1.129562215646728873e-02
-2.055504790041595697e-02
-2.640954928938299417e-02
-1.510958542348816991e-02
-1.776124729076400399e-02
-2.428616327233612537e-02
-2.384488552343100309e-02
-2.190267614787444472e-02
-2.395498321857303381e-02
-2.865073835710063577e-02
-2.740777481812983751e-02
-2.445142413489520550e-02
-2.025234990287572145e-02
-2.636232413351535797e-02
-1.355317945126444101e-02
-1.570378115866333246e-02
-1.342575543094426394e-02
-2.489143598359078169e-02
-8.969689253717660904e-03
-2.469769713934510946e-02
-2.614247487508691847e-02
-1.174036232987418771e-02
-1.792987965745851398e-02
-1.384438108652830124e-02
-1.503463706467300653e-02
-2.454902895260602236e-02
-2.566124626901000738e-02
-1.998989592539146543e-02
-2.275960484985262156e-02
-1.145540340803563595e-02
-1.604334346484392881e-02
-1.029314094921573997e-02
-1.794869825243949890e-02
-1.898760552285239100e-02
-1.595764135709032416e-02
-2.001159894280135632e-02
-1.888793194666504860e-02
-2.639440901111811399e-02
-2.387268305756151676e-02
-2.041175088379532099e-02
-8.931636344641447067e-03
-1.568719878559932113e-02
-2.009626850485801697e-02
-2.273222495568916202e-02
-2.807701483834534883e-02
-2.428881649393588305e-02
-2.689426648430526257e-02
-2.053398918360471725e-02
-2.777618856634944677e-02
-2.604329481255263090e-02
-2.229409141000360250e-02
-1.895246957428753376e-02
-1.953482057433575392e-02
-2.611863060155883431e-02
-2.202194591518491507e-02
-2.250668418128043413e-02
-2.551473793573677540e-02
-2.492630711640231311e-02
-1.046230894280597568e-02
-1.959930674638599157e-02
-2.610589156392961740e-02
-1.900998863857239485e-02
-2.715547103434801102e-02
-8.519782568328082561e-03
-2.314502245280891657e-02
-2.528399915900081396e-02
-2.261607930995523930e-02
-2.483050478622317314e-02
-2.825079276226460934e-02
-2.386294677853584290e-02
-1.604871638119220734e-02
-1.127099763834849000e-02
-9.952737134881317616e-03
-2.225904481019824743e-02
-2.307085134088993073e-02
-2.210546599235385656e-02
-1.427644607611000538e-02
-2.297500974964350462e-02
-1.627264177659526467e-02
-2.540254755876958370e-02
-2.380322612589225173e-02
-2.306015556678175926e-02
-2.779204706894233823e-02
-1.832486607600003481e-02
-8.620801498182117939e-03
-1.961024408228695393e-02
-1.520425680791959167e-02
-1.275355415418744087e-02
-2.127162658143788576e-02
-2.282024355372413993e-02
-2.319985395297408104e-02
-1.187983184354379773e-02
-1.965871371794492006e-02
-2.174579247366636992e-02
-2.641097939340397716e-02
-2.415550337173044682e-02
-2.096133737359195948e-02
-2.515479782596230507e-02
-2.641777927055954933e-02
-2.257398329675197601e-02
-2.497872739331796765e-02
-2.569912816397845745e-02
-2.375415724236518145e-02
-1.104417484020814300e-02
-2.498776337597519159e-02
-2.505227451911196113e-02
-2.735224144998937845e-02
-2.542028436437249184e-02
-2.539416495710611343e-02
-2.436463499907404184e-02
-2.578446315601468086e-02
-2.698607509955763817e-02
-2.217045531142503023e-02
-2.307325031142681837e-02
-2.334860962582752109e-02
-1.641954446677118540e-02
-2.075042796786874533e-02
-2.505755692254751921e-02
-2.471123833674937487e-02
-2.225429750978946686e-02
-2.496860735118389130e-02
-2.635132463183254004e-02
-2.726949530187994242e-02
-1.907459215726703405e-02
-2.195757935987785459e-02
-2.202651207335293293e-02
-2.182561182416975498e-02
-2.115459332708269358e-02
-2.111757273087278008e-02
-2.227598358877003193e-02
-2.495468081906437874e-02
-2.301366932806558907e-02
-1.598778087645769119e-02
-2.383039460983127356e-02
-2.179709775373339653e-02
-2.308899047784507275e-02
-1.364105945685878396e-02
-1.950836344622075558e-02
-1.638676179572939873e-02
-2.061015530489385128e-02
-1.449530059471726418e-02
-1.523026940412819386e-02
-1.478133560158312321e-02
-1.984920521499589086e-02
-1.682710833847522736e-02
-1.292383915279060602e-02
-2.351357229053974152e-02
-2.657709532650187612e-02
-1.612185494741424918e-02
-2.158782258629798889e-02
-2.250333852134644985e-02
-2.318658004514873028e-02
-2.389694785233587027e-02
-1.986493391450494528e-02
-2.107925765449181199e-02
-2.266234275884926319e-02
-1.606432563858106732e-02
-2.253694657701998949e-02
-1.464962126919999719e-02
-2.399811486247926950e-02
-2.229660109151154757e-02
-2.275132801150903106e-02
-2.130129549186676741e-02
-1.331317354924976826e-02
-1.462711842032149434e-02
-2.053786901524290442e-02
-2.487263572402298450e-02
-6.619034567847847939e-03
-2.019042754545807838e-02
-2.027146448381245136e-02
-2.132497925776988268e-02
-2.135747665306553245e-02
-2.306048333412036300e-02
-2.403561049140989780e-02
-2.173119358485564590e-02
-2.350449838559143245e-02
-1.531085395254194736e-02
-1.918650549487210810e-02
-2.168878971133381128e-02
-1.864764781203120947e-02
-1.811506302328780293e-02
-2.542846801225095987e-02
-1.452923018950968981e-02
-2.108602458611130714e-02
-1.872445351909846067e-02
-2.168166800402104855e-02
-2.535928145516663790e-02
-2.210953750181943178e-02
-1.960475696250796318e-02
-1.251879113260656595e-02
-2.026886428939178586e-02
-2.146323549095541239e-02
-1.028068910818547010e-02
-1.410576945636421442e-02
-1.729657762916758657e-02
-1.257803407497704029e-02
-2.177508152090013027e-02
-1.209855137858539820e-02
-1.718077345867641270e-02
-2.168316196184605360e-02
-1.840350532438606024e-02
-1.745436189230531454e-02
-9.780974738532677293e-03
-1.354332227492704988e-02
-1.706286345142871141e-02
-1.708808634430170059e-02
-1.341791218146681786e-02
-1.862859312677755952e-02
-1.593985373619943857e-02
-1.920155319385230541e-02
-1.992797420825809240e-02
-1.726730517111718655e-02
-1.705334353027865291e-02
-2.261207578703761101e-02
-2.052203950006514788e-02
-2.009151712991297245e-02
-1.078492857050150633e-02
-1.724028692115098238e-02
-1.923603366594761610e-02
-1.645398186519742012e-02
-1.946699758991599083e-02
-2.046907128533348441e-02
-1.399336551548913121e-02
-1.386047055711969733e-02
-1.944653829559683800e-02
-1.747855328721925616e-02
-1.842836535070091486e-02
-1.191381388343870640e-02
-2.104811911704018712e-02
-1.530851359711959958e-02
-1.282597560202702880e-02
-1.894092489965260029e-02
-1.935081154806539416e-02
-1.539767195936292410e-02
-1.810008916072547436e-02
-1.647864514961838722e-02
-1.672420487739145756e-02
-1.865460094995796680e-02
-2.021438401425257325e-02
-1.955540163908153772e-02
-1.611179794417694211e-02
-1.421223761280998588e-02
-1.903857919387519360e-02
-1.769016816979274154e-02
-1.554544508690014482e-02
-1.529170980211347342e-02
-2.016337017994374037e-02
-2.038406999781727791e-02
-1.755788997979834676e-02
-1.653404213720932603e-02
-1.825442840345203876e-02
-9.610641747713088989e-03
-1.932078920071944594e-02
-1.164920261362567544e-02
-1.661325723398476839e-02
-1.747958117630332708e-02
-1.894060580525547266e-02
-1.816357567440718412e-02
-1.856017671525478363e-02
-1.569405937334522605e-02
-1.840860943775624037e-02
-1.662250090157613158e-02
-1.278748235199600458e-02
-1.098348549567162991e-02
-1.706650818232446909e-02
-1.625615113880485296e-02
-1.458382431883364916e-02
-1.538616360630840063e-02
-6.873895763419568539e-03
-1.836618763627484441e-02
-1.164509047521278262e-02
-1.855468237772583961e-02
-1.694524392951279879e-02
-1.824332692194730043e-02
-1.492435112595558167e-02
-1.445107063045725226e-02
-1.505585463019087911e-02
-1.716217992361634970e-02
-1.666138612199574709e-02
-1.583076617680490017e-02
-1.732358348090201616e-02
-1.600841531762853265e-02
-1.569666666910052299e-02
-1.816201873589307070e-02
-1.632224366767331958e-02
-1.605328696314245462e-02
-1.535843062447384000e-02
-1.828094577649608254e-02
-1.943398002185858786e-02
-1.936857722466811538e-02
-1.539522892562672496e-02
-9.065855585504323244e-03
-1.406169589608907700e-02
-1.608265109825879335e-02
-1.544075581477954984e-02
-1.311569655081257224e-02
-1.441045769024640322e-02
-1.698226120788604021e-02
-1.646248321048915386e-02
-1.708521414548158646e-02
-1.464442198630422354e-02
-1.475115795619785786e-02
-1.214827178046107292e-02
-1.409474562387913465e-02
-1.376861904282122850e-02
-1.470125024206936359e-02
-1.712119835428893566e-02
-1.140355330426245928e-02
-1.480654219631105661e-02
-1.793664479919243604e-02
-1.472726254723966122e-02
-1.496126633719541132e-02
-1.191016961820423603e-02
-8.969554677605628967e-03
-1.178742281626909971e-02
-7.690776721574366093e-03
-1.013157377019524574e-02
-1.164747157599776983e-02
-1.634145906427875161e-02
-1.660595362773165107e-02
-1.280547614442184567e-02
-1.659262360772117972e-02
-1.141749823000282049e-02
-1.364480995107442141e-02
-1.702082098927348852e-02
-1.461149769602343440e-02
-1.311461481964215636e-02
-6.585278839338570833e-03
-1.428913068957626820e-02
-1.213326409924775362e-02
-1.597574650077149272e-02
-1.474286476150155067e-02
-1.395606872392818332e-02
-1.230274292174726725e-02
-1.096504484303295612e-02
-1.537396130152046680e-02
-1.553306839196011424e-02
-1.538658508798107505e-02
-1.358233497012406588e-02
-1.509867730783298612e-02
-1.423514203634113073e-02
-1.288624264998361468e-02
-1.620629202807322145e-02
-1.518536574440076947e-02
-1.571328093996271491e-02
-1.360196125460788608e-02
-6.846449221484363079e-03
-1.387375307967886329e-02
-1.064837473677471280e-02
-1.244006503839045763e-02
-1.496029994450509548e-02
-1.262534520355984569e-02
-8.914128236938267946e-03
-9.038477146532386541e-03
-1.063018100103363395e-02
-1.424000889528542757e-02
-1.153075689217075706e-02
-1.429478474892675877e-02
-9.172560996375977993e-03
-1.369065145263448358e-02
-1.238343655131757259e-02
-1.370449922978878021e-02
-9.939313749782741070e-03
-1.430964982137084007e-02
-1.423498365329578519e-02
-1.486909034429118037e-02
-1.282677607377991080e-02
-1.457644975744187832e-02
-1.320400054100900888e-02
-9.178100968711078167e-03
-1.324468676466494799e-02
-1.416932337451726198e-02
-1.411890680901706219e-02
-1.569124031811952591e-02
-1.396705128718167543e-02
-1.248766516800969839e-02
-1.447636185912415385e-02
-1.001458067912608385e-02
-1.415409008041024208e-02
-1.292753696907311678e-02
-1.397678931243717670e-02
-1.427765912376344204e-02
-1.587344286963343620e-02
-1.327166415285319090e-02
-1.386806461960077286e-02
-1.250248870928771794e-02
-1.461806718725711107e-02
-1.370549463899806142e-02
-1.165067497640848160e-02
-1.421384559944272041e-02
-1.464182813651859760e-02
-1.117893343325704336e-02
-1.345464005134999752e-02
-1.455243391683325171e-02
-1.196599868126213551e-02
-1.294533582404255867e-02
-8.391454699449241161e-03
-1.109362716670148075e-02
-1.166240510065108538e-02
-1.246211014222353697e-02
-1.511147728888317943e-02
-8.008716860786080360e-03
-1.103856635745614767e-02
-1.028402324300259352e-02
-1.168423035414889455e-02
-1.050106307957321405e-02
-1.097049872623756528e-02
-1.274394342908635736e-02
-1.520834967959672213e-02
-1.197410968597978354e-02
-1.488840294769033790e-02
-1.336490706307813525e-02
-1.163072203053161502e-02
-1.072462915908545256e-02
-9.963854798115789890e-03
-1.036969752749428153e-02
-1.144266757182776928e-02
-1.033795491093769670e-02
-9.087337995879352093e-03
-1.124728383729234338e-02
-1.254669053014367819e-02
-1.458253816235810518e-02
-5.713181686587631702e-03
-9.818250080570578575e-03
-5.804992862977087498e-03
-9.895906550809741020e-03
-1.236696925479918718e-02
-1.344965869793668389e-02
-1.267162477597594261e-02
-1.312661616248078644e-02
-7.324945530854165554e-03
-1.089640433201566339e-02
-1.362548774341121316e-02
-1.190006633987650275e-02
-1.190942042740061879e-02
-9.204797097481787205e-03
-9.821006853599101305e-03
-1.074276515282690525e-02
-8.879366912879049778e-03
-1.127585710491985083e-02
-1.123223709873855114e-02
-1.136078801937401295e-02
-8.025941206142306328e-03
-4.030700598377734423e-03
-4.974058829247951508e-03
-9.609286498744040728e-03
-1.066990720573812723e-02
-9.512111893855035305e-03
-1.213861262658610940e-02
-9.838339290581643581e-03
-1.020572986453771591e-02
-1.184228807687759399e-02
-1.288421172648668289e-02
-7.596584007842466235e-03
-1.117236749269068241e-02
-1.292082580039277673e-02
-1.190041477093473077e-02
-7.441750902216881514e-03
-1.038274687016382813e-02
-1.306796027347445488e-02
-1.237814978230744600e-02
-1.220392144750803709e-02
-1.072345330612733960e-02
-9.288880391977727413e-03
-8.107158646453171968e-03
-1.199445204110816121e-02
-1.272999332286417484e-02
-9.405142685864120722e-03
-1.085243001580238342e-02
-1.088625058764591813e-02
