1.557746700942516327e+00
1.338954798877239227e+00
1.198413193225860596e+00
1.113147374242544174e+00
9.827365651726722717e-01
8.655086345970630646e-01
7.975137382745742798e-01
7.252869755029678345e-01
6.836528293788433075e-01
6.543982587754726410e-01
5.392108466476202011e-01
4.996324367821216583e-01
4.283477049320936203e-01
3.731378000229597092e-01
3.580477908253669739e-01
4.658823003992438316e-01
3.172862436622381210e-01
3.104157568886876106e-01
2.708482081070542336e-01
2.587929186411201954e-01
2.733042128384113312e-01
2.571603674441576004e-01
2.753748195245862007e-01
2.325417944230139256e-01
1.727450350299477577e-01
1.789366654120385647e-01
1.390279796905815601e-01
1.485720421187579632e-01
1.587462127208709717e-01
1.413780874572694302e-01
1.871724417433142662e-01
9.969704644754528999e-02
1.121225086972117424e-01
8.750899531878530979e-02
6.579592404887080193e-02
6.381225772202014923e-02
7.740557240322232246e-02
1.080754294525831938e-01
4.477391636464744806e-02
5.857427348382771015e-02
3.777104662731289864e-02
1.088975002057850361e-01
3.957985178567469120e-02
5.943805794231593609e-02
2.754511020611971617e-02
1.194766969420015812e-01
2.942405000794678926e-02
3.497795620933175087e-02
2.988479740452021360e-02
2.498143597040325403e-02
4.495420202147215605e-02
2.684999804478138685e-02
4.560972069157287478e-02
6.799705722369253635e-02
3.020586632192134857e-02
2.843961655162274837e-02
9.065696562174707651e-02
1.943342061713337898e-02
4.061152215581387281e-02
4.424967418890446424e-02
3.244062908925116062e-02
1.583459577523171902e-02
2.211622975300997496e-02
1.799304666928946972e-02
1.241982606006786227e-02
2.843900443986058235e-02
3.184954100288450718e-02
2.667757601011544466e-02
2.462613588431850076e-02
1.863888540538027883e-02
1.484793756389990449e-02
1.438839681213721633e-02
1.622783960192464292e-02
9.978560497984290123e-02
2.109607146121561527e-02
1.004481143900193274e-02
1.378316152840852737e-02
2.772020170232281089e-02
1.977426657686010003e-02
1.280276698525995016e-02
1.279039954533800483e-02
4.655456787440925837e-02
1.390774734318256378e-02
1.259069622028619051e-02
1.048909791279584169e-01
2.324729115935042500e-02
3.141950047574937344e-02
9.227909496985375881e-03
1.203897187951952219e-02
1.695859403116628528e-02
1.466473622713238001e-02
1.171467147651128471e-02
1.058639568509534001e-02
1.291865186067298055e-02
2.336882328381761909e-02
1.412524608895182610e-02
1.372752065071836114e-02
1.155907145584933460e-02
1.066876057302579284e-02
9.663285803981125355e-03
1.203767364495433867e-02
5.115716805448755622e-02
1.344051753403618932e-02
1.075289462460204959e-02
1.018185203429311514e-02
3.927610279060900211e-02
4.469409113517031074e-02
1.251005649100989103e-02
1.505270870984531939e-02
1.172017786884680390e-01
1.426416877075098455e-02
1.714610406197607517e-01
8.532864000881090760e-02
9.148195735178887844e-03
2.005853853188455105e-02
1.571405458380468190e-01
1.509439255460165441e-02
8.979019185062497854e-02
1.680981006938964128e-02
1.182152790715917945e-02
1.109732565237209201e-02
6.690581591101363301e-02
1.562235376331955194e-02
7.838922232622280717e-02
2.433122496586292982e-02
2.720151073299348354e-02
2.020934491883963346e-02
2.904706413391977549e-02
1.282020946382544935e-02
1.332403640844859183e-02
1.488619541050866246e-01
1.589019456878304482e-02
9.442496782867237926e-03
8.597036753781139851e-02
2.741621923632919788e-02
1.113879980402998626e-02
9.661782009061425924e-03
2.702604851219803095e-02
1.189570181304588914e-02
5.492747586686164141e-03
7.560462283436208963e-03
9.862005244940519333e-03
1.502924395026639104e-02
6.563348782947286963e-03
1.476764077087864280e-01
6.397221435327082872e-02
3.734124568291008472e-02
1.269376470008864999e-02
1.469412084552459419e-01
1.699009543517604470e-02
9.304912236984819174e-03
1.121193720609880984e-01
2.307244934490881860e-02
5.126031988766044378e-02
7.172203439404256642e-02
8.403688232647255063e-03
8.670651062857359648e-03
1.589507702738046646e-02
1.916582914418540895e-02
1.179123594192788005e-01
2.113570558140054345e-02
9.786003601038828492e-02
2.567015972454100847e-02
6.452074961271136999e-02
3.962951787980273366e-02
1.870794591377489269e-02
1.726202602731063962e-02
1.004905527224764228e-02
5.838867218699306250e-03
3.483343968400731683e-02
1.293172243749722838e-01
2.910666505340486765e-02
1.035739484359510243e-02
7.796085235895588994e-03
8.312290185131132603e-03
6.341630971292033792e-03
6.817206711275503039e-03
1.156201108824461699e-02
5.856511299498379230e-03
9.794813842745497823e-03
8.378079393878579140e-03
7.591052015777677298e-02
6.518306379439309239e-02
7.717069092905148864e-03
1.020790394977666438e-02
1.823629077989608049e-02
5.249622554401867092e-03
7.235601253341883421e-03
1.750848717638291419e-01
7.606298476457595825e-02
8.109517977572977543e-03
3.976365822018124163e-02
1.014714007033035159e-02
5.068898148601874709e-02
9.703025629278272390e-03
9.370414016302675009e-03
8.023064001463353634e-03
8.039260981604456902e-03
4.161181626841425896e-03
7.164862909121438861e-03
2.390711425687186420e-02
1.473158043809235096e-01
1.096476026577875018e-01
7.460847438778728247e-03
8.497520146192982793e-03
7.732560305157676339e-03
6.957702757790684700e-02
9.133841318544000387e-03
5.153465771581977606e-02
7.480874075554311275e-03
6.519178423332050443e-03
1.212421274976804852e-02
8.300516143208369613e-03
2.227852217038162053e-02
6.999051751336082816e-02
1.207007767516188323e-02
3.284124276251532137e-02
3.954675374552607536e-02
8.882061170879751444e-03
1.011342980200424790e-02
8.337539926287718117e-03
1.649392236722633243e-01
9.459024091484025121e-03
9.986441946239210665e-03
7.289178101927973330e-03
5.978270550258457661e-03
5.627338425256311893e-03
5.364060692954808474e-03
4.848773707635700703e-03
5.093250598292797804e-03
4.635066943592391908e-03
5.769346025772392750e-03
5.240225989837199450e-03
5.536386609310284257e-02
1.402485620928928256e-02
4.284915703465230763e-03
4.263979542884044349e-03
4.788523016031831503e-03
4.901355961919762194e-03
6.144469836726784706e-03
6.173400674015283585e-03
5.411830556113272905e-03
9.400620387168601155e-03
7.412197446683421731e-03
5.846135813044384122e-03
3.508719784440472722e-02
5.089937389129772782e-03
6.594067264813929796e-03
5.193533594137988985e-03
7.728198484983295202e-03
4.989354929421097040e-03
6.798424263251945376e-03
5.130289995577186346e-03
5.418063665274530649e-03
5.303090874804183841e-03
5.736108330893330276e-03
6.622635191888548434e-03
7.221058622235432267e-03
7.535154523793607950e-03
4.120865865843370557e-03
4.815685257199220359e-03
4.876117978710681200e-03
1.658304539159871638e-02
5.050860345363616943e-03
5.015089132939465344e-03
5.622401920845732093e-03
3.181391378166154027e-02
6.001304951496422291e-03
3.065928909927606583e-02
5.118017143104225397e-03
5.858864527544938028e-02
1.212065797881223261e-02
3.529749327572062612e-02
6.474239795352332294e-03
1.157074223738163710e-02
2.905503998044878244e-02
6.604483452974818647e-03
4.711036759545095265e-03
2.154810645151883364e-02
4.592229757690802217e-03
5.949016980594024062e-03
5.654742592014372349e-03
6.135190851637162268e-03
6.176213471917435527e-03
5.474172736285254359e-03
6.056696773157455027e-03
1.137264688441064209e-02
6.150858127512037754e-03
1.152017885760869831e-02
3.930309685529209673e-03
6.110890710260719061e-03
5.844068058650009334e-03
4.481921059777960181e-03
4.710686893668025732e-02
5.116574116982519627e-02
6.498033297248184681e-03
6.757934868801385164e-03
1.376465517969336361e-01
8.198778319638222456e-03
5.843714970978908241e-03
7.230571092804893851e-03
4.016397360828705132e-03
3.626651843660511076e-03
4.788179241586476564e-03
4.886209659161977470e-03
5.890699903829954565e-03
4.811035102466121316e-02
6.632721662754192948e-03
6.254653242649510503e-03
6.058769504306837916e-03
1.004287782416213304e-02
4.456824637600220740e-03
2.297498530242592096e-02
3.941757953725755215e-03
6.282595481025055051e-03
6.094826734624803066e-03
5.120226836879737675e-03
5.581888384767808020e-03
8.319071959704160690e-03
7.589573302539065480e-02
4.526916003669612110e-03
3.801543425652198493e-03
9.221688212710432708e-02
5.995023634750396013e-02
8.439042881946079433e-03
2.491389709757640958e-02
4.779704395332373679e-03
3.537612833315506577e-02
4.807688907021656632e-03
4.541821777820587158e-03
4.728842715849168599e-03
2.413975450326688588e-02
8.249401318607851863e-02
2.707317416206933558e-02
4.528661709628067911e-03
5.771328898845240474e-03
7.964335870929062366e-02
6.420052202884107828e-03
5.368003374314866960e-03
4.684628715040162206e-03
8.994684234494343400e-03
5.933693639235571027e-03
1.160253210400696844e-02
4.844759518164210021e-03
3.811057846178300679e-03
4.996155883418396115e-03
4.584783982136286795e-02
9.261499537387862802e-03
1.351809778134338558e-02
8.571570200729183853e-03
5.806175962788984179e-03
5.182810069527477026e-03
1.444575420464389026e-02
2.087344821484293789e-02
4.351017152657732368e-03
5.677954148268327117e-03
6.192417553393170238e-03
4.301490643410943449e-02
4.504268785240128636e-03
6.436363910324871540e-03
1.124724368855822831e-02
4.566462594084441662e-03
4.827129596378654242e-03
3.912583459168672562e-03
6.100065133068710566e-03
3.357889901963062584e-03
4.347064837929792702e-03
4.592869532643817365e-03
5.685943062417209148e-03
3.970037098042666912e-03
3.858949930872768164e-03
1.573187665781006217e-02
6.252942665014415979e-03
4.430818938999436796e-03
3.914993198122829199e-03
5.308050385792739689e-03
3.726641676621511579e-03
3.691187666845507920e-03
5.435290280729532242e-03
5.841925914864987135e-03
4.772892745677381754e-03
4.121604788815602660e-02
4.671024842537008226e-03
9.464323724387213588e-03
4.453219356946647167e-03
5.309920685249380767e-03
3.965977957705035806e-03
4.010520831798203290e-03
4.728113694000057876e-03
5.526097273104824126e-03
4.875805621850304306e-03
4.064997803652659059e-03
7.689638121519237757e-03
3.030967188533395529e-02
4.159661300946027040e-03
4.407482192618772388e-03
4.798600217327475548e-03
5.196323763811960816e-03
4.363499401370063424e-02
5.422999704023823142e-03
1.920073028304614127e-02
5.179044834221713245e-03
4.283833972294814885e-03
4.191463085589930415e-03
6.454641261370852590e-03
3.639082526206038892e-03
4.692873801104724407e-03
4.479663810343481600e-03
4.503851858316920698e-03
4.206521829473786056e-03
5.922625539824366570e-03
5.288388114422559738e-03
4.343695283751003444e-03
4.413346250657923520e-03
3.916064772056415677e-03
5.084546326543204486e-03
4.268054399290122092e-03
3.938011141144670546e-03
4.082706858753226697e-03
4.598055849783122540e-03
4.253919993061572313e-03
2.898776996880769730e-02
6.635771482251584530e-03
4.864439542870968580e-03
3.072593244723975658e-03
8.422147890087217093e-03
4.105404979782178998e-03
3.449994183029048145e-03
2.973240116261877120e-03
3.902518394170328975e-03
5.063809920102357864e-03
4.330802927142940462e-03
1.953829442209098488e-02
4.351229290477931499e-03
5.444016089313663542e-03
4.993821596144698560e-03
6.019915279466658831e-03
5.281818416551686823e-02
4.125733161345124245e-03
5.213119526160880923e-03
4.202459414955228567e-03
4.033538018120452762e-03
1.577850100875366479e-02
2.341126036481000483e-02
4.316614460549317300e-03
2.968290897842962295e-02
1.021841017063707113e-02
4.141241108300164342e-03
5.029975989600643516e-03
5.053110478911548853e-03
1.865133688261266798e-02
4.642219253582879901e-03
1.402153472008649260e-02
4.064056382048875093e-03
4.148773179622367024e-03
4.086248416570015252e-03
3.619459312176331878e-03
4.280391454813070595e-02
3.792711780988611281e-03
4.088015761226415634e-03
3.131094592390581965e-03
4.066043547936715186e-03
4.104289706447161734e-03
3.900097130099311471e-03
1.141922616807278246e-02
3.760433217394165695e-03
3.470309136901050806e-03
3.790145012317225337e-03
3.611141612054780126e-03
3.565646838978864253e-03
3.473508084425702691e-03
5.647630983730778098e-03
4.722248908365145326e-03
3.594238383811898530e-03
4.326824913732707500e-03
3.175648060278035700e-03
5.420111035346053541e-02
4.618233826477080584e-03
7.689551246585324407e-03
4.635886842152103782e-03
3.760326086194254458e-03
7.266707325470633805e-03
1.534214743878692389e-02
8.374935830943286419e-03
4.657355291419662535e-02
3.940955764846876264e-03
3.461133674136362970e-03
2.782488169032149017e-03
5.616779209231026471e-02
5.381589879107195884e-03
2.528324905142653733e-03
3.810596099356189370e-03
1.066535875725094229e-02
3.873510897392407060e-03
4.108816996449604630e-03
3.487584908725693822e-03
4.118377357372082770e-03
4.248496567015536129e-03
3.004743470228277147e-03
6.492207568953745067e-03
5.482750828377902508e-03
5.017967690946534276e-03
3.448078161454759538e-03
5.502553831320255995e-03
3.738067156518809497e-03
2.788817320833913982e-03
3.375004918780177832e-03
3.892486091353930533e-02
3.939419373637065291e-03
4.655589887988753617e-03
2.770182501990348101e-03
2.645699511049315333e-03
4.800906652235426009e-03
3.774489799980074167e-03
2.497163251973688602e-03
4.419130767928436399e-03
3.496873614494688809e-03
2.780599475954659283e-03
4.051841780892573297e-03
4.010596734588034451e-03
3.444104571826756001e-03
6.713529306580312550e-03
3.311784850666299462e-03
3.592755383579060435e-03
2.914813958341255784e-03
2.607098780572414398e-03
2.402624103706330061e-02
3.046870348043739796e-03
5.157185878488235176e-03
3.582945035304874182e-03
4.089632464456371963e-03
1.522239335463382304e-02
4.194047694909386337e-03
6.316377272014506161e-03
3.841727317194454372e-03
1.065694328281097114e-02
4.803659918252378702e-03
3.824851271929219365e-03
3.533646755386143923e-03
8.491798987961374223e-03
3.384915937203913927e-03
2.988230786286294460e-03
5.084441188955679536e-03
8.022641675779595971e-03
3.072512001381255686e-03
5.215688026510179043e-03
7.448007701896131039e-03
4.421951060066930950e-03
5.065107486734632403e-02
3.622895441367290914e-03
3.713272395543754101e-03
3.081100803683511913e-03
6.888126285048201680e-02
4.445989630767144263e-03
6.068993154622148722e-02
4.476770278415642679e-03
3.903625620296224952e-03
4.147972693317569792e-03
2.613469085190445185e-03
2.917024685302749276e-03
6.533450010465458035e-02
4.346880712546408176e-03
3.334283232106827199e-03
2.719468728173524141e-03
3.626620455179363489e-03
4.240322799887508154e-03
4.876185688772238791e-03
2.547146708820946515e-03
7.027400017250329256e-03
2.976585237774997950e-03
3.273009802796877921e-03
3.865601072902791202e-03
3.283724637003615499e-02
3.979528741911053658e-02
8.374700829153880477e-02
5.322244309354573488e-03
4.734444955829530954e-03
3.334404929773882031e-03
3.054184460779651999e-03
3.985704737715423107e-03
3.305364109110087156e-03
2.758977090707048774e-03
2.538599743274971843e-03
3.042659039783757180e-02
3.174103156197816133e-03
3.171488613588735461e-03
2.925550448708236217e-03
4.295545528293587267e-03
3.274795832112431526e-03
3.276081391959451139e-03
3.201561514288187027e-03
2.833499471307732165e-03
3.698588334373198450e-03
5.390187652665190399e-03
2.367288930690847337e-02
2.440753305563703179e-03
3.211191215086728334e-03
2.251748940034303814e-02
4.091628492460586131e-03
3.352885119966231287e-03
