 1.00000000e+08  1.76924706e-02 
 1.02330354e+08  1.78157637e-02 
 1.04715014e+08  1.79442099e-02 
 1.07155245e+08  1.80780349e-02 
 1.09652342e+08  1.82174766e-02 
 1.12207630e+08  1.83627860e-02 
 1.14822466e+08  1.85142284e-02 
 1.17498236e+08  1.86720844e-02 
 1.20236362e+08  1.88366517e-02 
 1.23038295e+08  1.90082462e-02 
 1.25905523e+08  1.91872042e-02 
 1.28839568e+08  1.93738842e-02 
 1.31841987e+08  1.95686697e-02 
 1.34914372e+08  1.97719714e-02 
 1.38058355e+08  1.99842306e-02 
 1.41275604e+08  2.02059232e-02 
 1.44567827e+08  2.04375641e-02 
 1.47936769e+08  2.06797119e-02 
 1.51384220e+08  2.09329760e-02 
 1.54912009e+08  2.11980233e-02 
 1.58522008e+08  2.14755878e-02 
 1.62216133e+08  2.17664814e-02 
 1.65996343e+08  2.20716078e-02 
 1.69864646e+08  2.23919789e-02 
 1.73823095e+08  2.27287362e-02 
 1.77873789e+08  2.30831775e-02 
 1.82018879e+08  2.34567907e-02 
 1.86260564e+08  2.38512978e-02 
 1.90601095e+08  2.42687118e-02 
 1.95042776e+08  2.47114125e-02 
 1.99587964e+08  2.51822472e-02 
 2.04239071e+08  2.56846667e-02 
 2.08998565e+08  2.62229113e-02 
 2.13868972e+08  2.68022679e-02 
 2.18852877e+08  2.74294255e-02 
 2.23952925e+08  2.81129669e-02 
 2.29171822e+08  2.88640308e-02 
 2.34512337e+08  2.96971293e-02 
 2.39977306e+08  3.06308752e-02 
 2.45569627e+08  3.16874364e-02 
 2.51292270e+08  3.28857738e-02 
 2.57148271e+08  3.42078215e-02 
 2.63140737e+08  3.54446669e-02 
 2.69272848e+08  3.55129814e-02 
 2.75547860e+08  3.03570739e-02 
 2.81969102e+08  1.65306937e-02 
 2.88539981e+08  1.04975651e-02 
 2.95263985e+08  1.59694140e-02 
 3.02144683e+08  2.06425825e-02 
 3.09185725e+08  2.39297197e-02 
 3.16390848e+08  2.64003812e-02 
 3.23763876e+08  2.84024016e-02 
 3.31308722e+08  3.01270365e-02 
 3.39029389e+08  3.16833682e-02 
 3.46929975e+08  3.31369025e-02 
 3.55014673e+08  3.45288063e-02 
 3.63287773e+08  3.58858054e-02 
 3.71753666e+08  3.72254730e-02 
 3.80416844e+08  3.85591259e-02 
 3.89281904e+08  3.98934072e-02 
 3.98353552e+08  4.12310993e-02 
 4.07636602e+08  4.25714574e-02 
 4.17135980e+08  4.39102266e-02 
 4.26856726e+08  4.52394488e-02 
 4.36804001e+08  4.65471398e-02 
 4.46983082e+08  4.78169233e-02 
 4.57399372e+08  4.90277248e-02 
 4.68058398e+08  5.01536586e-02 
 4.78965818e+08  5.11642752e-02 
 4.90127419e+08  5.20253486e-02 
 5.01549125e+08  5.27003691e-02 
 5.13236997e+08  5.31528269e-02 
 5.25197238e+08  5.33492189e-02 
 5.37436195e+08  5.32624969e-02 
 5.49960363e+08  5.28754566e-02 
 5.62776388e+08  5.21834216e-02 
 5.75891073e+08  5.11956122e-02 
 5.89311376e+08  4.99348283e-02 
 6.03044419e+08  4.84354606e-02 
 6.17097492e+08  4.67402440e-02 
 6.31478050e+08  4.48964183e-02 
 6.46193727e+08  4.29520017e-02 
 6.61252331e+08  4.09527194e-02 
 6.76661854e+08  3.89398751e-02 
 6.92430473e+08  3.69491983e-02 
 7.08566557e+08  3.50105248e-02 
 7.25078669e+08  3.31480830e-02 
 7.41975572e+08  3.13811468e-02 
 7.59266232e+08  2.97248542e-02 
 7.76959826e+08  2.81910369e-02 
 7.95065744e+08  2.67889629e-02 
 8.13593593e+08  2.55259276e-02 
 8.32553207e+08  2.44076677e-02 
 8.51954648e+08  2.34385901e-02 
 8.71808210e+08  2.26218354e-02 
 8.92124431e+08  2.19592099e-02 
 9.12914092e+08  2.14510450e-02 
 9.34188226e+08  2.10960517e-02 
 9.55958123e+08  2.08912419e-02 
 9.78235335e+08  2.08319697e-02 
 1.00103169e+09  2.09121192e-02 
 1.02435927e+09  2.11244258e-02 
 1.04823047e+09  2.14608888e-02 
 1.07265796e+09  2.19132169e-02 
 1.09765469e+09  2.24732495e-02 
 1.12323393e+09  2.31333131e-02 
 1.14940927e+09  2.38864927e-02 
 1.17619457e+09  2.47268144e-02 
 1.20360408e+09  2.56493515e-02 
 1.23165232e+09  2.66502701e-02 
 1.26035418e+09  2.77268330e-02 
 1.28972490e+09  2.88773781e-02 
 1.31978006e+09  3.01012850e-02 
 1.35053561e+09  3.13989392e-02 
 1.38200788e+09  3.27716996e-02 
 1.41421356e+09  3.42218753e-02 
 1.44716975e+09  3.57527105e-02 
 1.48089393e+09  3.73683800e-02 
 1.51540401e+09  3.90739919e-02 
 1.55071830e+09  4.08755938e-02 
 1.58685553e+09  4.27801762e-02 
 1.62383489e+09  4.47956619e-02 
 1.66167599e+09  4.69308651e-02 
 1.70039893e+09  4.91953939e-02 
 1.74002425e+09  5.15994554e-02 
 1.78057299e+09  5.41535014e-02 
 1.82206665e+09  5.68676202e-02 
 1.86452726e+09  5.97505271e-02 
 1.90797735e+09  6.28079402e-02 
 1.95243999e+09  6.60400274e-02 
 1.99793876e+09  6.94374876e-02 
 2.04449781e+09  7.29757082e-02 
 2.09214185e+09  7.66063822e-02 
 2.14089617e+09  8.02461663e-02 
 2.19078664e+09  8.37627459e-02 
 2.24183974e+09  8.69606076e-02 
 2.29408255e+09  8.95723738e-02 
 2.34754280e+09  9.12661703e-02 
 2.40224887e+09  9.16818292e-02 
 2.45822978e+09  9.05018666e-02 
 2.51551525e+09  8.75421558e-02 
 2.57413567e+09  8.28216065e-02 
 2.63412215e+09  7.65668676e-02 
 2.69550653e+09  6.91426991e-02 
 2.75832139e+09  6.09448579e-02 
 2.82260005e+09  5.23074777e-02 
 2.88837664e+09  4.34561803e-02 
 2.95568605e+09  3.45178048e-02 
 3.02456401e+09  2.56377035e-02 
 3.09504707e+09  1.76075789e-02 
 3.16717263e+09  1.49705015e-02 
 3.24097898e+09  2.50862423e-02 
 3.31650528e+09  4.75153200e-02 
 3.39379160e+09  8.45380628e-02 
 3.47287898e+09  1.17309930e-01 
 3.55380937e+09  1.00664750e-01 
 3.63662572e+09  7.60404116e-02 
 3.72137199e+09  5.70216580e-02 
 3.80809314e+09  4.42562155e-02 
 3.89683521e+09  3.49731237e-02 
 3.98764528e+09  2.75870154e-02 
 4.08057155e+09  1.98294455e-02 
 4.17566333e+09  2.41510736e-02 
 4.27297108e+09  1.96561270e-02 
 4.37254645e+09  1.83651143e-02 
 4.47444228e+09  1.89692576e-02 
 4.57871264e+09  2.13250900e-02 
 4.68541287e+09  2.57098872e-02 
 4.79459960e+09  3.07062622e-02 
 4.90633076e+09  4.92589374e-02 
 5.02066566e+09  1.15942970e-01 
 5.13766496e+09  6.75542649e-02 
 5.25739076e+09  2.75512792e-02 
 5.37990660e+09  2.22287432e-02 
 5.50527749e+09  2.77829977e-02 
 5.63356997e+09  2.90910500e-02 
 5.76485211e+09  3.59789064e-02 
 5.89919360e+09  4.57562698e-02 
 6.03666571e+09  9.08040649e-02 
 6.17734142e+09  3.53044289e-02 
 6.32129537e+09  5.27850837e-02 
 6.46860395e+09  8.16446775e-02 
 6.61934535e+09  8.47843149e-02 
 6.77359956e+09  5.02890418e-02 
 6.93144843e+09  4.45974658e-02 
 7.09297575e+09  1.01147234e-01 
 7.25826722e+09  1.01965488e-01 
 7.42741057e+09  1.32434001e-01 
 7.60049556e+09  1.08133607e-02 
 7.77761404e+09  9.90065764e-02 
 7.95886001e+09  2.50898266e-02 
 8.14432966e+09  5.61678545e-02 
 8.33412140e+09  2.92466107e-02 
 8.52833597e+09  3.76411673e-02 
 8.72707642e+09  4.27152524e-02 
 8.93044823e+09  4.29843309e-02 
 9.13855932e+09  5.31526135e-02 
 9.35152014e+09  4.80529483e-02 
 9.56944371e+09  5.00115594e-02 
 9.79244566e+09  4.94745712e-02 
 1.00206443e+10  6.31363363e-02 
 1.02541609e+10  6.85001773e-02 
 1.04931192e+10  7.34959018e-02 
 1.07376460e+10  7.87055959e-02 
 1.09878712e+10  8.43974618e-02 
 1.12439276e+10  9.08306634e-02 
 1.15059509e+10  9.82808714e-02 
 1.17740804e+10  1.06849868e-01 
 1.20484582e+10  1.15396695e-01 
 1.23292299e+10  1.17706664e-01 
 1.26165447e+10  1.01392940e-01 
 1.29105549e+10  7.48778851e-02 
 1.32114166e+10  6.21920174e-02 
 1.35192894e+10  6.32512050e-02 
 1.38343368e+10  6.95934797e-02 
 1.41567259e+10  7.80454489e-02 
 1.44866277e+10  9.48575552e-02 
 1.48242175e+10  1.00184703e-01 
 1.51696743e+10  1.03338289e-01 
 1.55231815e+10  8.08202813e-02 
 1.58849266e+10  9.72118357e-02 
 1.62551017e+10  1.00555075e-01 
 1.66339032e+10  1.03000780e-01 
 1.70215321e+10  1.06935636e-01 
 1.74181941e+10  1.11305270e-01 
 1.78240998e+10  1.15753944e-01 
 1.82394645e+10  1.20220978e-01 
 1.86645086e+10  1.24756793e-01 
 1.90994578e+10  1.29382347e-01 
 1.95445429e+10  1.34088760e-01 
 2.00000000e+10  1.38875190e-01 
