 1.00000000e+08  1.77116452e-02 
 1.02330354e+08  1.78333244e-02 
 1.04715014e+08  1.79597779e-02 
 1.07155245e+08  1.80911948e-02 
 1.09652342e+08  1.82277727e-02 
 1.12207630e+08  1.83697179e-02 
 1.14822466e+08  1.85172462e-02 
 1.17498236e+08  1.86705833e-02 
 1.20236362e+08  1.88299655e-02 
 1.23038295e+08  1.89956398e-02 
 1.25905523e+08  1.91678653e-02 
 1.28839568e+08  1.93469133e-02 
 1.31841987e+08  1.95330681e-02 
 1.34914372e+08  1.97266278e-02 
 1.38058355e+08  1.99279053e-02 
 1.41275604e+08  2.01372290e-02 
 1.44567827e+08  2.03549435e-02 
 1.47936769e+08  2.05814110e-02 
 1.51384220e+08  2.08170122e-02 
 1.54912009e+08  2.10621472e-02 
 1.58522008e+08  2.13172371e-02 
 1.62216133e+08  2.15827249e-02 
 1.65996343e+08  2.18590771e-02 
 1.69864646e+08  2.21467851e-02 
 1.73823095e+08  2.24463669e-02 
 1.77873789e+08  2.27583681e-02 
 1.82018879e+08  2.30833647e-02 
 1.86260564e+08  2.34219638e-02 
 1.90601095e+08  2.37748062e-02 
 1.95042776e+08  2.41425682e-02 
 1.99587964e+08  2.45259635e-02 
 2.04239071e+08  2.49257453e-02 
 2.08998565e+08  2.53427082e-02 
 2.13868972e+08  2.57776904e-02 
 2.18852877e+08  2.62315754e-02 
 2.23952925e+08  2.67052935e-02 
 2.29171822e+08  2.71998230e-02 
 2.34512337e+08  2.77161913e-02 
 2.39977306e+08  2.82554745e-02 
 2.45569627e+08  2.88187966e-02 
 2.51292270e+08  2.94073272e-02 
 2.57148271e+08  3.00222773e-02 
 2.63140737e+08  3.06648925e-02 
 2.69272848e+08  3.13364437e-02 
 2.75547860e+08  3.20382129e-02 
 2.81969102e+08  3.27714740e-02 
 2.88539981e+08  3.35374666e-02 
 2.95263985e+08  3.43373611e-02 
 3.02144683e+08  3.51722117e-02 
 3.09185725e+08  3.60428963e-02 
 3.16390848e+08  3.69500368e-02 
 3.23763876e+08  3.78938987e-02 
 3.31308722e+08  3.88742617e-02 
 3.39029389e+08  3.98902577e-02 
 3.46929975e+08  4.09401695e-02 
 3.55014673e+08  4.20211842e-02 
 3.63287773e+08  4.31290962e-02 
 3.71753666e+08  4.42579595e-02 
 3.80416844e+08  4.53996906e-02 
 3.89281904e+08  4.65436375e-02 
 3.98353552e+08  4.76761383e-02 
 4.07636602e+08  4.87801183e-02 
 4.17135980e+08  4.98347929e-02 
 4.26856726e+08  5.08155759e-02 
 4.36804001e+08  5.16943133e-02 
 4.46983082e+08  5.24399721e-02 
 4.57399372e+08  5.30198977e-02 
 4.68058398e+08  5.34016853e-02 
 4.78965818e+08  5.35556008e-02 
 4.90127419e+08  5.34573312e-02 
 5.01549125e+08  5.30906878e-02 
 5.13236997e+08  5.24497874e-02 
 5.25197238e+08  5.15402560e-02 
 5.37436195e+08  5.03791574e-02 
 5.49960363e+08  4.89936159e-02 
 5.62776388e+08  4.74183939e-02 
 5.75891073e+08  4.56928849e-02 
 5.89311376e+08  4.38580510e-02 
 6.03044419e+08  4.19537510e-02 
 6.17097492e+08  4.00167361e-02 
 6.31478050e+08  3.80794041e-02 
 6.46193727e+08  3.61692544e-02 
 6.61252331e+08  3.43088991e-02 
 6.76661854e+08  3.25164545e-02 
 6.92430473e+08  3.08061530e-02 
 7.08566557e+08  2.91890426e-02 
 7.25078669e+08  2.76736838e-02 
 7.41975572e+08  2.62667807e-02 
 7.59266232e+08  2.49737136e-02 
 7.76959826e+08  2.37989531e-02 
 7.95065744e+08  2.27463487e-02 
 8.13593593e+08  2.18192916e-02 
 8.32553207e+08  2.10207603e-02 
 8.51954648e+08  2.03532622e-02 
 8.71808210e+08  1.98187017e-02 
 8.92124431e+08  1.94182107e-02 
 9.12914092e+08  1.91519922e-02 
 9.34188226e+08  1.90192266e-02 
 9.55958123e+08  1.90180798e-02 
 9.78235335e+08  1.91458324e-02 
 1.00103169e+09  1.93991139e-02 
 1.02435927e+09  1.97741894e-02 
 1.04823047e+09  2.02671994e-02 
 1.07265796e+09  2.08741737e-02 
 1.09765469e+09  2.15904643e-02 
 1.12323393e+09  2.24088044e-02 
 1.14940927e+09  2.33140527e-02 
 1.17619457e+09  2.42696720e-02 
 1.20360408e+09  2.51831814e-02 
 1.23165232e+09  2.58202800e-02 
 1.26035418e+09  2.56233080e-02 
 1.28972490e+09  2.35657221e-02 
 1.31978006e+09  1.90876350e-02 
 1.35053561e+09  1.47214044e-02 
 1.38200788e+09  1.42428415e-02 
 1.41421356e+09  1.66278331e-02 
 1.44716975e+09  1.95418036e-02 
 1.48089393e+09  2.22579694e-02 
 1.51540401e+09  2.47153890e-02 
 1.55071830e+09  2.69820574e-02 
 1.58685553e+09  2.91307622e-02 
 1.62383489e+09  3.12194553e-02 
 1.66167599e+09  3.32925591e-02 
 1.70039893e+09  3.53851070e-02 
 1.74002425e+09  3.75262785e-02 
 1.78057299e+09  3.97419964e-02 
 1.82206665e+09  4.20568075e-02 
 1.86452726e+09  4.44952933e-02 
 1.90797735e+09  4.70831779e-02 
 1.95243999e+09  4.98482259e-02 
 1.99793876e+09  5.28209388e-02 
 2.04449781e+09  5.60349528e-02 
 2.09214185e+09  5.95268645e-02 
 2.14089617e+09  6.33348815e-02 
 2.19078664e+09  6.74950728e-02 
 2.24183974e+09  7.20327855e-02 
 2.29408255e+09  7.69445795e-02 
 2.34754280e+09  8.21622885e-02 
 2.40224887e+09  8.74859739e-02 
 2.45822978e+09  9.24718337e-02 
 2.51551525e+09  9.62849234e-02 
 2.57413567e+09  9.76187761e-02 
 2.63412215e+09  9.49460008e-02 
 2.69550653e+09  8.73137991e-02 
 2.75832139e+09  7.51943911e-02 
 2.82260005e+09  6.03440692e-02 
 2.88837664e+09  4.47375955e-02 
 2.95568605e+09  2.98919819e-02 
 3.02456401e+09  1.78244648e-02 
 3.09504707e+09  1.59095153e-02 
 3.16717263e+09  2.77336097e-02 
 3.24097898e+09  4.70476854e-02 
 3.31650528e+09  8.02447512e-02 
 3.39379160e+09  5.54015548e-02 
 3.47287898e+09  9.74353512e-02 
 3.55380937e+09  1.11087910e-01 
 3.63662572e+09  9.62174420e-02 
 3.72137199e+09  1.14280134e-01 
 3.80809314e+09  7.23607091e-02 
 3.89683521e+09  5.50486187e-02 
 3.98764528e+09  4.30925370e-02 
 4.08057155e+09  3.42293447e-02 
 4.17566333e+09  2.76584799e-02 
 4.27297108e+09  2.30108833e-02 
 4.37254645e+09  2.05529033e-02 
 4.47444228e+09  2.02952045e-02 
 4.57871264e+09  2.23275676e-02 
 4.68541287e+09  2.67760498e-02 
 4.79459960e+09  3.47438519e-02 
 4.90633076e+09  5.24921227e-02 
 5.02066566e+09  1.17092403e-01 
 5.13766496e+09  3.64526584e-02 
 5.25739076e+09  3.44838280e-02 
 5.37990660e+09  2.49873156e-02 
 5.50527749e+09  3.79364438e-02 
 5.63356997e+09  3.73362465e-02 
 5.76485211e+09  4.27237386e-02 
 5.89919360e+09  5.56079342e-02 
 6.03666571e+09  1.05335957e-01 
 6.17734142e+09  4.58830446e-02 
 6.32129537e+09  7.58957874e-02 
 6.46860395e+09  1.40418613e-01 
 6.61934535e+09  2.45296493e-01 
 6.77359956e+09  1.54735971e-01 
 6.93144843e+09  4.89957183e-02 
 7.09297575e+09  1.62194417e-02 
 7.25826722e+09  1.64810243e-02 
 7.42741057e+09  1.69768143e-02 
 7.60049556e+09  2.46748384e-02 
 7.77761404e+09  3.32214005e-02 
 7.95886001e+09  2.48030552e-02 
 8.14432966e+09  3.82657792e-02 
 8.33412140e+09  2.44187651e-02 
 8.52833597e+09  3.89496408e-02 
 8.72707642e+09  3.82599346e-02 
 8.93044823e+09  4.59277317e-02 
 9.13855932e+09  5.13189236e-02 
 9.35152014e+09  7.80297337e-02 
 9.56944371e+09  5.60085538e-02 
 9.79244566e+09  4.66440823e-02 
 1.00206443e+10  6.26414465e-02 
 1.02541609e+10  6.75770943e-02 
 1.04931192e+10  7.21371728e-02 
 1.07376460e+10  7.68622843e-02 
 1.09878712e+10  8.19590583e-02 
 1.12439276e+10  8.76175389e-02 
 1.15059509e+10  9.40456108e-02 
 1.17740804e+10  1.01393183e-01 
 1.20484582e+10  1.09290531e-01 
 1.23292299e+10  1.14936067e-01 
 1.26165447e+10  1.09210302e-01 
 1.29105549e+10  8.65191534e-02 
 1.32114166e+10  6.69448052e-02 
 1.35192894e+10  6.30945966e-02 
 1.38343368e+10  6.79466885e-02 
 1.41567259e+10  7.59031960e-02 
 1.44866277e+10  9.08521682e-02 
 1.48242175e+10  9.40681007e-02 
 1.51696743e+10  8.17431873e-02 
 1.55231815e+10  9.56165259e-02 
 1.58849266e+10  1.05037017e-01 
 1.62551017e+10  1.02473649e-01 
 1.66339032e+10  1.04014939e-01 
 1.70215321e+10  1.07748385e-01 
 1.74181941e+10  1.11996031e-01 
 1.78240998e+10  1.16309391e-01 
 1.82394645e+10  1.20667655e-01 
 1.86645086e+10  1.25168532e-01 
 1.90994578e+10  1.29791369e-01 
 1.95445429e+10  1.34498490e-01 
 2.00000000e+10  1.39283439e-01 
