 1.00000000e+08  1.82393743e-02 
 1.02330354e+08  1.83609118e-02 
 1.04715014e+08  1.84876527e-02 
 1.07155245e+08  1.86198058e-02 
 1.09652342e+08  1.87575880e-02 
 1.12207630e+08  1.89012242e-02 
 1.14822466e+08  1.90509481e-02 
 1.17498236e+08  1.92070026e-02 
 1.20236362e+08  1.93696400e-02 
 1.23038295e+08  1.95391225e-02 
 1.25905523e+08  1.97157229e-02 
 1.28839568e+08  1.98997254e-02 
 1.31841987e+08  2.00914254e-02 
 1.34914372e+08  2.02911313e-02 
 1.38058355e+08  2.04991641e-02 
 1.41275604e+08  2.07158591e-02 
 1.44567827e+08  2.09415663e-02 
 1.47936769e+08  2.11766512e-02 
 1.51384220e+08  2.14214965e-02 
 1.54912009e+08  2.16765021e-02 
 1.58522008e+08  2.19420874e-02 
 1.62216133e+08  2.22186917e-02 
 1.65996343e+08  2.25067761e-02 
 1.69864646e+08  2.28068247e-02 
 1.73823095e+08  2.31193461e-02 
 1.77873789e+08  2.34448752e-02 
 1.82018879e+08  2.37839750e-02 
 1.86260564e+08  2.41372384e-02 
 1.90601095e+08  2.45052900e-02 
 1.95042776e+08  2.48887882e-02 
 1.99587964e+08  2.52884274e-02 
 2.04239071e+08  2.57049400e-02 
 2.08998565e+08  2.61390984e-02 
 2.13868972e+08  2.65917171e-02 
 2.18852877e+08  2.70636547e-02 
 2.23952925e+08  2.75558155e-02 
 2.29171822e+08  2.80691506e-02 
 2.34512337e+08  2.86046587e-02 
 2.39977306e+08  2.91633867e-02 
 2.45569627e+08  2.97464278e-02 
 2.51292270e+08  3.03549198e-02 
 2.57148271e+08  3.09900404e-02 
 2.63140737e+08  3.16530009e-02 
 2.69272848e+08  3.23450358e-02 
 2.75547860e+08  3.30673888e-02 
 2.81969102e+08  3.38212931e-02 
 2.88539981e+08  3.46079444e-02 
 2.95263985e+08  3.54284652e-02 
 3.02144683e+08  3.62838575e-02 
 3.09185725e+08  3.71749403e-02 
 3.16390848e+08  3.81022694e-02 
 3.23763876e+08  3.90660344e-02 
 3.31308722e+08  4.00659272e-02 
 3.39029389e+08  4.11009777e-02 
 3.46929975e+08  4.21693488e-02 
 3.55014673e+08  4.32680860e-02 
 3.63287773e+08  4.43928172e-02 
 3.71753666e+08  4.55374000e-02 
 3.80416844e+08  4.66935212e-02 
 3.89281904e+08  4.78502616e-02 
 3.98353552e+08  4.89936541e-02 
 4.07636602e+08  5.01062803e-02 
 4.17135980e+08  5.11669792e-02 
 4.26856726e+08  5.21507664e-02 
 4.36804001e+08  5.30290861e-02 
 4.46983082e+08  5.37705289e-02 
 4.57399372e+08  5.43421257e-02 
 4.68058398e+08  5.47112652e-02 
 4.78965818e+08  5.48481636e-02 
 4.90127419e+08  5.47286618e-02 
 5.01549125e+08  5.43369624e-02 
 5.13236997e+08  5.36678262e-02 
 5.25197238e+08  5.27277628e-02 
 5.37436195e+08  5.15349206e-02 
 5.49960363e+08  5.01176492e-02 
 5.62776388e+08  4.85120035e-02 
 5.75891073e+08  4.67586649e-02 
 5.89311376e+08  4.48998166e-02 
 6.03044419e+08  4.29764265e-02 
 6.17097492e+08  4.10262163e-02 
 6.31478050e+08  3.90824047e-02 
 6.46193727e+08  3.71731639e-02 
 6.61252331e+08  3.53216360e-02 
 6.76661854e+08  3.35463318e-02 
 6.92430473e+08  3.18617438e-02 
 7.08566557e+08  3.02790404e-02 
 7.25078669e+08  2.88067473e-02 
 7.41975572e+08  2.74513544e-02 
 7.59266232e+08  2.62178153e-02 
 7.76959826e+08  2.51099247e-02 
 7.95065744e+08  2.41305741e-02 
 8.13593593e+08  2.32818939e-02 
 8.32553207e+08  2.25653013e-02 
 8.51954648e+08  2.19814807e-02 
 8.71808210e+08  2.15303306e-02 
 8.92124431e+08  2.12109123e-02 
 9.12914092e+08  2.10214381e-02 
 9.34188226e+08  2.09593244e-02 
 9.55958123e+08  2.10213223e-02 
 9.78235335e+08  2.12037187e-02 
 1.00103169e+09  2.15025780e-02 
 1.02435927e+09  2.19139725e-02 
 1.04823047e+09  2.24341105e-02 
 1.07265796e+09  2.30591956e-02 
 1.09765469e+09  2.37846683e-02 
 1.12323393e+09  2.46030235e-02 
 1.14940927e+09  2.54982266e-02 
 1.17619457e+09  2.64317089e-02 
 1.20360408e+09  2.73071735e-02 
 1.23165232e+09  2.78845437e-02 
 1.26035418e+09  2.76033936e-02 
 1.28972490e+09  2.54693598e-02 
 1.31978006e+09  2.10839310e-02 
 1.35053561e+09  1.71755541e-02 
 1.38200788e+09  1.70687650e-02 
 1.41421356e+09  1.94771627e-02 
 1.44716975e+09  2.23375521e-02 
 1.48089393e+09  2.50135344e-02 
 1.51540401e+09  2.74502464e-02 
 1.55071830e+09  2.97114529e-02 
 1.58685553e+09  3.18665158e-02 
 1.62383489e+09  3.39713900e-02 
 1.66167599e+09  3.60694867e-02 
 1.70039893e+09  3.81954619e-02 
 1.74002425e+09  4.03785464e-02 
 1.78057299e+09  4.26450312e-02 
 1.82206665e+09  4.50200934e-02 
 1.86452726e+09  4.75291820e-02 
 1.90797735e+09  5.01991222e-02 
 1.95243999e+09  5.30590183e-02 
 1.99793876e+09  5.61409584e-02 
 2.04449781e+09  5.94804108e-02 
 2.09214185e+09  6.31160200e-02 
 2.14089617e+09  6.70881617e-02 
 2.19078664e+09  7.14349571e-02 
 2.24183974e+09  7.61831740e-02 
 2.29408255e+09  8.13290964e-02 
 2.34754280e+09  8.68004943e-02 
 2.40224887e+09  9.23857143e-02 
 2.45822978e+09  9.76151886e-02 
 2.51551525e+09  1.01605849e-01 
 2.57413567e+09  1.02976443e-01 
 2.63412215e+09  1.00112904e-01 
 2.69550653e+09  9.20099657e-02 
 2.75832139e+09  7.91720441e-02 
 2.82260005e+09  6.34718144e-02 
 2.88837664e+09  4.70503847e-02 
 2.95568605e+09  3.17038164e-02 
 3.02456401e+09  2.02724309e-02 
 3.09504707e+09  2.05836812e-02 
 3.16717263e+09  3.39476349e-02 
 3.24097898e+09  5.52510537e-02 
 3.31650528e+09  9.09676842e-02 
 3.39379160e+09  6.96302599e-02 
 3.47287898e+09  1.17315983e-01 
 3.55380937e+09  1.34174748e-01 
 3.63662572e+09  1.18711609e-01 
 3.72137199e+09  1.15559479e-01 
 3.80809314e+09  8.74981780e-02 
 3.89683521e+09  6.87150861e-02 
 3.98764528e+09  5.53848189e-02 
 4.08057155e+09  4.53188000e-02 
 4.17566333e+09  3.75413103e-02 
 4.27297108e+09  3.15549943e-02 
 4.37254645e+09  2.70552618e-02 
 4.47444228e+09  2.40048619e-02 
 4.57871264e+09  2.24133205e-02 
 4.68541287e+09  2.23298403e-02 
 4.79459960e+09  2.38762612e-02 
 4.90633076e+09  4.42181898e-02 
 5.02066566e+09  2.94312065e-02 
 5.13766496e+09  6.51949987e-02 
 5.25739076e+09  2.57797457e-02 
 5.37990660e+09  2.26157941e-02 
 5.50527749e+09  2.77766509e-02 
 5.63356997e+09  3.45436157e-02 
 5.76485211e+09  3.89686196e-02 
 5.89919360e+09  4.60620241e-02 
 6.03666571e+09  7.07436093e-02 
 6.17734142e+09  4.50391614e-02 
 6.32129537e+09  5.39328760e-02 
 6.46860395e+09  6.41088800e-02 
 6.61934535e+09  7.42698164e-02 
 6.77359956e+09  9.00666974e-02 
 6.93144843e+09  9.81137140e-02 
 7.09297575e+09  1.67835427e-01 
 7.25826722e+09  1.04393242e-01 
 7.42741057e+09  9.16264000e-02 
 7.60049556e+09  8.20078901e-02 
 7.77761404e+09  3.58197292e-02 
 7.95886001e+09  8.30078547e-02 
 8.14432966e+09  2.26156849e-01 
 8.33412140e+09  1.07261821e-01 
 8.52833597e+09  2.27711761e-02 
 8.72707642e+09  1.54364699e-02 
 8.93044823e+09  2.92338007e-02 
 9.13855932e+09  4.46805111e-02 
 9.35152014e+09  3.71279882e-02 
 9.56944371e+09  5.14354021e-02 
 9.79244566e+09  6.09414551e-02 
 1.00206443e+10  6.99634129e-02 
 1.02541609e+10  7.87567723e-02 
 1.04931192e+10  8.79833671e-02 
 1.07376460e+10  9.80485331e-02 
 1.09878712e+10  1.09390742e-01 
 1.12439276e+10  1.22571479e-01 
 1.15059509e+10  1.38334726e-01 
 1.17740804e+10  1.57547382e-01 
 1.20484582e+10  1.80438485e-01 
 1.23292299e+10  2.02666220e-01 
 1.26165447e+10  2.04734941e-01 
 1.29105549e+10  1.64198606e-01 
 1.32114166e+10  1.10350844e-01 
 1.35192894e+10  8.22738081e-02 
 1.38343368e+10  8.64399560e-02 
 1.41567259e+10  1.12141827e-01 
 1.44866277e+10  1.90254214e-01 
 1.48242175e+10  1.17573426e-01 
 1.51696743e+10  1.84355654e-01 
 1.55231815e+10  2.57339363e-01 
 1.58849266e+10  3.07146771e-01 
 1.62551017e+10  2.78901517e-01 
 1.66339032e+10  3.00403777e-01 
 1.70215321e+10  3.62945402e-01 
 1.74181941e+10  4.49855806e-01 
 1.78240998e+10  5.33446838e-01 
 1.82394645e+10  5.53459564e-01 
 1.86645086e+10  4.90163837e-01 
 1.90994578e+10  4.00565983e-01 
 1.95445429e+10  3.23620720e-01 
 2.00000000e+10  2.65018800e-01 
