 1.00000000e+08  2.05651756e-02 
 1.02330354e+08  2.05100866e-02 
 1.04715014e+08  2.04367650e-02 
 1.07155245e+08  2.03436495e-02 
 1.09652342e+08  2.02292724e-02 
 1.12207630e+08  2.00923131e-02 
 1.14822466e+08  1.99316548e-02 
 1.17498236e+08  1.97464432e-02 
 1.20236362e+08  1.95361430e-02 
 1.23038295e+08  1.93005895e-02 
 1.25905523e+08  1.90400306e-02 
 1.28839568e+08  1.87551555e-02 
 1.31841987e+08  1.84471080e-02 
 1.34914372e+08  1.81174804e-02 
 1.38058355e+08  1.77682893e-02 
 1.41275604e+08  1.74019324e-02 
 1.44567827e+08  1.70211287e-02 
 1.47936769e+08  1.66288466e-02 
 1.51384220e+08  1.62282229e-02 
 1.54912009e+08  1.58224788e-02 
 1.58522008e+08  1.54148361e-02 
 1.62216133e+08  1.50084398e-02 
 1.65996343e+08  1.46062886e-02 
 1.69864646e+08  1.42111762e-02 
 1.73823095e+08  1.38256447e-02 
 1.77873789e+08  1.34519504e-02 
 1.82018879e+08  1.30920402e-02 
 1.86260564e+08  1.27475390e-02 
 1.90601095e+08  1.24197454e-02 
 1.95042776e+08  1.21096354e-02 
 1.99587964e+08  1.18178739e-02 
 2.04239071e+08  1.15448394e-02 
 2.08998565e+08  1.12906752e-02 
 2.13868972e+08  1.10554145e-02 
 2.18852877e+08  1.08393282e-02 
 2.23952925e+08  1.06440174e-02 
 2.29171822e+08  1.04763890e-02 
 2.34512337e+08  1.03664201e-02 
 2.39977306e+08  1.04768764e-02 
 2.45569627e+08  1.22187179e-02 
 2.51292270e+08  1.77577945e-02 
 2.57148271e+08  1.25460672e-02 
 2.63140737e+08  1.12404549e-02 
 2.69272848e+08  1.07808764e-02 
 2.75547860e+08  1.05737830e-02 
 2.81969102e+08  1.04957711e-02 
 2.88539981e+08  1.05492074e-02 
 2.95263985e+08  1.09163714e-02 
 3.02144683e+08  1.29705807e-02 
 3.09185725e+08  2.14971846e-02 
 3.16390848e+08  1.27747433e-02 
 3.23763876e+08  1.11783538e-02 
 3.31308722e+08  1.06864498e-02 
 3.39029389e+08  1.01463804e-02 
 3.46929975e+08  1.11368461e-02 
 3.55014673e+08  1.10179914e-02 
 3.63287773e+08  1.10515655e-02 
 3.71753666e+08  1.16584596e-02 
 3.80416844e+08  1.10489244e-02 
 3.89281904e+08  1.11075615e-02 
 3.98353552e+08  1.12180805e-02 
 4.07636602e+08  1.13446990e-02 
 4.17135980e+08  1.14897073e-02 
 4.26856726e+08  1.16600270e-02 
 4.36804001e+08  1.18668767e-02 
 4.46983082e+08  1.22589730e-02 
 4.57399372e+08  1.34484531e-02 
 4.68058398e+08  1.30518011e-02 
 4.78965818e+08  1.26692935e-02 
 4.90127419e+08  1.33422280e-02 
 5.01549125e+08  1.62841268e-02 
 5.13236997e+08  1.37496747e-02 
 5.25197238e+08  1.34584536e-02 
 5.37436195e+08  1.63231835e-02 
 5.49960363e+08  1.59824438e-02 
 5.62776388e+08  1.52020721e-02 
 5.75891073e+08  1.72228324e-02 
 5.89311376e+08  2.46202594e-02 
 6.03044419e+08  1.67128900e-02 
 6.17097492e+08  1.56878746e-02 
 6.31478050e+08  1.64489536e-02 
 6.46193727e+08  1.18655764e-02 
 6.61252331e+08  1.32603607e-02 
 6.76661854e+08  2.49409742e-02 
 6.92430473e+08  1.20158798e-02 
 7.08566557e+08  1.26820470e-02 
 7.25078669e+08  1.28805422e-02 
 7.41975572e+08  1.34172189e-02 
 7.59266232e+08  1.41451937e-02 
 7.76959826e+08  1.41284809e-02 
 7.95065744e+08  1.48867655e-02 
 8.13593593e+08  1.44134556e-02 
 8.32553207e+08  1.50109569e-02 
 8.51954648e+08  1.55954462e-02 
 8.71808210e+08  1.73533879e-02 
 8.92124431e+08  2.14318684e-02 
 9.12914092e+08  1.61979782e-02 
 9.34188226e+08  1.75208267e-02 
 9.55958123e+08  1.92266707e-02 
 9.78235335e+08  2.02443947e-02 
 1.00103169e+09  1.97639362e-02 
 1.02435927e+09  1.77236807e-02 
 1.04823047e+09  1.88153418e-02 
 1.07265796e+09  1.77330523e-02 
 1.09765469e+09  1.93108898e-02 
 1.12323393e+09  2.36651339e-02 
 1.14940927e+09  1.62734343e-02 
 1.17619457e+09  1.74913018e-02 
 1.20360408e+09  1.87291888e-02 
 1.23165232e+09  1.99250117e-02 
 1.26035418e+09  2.17832166e-02 
 1.28972490e+09  1.92345145e-02 
 1.31978006e+09  2.29629236e-02 
 1.35053561e+09  2.47283993e-02 
 1.38200788e+09  2.24913833e-02 
 1.41421356e+09  2.96712534e-02 
 1.44716975e+09  2.25445835e-02 
 1.48089393e+09  2.00262114e-02 
 1.51540401e+09  2.12888704e-02 
 1.55071830e+09  2.27324031e-02 
 1.58685553e+09  2.44314375e-02 
 1.62383489e+09  2.62877472e-02 
 1.66167599e+09  2.66119396e-02 
 1.70039893e+09  3.09009879e-02 
 1.74002425e+09  3.04734000e-02 
 1.78057299e+09  2.14636350e-02 
 1.82206665e+09  2.76058600e-02 
 1.86452726e+09  3.58277463e-02 
 1.90797735e+09  1.34270011e-02 
 1.95243999e+09  2.17785351e-02 
 1.99793876e+09  2.37199540e-02 
 2.04449781e+09  2.57839387e-02 
 2.09214185e+09  2.73176324e-02 
 2.14089617e+09  2.87724210e-02 
 2.19078664e+09  3.01225701e-02 
 2.24183974e+09  3.14519055e-02 
 2.29408255e+09  3.28422214e-02 
 2.34754280e+09  3.27957310e-02 
 2.40224887e+09  3.22545686e-02 
 2.45822978e+09  3.42426456e-02 
 2.51551525e+09  3.55236843e-02 
 2.57413567e+09  3.65992010e-02 
 2.63412215e+09  3.75789611e-02 
 2.69550653e+09  3.85005029e-02 
 2.75832139e+09  3.93818686e-02 
 2.82260005e+09  4.02340671e-02 
 2.88837664e+09  4.10648070e-02 
 2.95568605e+09  4.18797586e-02 
 3.02456401e+09  4.26830175e-02 
 3.09504707e+09  4.34773127e-02 
 3.16717263e+09  4.42641484e-02 
 3.24097898e+09  4.50439456e-02 
 3.31650528e+09  4.58161982e-02 
 3.39379160e+09  4.65796397e-02 
 3.47287898e+09  4.73324143e-02 
 3.55380937e+09  4.80722425e-02 
 3.63662572e+09  4.87965754e-02 
 3.72137199e+09  4.95027352e-02 
 3.80809314e+09  5.01880378e-02 
 3.89683521e+09  5.08498980e-02 
 3.98764528e+09  5.14859161e-02 
 4.08057155e+09  5.20939475e-02 
 4.17566333e+09  5.26721548e-02 
 4.27297108e+09  5.32190449e-02 
 4.37254645e+09  5.37334904e-02 
 4.47444228e+09  5.42147393e-02 
 4.57871264e+09  5.46624119e-02 
 4.68541287e+09  5.50764897e-02 
 4.79459960e+09  5.54572960e-02 
 4.90633076e+09  5.58054722e-02 
 5.02066566e+09  5.61219505e-02 
 5.13766496e+09  5.64079280e-02 
 5.25739076e+09  5.66648425e-02 
 5.37990660e+09  5.68943562e-02 
 5.50527749e+09  5.70983509e-02 
 5.63356997e+09  5.72789448e-02 
 5.76485211e+09  5.74385443e-02 
 5.89919360e+09  5.75799608e-02 
 6.03666571e+09  5.77066518e-02 
 6.17734142e+09  5.78232249e-02 
 6.32129537e+09  5.79365525e-02 
 6.46860395e+09  5.80585110e-02 
 6.61934535e+09  5.82138272e-02 
 6.77359956e+09  5.84677836e-02 
 6.93144843e+09  5.91920150e-02 
 7.09297575e+09  2.74408128e-02 
 7.25826722e+09  5.59235227e-02 
 7.42741057e+09  5.68127889e-02 
 7.60049556e+09  5.70283436e-02 
 7.77761404e+09  5.66750758e-02 
 7.95886001e+09  5.72403024e-02 
 8.14432966e+09  5.72331649e-02 
 8.33412140e+09  5.70692143e-02 
 8.52833597e+09  5.71259670e-02 
 8.72707642e+09  5.74481002e-02 
 8.93044823e+09  5.72639617e-02 
 9.13855932e+09  5.71926303e-02 
 9.35152014e+09  5.71344581e-02 
 9.56944371e+09  5.70791196e-02 
 9.79244566e+09  5.70243264e-02 
 1.00206443e+10  5.69695103e-02 
 1.02541609e+10  5.69146115e-02 
 1.04931192e+10  5.68597391e-02 
 1.07376460e+10  5.68050552e-02 
 1.09878712e+10  5.67507303e-02 
 1.12439276e+10  5.66969253e-02 
 1.15059509e+10  5.66437850e-02 
 1.17740804e+10  5.65914358e-02 
 1.20484582e+10  5.65399860e-02 
 1.23292299e+10  5.64895264e-02 
 1.26165447e+10  5.64401320e-02 
 1.29105549e+10  5.63918636e-02 
 1.32114166e+10  5.63447691e-02 
 1.35192894e+10  5.62988851e-02 
 1.38343368e+10  5.62542380e-02 
 1.41567259e+10  5.62108454e-02 
 1.44866277e+10  5.61687172e-02 
 1.48242175e+10  5.61278566e-02 
 1.51696743e+10  5.60882607e-02 
 1.55231815e+10  5.60499218e-02 
 1.58849266e+10  5.60128276e-02 
 1.62551017e+10  5.59769621e-02 
 1.66339032e+10  5.59423061e-02 
 1.70215321e+10  5.59088379e-02 
 1.74181941e+10  5.58765333e-02 
 1.78240998e+10  5.58453662e-02 
 1.82394645e+10  5.58153094e-02 
 1.86645086e+10  5.57863339e-02 
 1.90994578e+10  5.57584103e-02 
 1.95445429e+10  5.57315080e-02 
 2.00000000e+10  5.57055963e-02 
