 1.00000000e+08  1.93879376e-02 
 1.02330354e+08  1.95750321e-02 
 1.04715014e+08  1.97713328e-02 
 1.07155245e+08  1.99772932e-02 
 1.09652342e+08  2.01933850e-02 
 1.12207630e+08  2.04200966e-02 
 1.14822466e+08  2.06579317e-02 
 1.17498236e+08  2.09074070e-02 
 1.20236362e+08  2.11690489e-02 
 1.23038295e+08  2.14433884e-02 
 1.25905523e+08  2.17309552e-02 
 1.28839568e+08  2.20322688e-02 
 1.31841987e+08  2.23478273e-02 
 1.34914372e+08  2.26780928e-02 
 1.38058355e+08  2.30234724e-02 
 1.41275604e+08  2.33842934e-02 
 1.44567827e+08  2.37607724e-02 
 1.47936769e+08  2.41529755e-02 
 1.51384220e+08  2.45607686e-02 
 1.54912009e+08  2.49837557e-02 
 1.58522008e+08  2.54212012e-02 
 1.62216133e+08  2.58719373e-02 
 1.65996343e+08  2.63342495e-02 
 1.69864646e+08  2.68057429e-02 
 1.73823095e+08  2.72831860e-02 
 1.77873789e+08  2.77623344e-02 
 1.82018879e+08  2.82377406e-02 
 1.86260564e+08  2.87025597e-02 
 1.90601095e+08  2.91483700e-02 
 1.95042776e+08  2.95650378e-02 
 1.99587964e+08  2.99406644e-02 
 2.04239071e+08  3.02616677e-02 
 2.08998565e+08  3.05130543e-02 
 2.13868972e+08  3.06789359e-02 
 2.18852877e+08  3.07433235e-02 
 2.23952925e+08  3.06911935e-02 
 2.29171822e+08  3.05097558e-02 
 2.34512337e+08  3.01897852e-02 
 2.39977306e+08  2.97268135e-02 
 2.45569627e+08  2.91219596e-02 
 2.51292270e+08  2.83822091e-02 
 2.57148271e+08  2.75200535e-02 
 2.63140737e+08  2.65525314e-02 
 2.69272848e+08  2.54998403e-02 
 2.75547860e+08  2.43837610e-02 
 2.81969102e+08  2.32261457e-02 
 2.88539981e+08  2.20476651e-02 
 2.95263985e+08  2.08669206e-02 
 3.02144683e+08  1.96999444e-02 
 3.09185725e+08  1.85600415e-02 
 3.16390848e+08  1.74578949e-02 
 3.23763876e+08  1.64018455e-02 
 3.31308722e+08  1.53982684e-02 
 3.39029389e+08  1.44519851e-02 
 3.46929975e+08  1.35666681e-02 
 3.55014673e+08  1.27452111e-02 
 3.63287773e+08  1.19900508e-02 
 3.71753666e+08  1.13034292e-02 
 3.80416844e+08  1.06875919e-02 
 3.89281904e+08  1.01449178e-02 
 3.98353552e+08  9.67797892e-03 
 4.07636602e+08  9.28953468e-03 
 4.17135980e+08  8.98248183e-03 
 4.26856726e+08  8.75980626e-03 
 4.36804001e+08  8.62462614e-03 
 4.46983082e+08  8.58047937e-03 
 4.57399372e+08  8.63212225e-03 
 4.68058398e+08  8.78737083e-03 
 4.78965818e+08  9.06128069e-03 
 4.90127419e+08  9.48652320e-03 
 5.01549125e+08  1.01439708e-02 
 5.13236997e+08  1.12786729e-02 
 5.25197238e+08  1.39066733e-02 
 5.37436195e+08  1.87441536e-02 
 5.49960363e+08  1.12612411e-02 
 5.62776388e+08  1.10011599e-02 
 5.75891073e+08  1.16705011e-02 
 5.89311376e+08  1.29961076e-02 
 6.03044419e+08  1.39896527e-02 
 6.17097492e+08  1.58878418e-02 
 6.31478050e+08  1.70357308e-02 
 6.46193727e+08  2.06249107e-02 
 6.61252331e+08  2.25421299e-02 
 6.76661854e+08  1.93366814e-02 
 6.92430473e+08  2.52717594e-02 
 7.08566557e+08  3.20879147e-02 
 7.25078669e+08  3.08267521e-02 
 7.41975572e+08  1.64349884e-02 
 7.59266232e+08  1.46805865e-02 
 7.76959826e+08  2.18382775e-02 
 7.95065744e+08  2.06537323e-02 
 8.13593593e+08  2.85615050e-02 
 8.32553207e+08  3.24902437e-02 
 8.51954648e+08  1.78984987e-02 
 8.71808210e+08  2.74681816e-02 
 8.92124431e+08  3.05125911e-02 
 9.12914092e+08  2.97904503e-02 
 9.34188226e+08  2.84508615e-02 
 9.55958123e+08  2.72590476e-02 
 9.78235335e+08  2.64019732e-02 
 1.00103169e+09  2.58958961e-02 
 1.02435927e+09  2.57070968e-02 
 1.04823047e+09  2.57888371e-02 
 1.07265796e+09  2.60900575e-02 
 1.09765469e+09  2.65536167e-02 
 1.12323393e+09  2.71104786e-02 
 1.14940927e+09  2.76732472e-02 
 1.17619457e+09  2.81324045e-02 
 1.20360408e+09  2.83580645e-02 
 1.23165232e+09  2.82027253e-02 
 1.26035418e+09  2.74682966e-02 
 1.28972490e+09  2.56328499e-02 
 1.31978006e+09  2.04314708e-02 
 1.35053561e+09  3.15218823e-02 
 1.38200788e+09  2.93158018e-02 
 1.41421356e+09  2.79766663e-02 
 1.44716975e+09  2.72763413e-02 
 1.48089393e+09  2.70339204e-02 
 1.51540401e+09  2.71701736e-02 
 1.55071830e+09  2.76044625e-02 
 1.58685553e+09  2.82241331e-02 
 1.62383489e+09  2.88840510e-02 
 1.66167599e+09  2.94300143e-02 
 1.70039893e+09  2.97360638e-02 
 1.74002425e+09  2.97297675e-02 
 1.78057299e+09  2.93621973e-02 
 1.82206665e+09  2.82407061e-02 
 1.86452726e+09  3.00909482e-02 
 1.90797735e+09  2.88684822e-02 
 1.95243999e+09  2.81029196e-02 
 1.99793876e+09  2.74729857e-02 
 2.04449781e+09  2.69163583e-02 
 2.09214185e+09  2.64118151e-02 
 2.14089617e+09  2.59426288e-02 
 2.19078664e+09  2.54922425e-02 
 2.24183974e+09  2.50471525e-02 
 2.29408255e+09  2.46031475e-02 
 2.34754280e+09  2.41718001e-02 
 2.40224887e+09  2.37814263e-02 
 2.45822978e+09  2.34678266e-02 
 2.51551525e+09  2.32587508e-02 
 2.57413567e+09  2.31634782e-02 
 2.63412215e+09  2.31739934e-02 
 2.69550653e+09  2.32734876e-02 
 2.75832139e+09  2.34447323e-02 
 2.82260005e+09  2.36750347e-02 
 2.88837664e+09  2.39586597e-02 
 2.95568605e+09  2.42990748e-02 
 3.02456401e+09  2.47078775e-02 
 3.09504707e+09  2.48676269e-02 
 3.16717263e+09  2.27410734e-02 
 3.24097898e+09  2.47294570e-02 
 3.31650528e+09  2.57143382e-02 
 3.39379160e+09  2.48875169e-02 
 3.47287898e+09  2.61161308e-02 
 3.55380937e+09  2.67617905e-02 
 3.63662572e+09  2.73913356e-02 
 3.72137199e+09  2.69593183e-02 
 3.80809314e+09  2.85361797e-02 
 3.89683521e+09  2.92784492e-02 
 3.98764528e+09  3.00751668e-02 
 4.08057155e+09  3.09642974e-02 
 4.17566333e+09  3.19815278e-02 
 4.27297108e+09  3.31895893e-02 
 4.37254645e+09  3.46460281e-02 
 4.47444228e+09  3.65293560e-02 
 4.57871264e+09  3.91456067e-02 
 4.68541287e+09  4.31876157e-02 
 4.79459960e+09  4.90646251e-02 
 4.90633076e+09  2.03259035e-02 
 5.02066566e+09  1.87859736e-02 
 5.13766496e+09  2.99699419e-02 
 5.25739076e+09  3.28422676e-02 
 5.37990660e+09  3.64302689e-02 
 5.50527749e+09  2.44650102e-02 
 5.63356997e+09  2.56824524e-02 
 5.76485211e+09  2.47788464e-02 
 5.89919360e+09  2.75568375e-02 
 6.03666571e+09  3.25022266e-02 
 6.17734142e+09  4.34327509e-02 
 6.32129537e+09  2.67241766e-02 
 6.46860395e+09  3.03259975e-02 
 6.61934535e+09  3.36555008e-02 
 6.77359956e+09  3.66552302e-02 
 6.93144843e+09  4.05083815e-02 
 7.09297575e+09  4.77956007e-02 
 7.25826722e+09  3.57060045e-02 
 7.42741057e+09  5.70734446e-02 
 7.60049556e+09  6.66168592e-02 
 7.77761404e+09  2.49320685e-02 
 7.95886001e+09  3.72403215e-02 
 8.14432966e+09  5.18607464e-02 
 8.33412140e+09  9.15520924e-02 
 8.52833597e+09  4.56107564e-02 
 8.72707642e+09  1.55509420e-02 
 8.93044823e+09  2.56079205e-02 
 9.13855932e+09  3.18474289e-02 
 9.35152014e+09  2.93139639e-02 
 9.56944371e+09  3.66142603e-02 
 9.79244566e+09  3.95258577e-02 
 1.00206443e+10  4.21101420e-02 
 1.02541609e+10  4.45409045e-02 
 1.04931192e+10  4.69245933e-02 
 1.07376460e+10  4.93372112e-02 
 1.09878712e+10  5.18411707e-02 
 1.12439276e+10  5.45003691e-02 
 1.15059509e+10  5.73915311e-02 
 1.17740804e+10  6.06174785e-02 
 1.20484582e+10  6.43243983e-02 
 1.23292299e+10  6.87129277e-02 
 1.26165447e+10  7.39423811e-02 
 1.29105549e+10  7.91753912e-02 
 1.32114166e+10  7.71040843e-02 
 1.35192894e+10  5.75667743e-02 
 1.38343368e+10  4.97026910e-02 
 1.41567259e+10  5.58910977e-02 
 1.44866277e+10  6.92512417e-02 
 1.48242175e+10  5.99206893e-02 
 1.51696743e+10  6.92351930e-02 
 1.55231815e+10  7.66688555e-02 
 1.58849266e+10  8.37569430e-02 
 1.62551017e+10  8.91081459e-02 
 1.66339032e+10  9.07997744e-02 
 1.70215321e+10  9.28978024e-02 
 1.74181941e+10  9.76096581e-02 
 1.78240998e+10  1.04062652e-01 
 1.82394645e+10  1.11774495e-01 
 1.86645086e+10  1.20804842e-01 
 1.90994578e+10  1.31432328e-01 
 1.95445429e+10  1.44109099e-01 
 2.00000000e+10  1.59520626e-01 
