 1.00000000e+08  1.90060908e-02 
 1.02330354e+08  1.92035518e-02 
 1.04715014e+08  1.94105707e-02 
 1.07155245e+08  1.96276467e-02 
 1.09652342e+08  1.98553035e-02 
 1.12207630e+08  2.00940892e-02 
 1.14822466e+08  2.03445754e-02 
 1.17498236e+08  2.06073561e-02 
 1.20236362e+08  2.08830450e-02 
 1.23038295e+08  2.11722721e-02 
 1.25905523e+08  2.14756783e-02 
 1.28839568e+08  2.17939083e-02 
 1.31841987e+08  2.21276007e-02 
 1.34914372e+08  2.24773743e-02 
 1.38058355e+08  2.28438112e-02 
 1.41275604e+08  2.32274333e-02 
 1.44567827e+08  2.36286728e-02 
 1.47936769e+08  2.40478337e-02 
 1.51384220e+08  2.44850437e-02 
 1.54912009e+08  2.49401922e-02 
 1.58522008e+08  2.54128540e-02 
 1.62216133e+08  2.59021946e-02 
 1.65996343e+08  2.64068547e-02 
 1.69864646e+08  2.69248116e-02 
 1.73823095e+08  2.74532166e-02 
 1.77873789e+08  2.79882095e-02 
 1.82018879e+08  2.85247135e-02 
 1.86260564e+08  2.90562225e-02 
 1.90601095e+08  2.95745963e-02 
 1.95042776e+08  3.00698943e-02 
 1.99587964e+08  3.05302853e-02 
 2.04239071e+08  3.09420872e-02 
 2.08998565e+08  3.12899954e-02 
 2.13868972e+08  3.15575600e-02 
 2.18852877e+08  3.17279505e-02 
 2.23952925e+08  3.17850118e-02 
 2.29171822e+08  3.17145484e-02 
 2.34512337e+08  3.15057040e-02 
 2.39977306e+08  3.11522332e-02 
 2.45569627e+08  3.06534341e-02 
 2.51292270e+08  3.00145419e-02 
 2.57148271e+08  2.92464720e-02 
 2.63140737e+08  2.83649407e-02 
 2.69272848e+08  2.73891187e-02 
 2.75547860e+08  2.63400563e-02 
 2.81969102e+08  2.52391355e-02 
 2.88539981e+08  2.41067545e-02 
 2.95263985e+08  2.29613628e-02 
 3.02144683e+08  2.18188795e-02 
 3.09185725e+08  2.06924584e-02 
 3.16390848e+08  1.95925226e-02 
 3.23763876e+08  1.85269851e-02 
 3.31308722e+08  1.75015736e-02 
 3.39029389e+08  1.65201996e-02 
 3.46929975e+08  1.55853267e-02 
 3.55014673e+08  1.46983142e-02 
 3.63287773e+08  1.38597211e-02 
 3.71753666e+08  1.30695686e-02 
 3.80416844e+08  1.23275618e-02 
 3.89281904e+08  1.16332777e-02 
 3.98353552e+08  1.09863262e-02 
 4.07636602e+08  1.03864926e-02 
 4.17135980e+08  9.83387295e-03 
 4.26856726e+08  9.32901403e-03 
 4.36804001e+08  8.87307762e-03 
 4.46983082e+08  8.46806289e-03 
 4.57399372e+08  8.11715537e-03 
 4.68058398e+08  7.82535761e-03 
 4.78965818e+08  7.60079607e-03 
 4.90127419e+08  7.45785160e-03 
 5.01549125e+08  7.42612616e-03 
 5.13236997e+08  7.58347583e-03 
 5.25197238e+08  8.22738019e-03 
 5.37436195e+08  9.47252286e-03 
 5.49960363e+08  7.91365138e-03 
 5.62776388e+08  9.88081085e-03 
 5.75891073e+08  7.51914064e-03 
 5.89311376e+08  7.18603845e-03 
 6.03044419e+08  7.02518337e-03 
 6.17097492e+08  8.21809735e-03 
 6.31478050e+08  8.22480605e-03 
 6.46193727e+08  1.01718320e-02 
 6.61252331e+08  1.47084117e-02 
 6.76661854e+08  9.50066856e-03 
 6.92430473e+08  1.13460168e-02 
 7.08566557e+08  1.43297588e-02 
 7.25078669e+08  1.47472240e-02 
 7.41975572e+08  1.03299270e-02 
 7.59266232e+08  1.03189607e-02 
 7.76959826e+08  1.50553336e-02 
 7.95065744e+08  1.08515044e-02 
 8.13593593e+08  1.39631591e-02 
 8.32553207e+08  1.60978806e-02 
 8.51954648e+08  1.12279097e-02 
 8.71808210e+08  1.51114134e-02 
 8.92124431e+08  1.64485602e-02 
 9.12914092e+08  1.62498859e-02 
 9.34188226e+08  1.57779499e-02 
 9.55958123e+08  1.53538750e-02 
 9.78235335e+08  1.50553031e-02 
 1.00103169e+09  1.48862019e-02 
 1.02435927e+09  1.48290115e-02 
 1.04823047e+09  1.48609534e-02 
 1.07265796e+09  1.49581794e-02 
 1.09765469e+09  1.50956860e-02 
 1.12323393e+09  1.52459636e-02 
 1.14940927e+09  1.53779434e-02 
 1.17619457e+09  1.54575462e-02 
 1.20360408e+09  1.54506120e-02 
 1.23165232e+09  1.53262454e-02 
 1.26035418e+09  1.50495946e-02 
 1.28972490e+09  1.45147172e-02 
 1.31978006e+09  1.32954952e-02 
 1.35053561e+09  1.61702363e-02 
 1.38200788e+09  1.55767350e-02 
 1.41421356e+09  1.52976734e-02 
 1.44716975e+09  1.52126930e-02 
 1.48089393e+09  1.52487662e-02 
 1.51540401e+09  1.53728713e-02 
 1.55071830e+09  1.55647026e-02 
 1.58685553e+09  1.58099190e-02 
 1.62383489e+09  1.60980095e-02 
 1.66167599e+09  1.64213097e-02 
 1.70039893e+09  1.67744243e-02 
 1.74002425e+09  1.71539724e-02 
 1.78057299e+09  1.75584644e-02 
 1.82206665e+09  1.79649030e-02 
 1.86452726e+09  1.78441206e-02 
 1.90797735e+09  1.87176338e-02 
 1.95243999e+09  1.92242912e-02 
 1.99793876e+09  1.97166795e-02 
 2.04449781e+09  2.02160359e-02 
 2.09214185e+09  2.07269344e-02 
 2.14089617e+09  2.12508936e-02 
 2.19078664e+09  2.17886011e-02 
 2.24183974e+09  2.23406868e-02 
 2.29408255e+09  2.29082846e-02 
 2.34754280e+09  2.34934142e-02 
 2.40224887e+09  2.40989039e-02 
 2.45822978e+09  2.47278721e-02 
 2.51551525e+09  2.53833523e-02 
 2.57413567e+09  2.60685977e-02 
 2.63412215e+09  2.67879986e-02 
 2.69550653e+09  2.75483805e-02 
 2.75832139e+09  2.83610072e-02 
 2.82260005e+09  2.92456792e-02 
 2.88837664e+09  3.02409144e-02 
 2.95568605e+09  3.14338178e-02 
 3.02456401e+09  3.30651915e-02 
 3.09504707e+09  3.54851457e-02 
 3.16717263e+09  2.48522372e-02 
 3.24097898e+09  3.05627261e-02 
 3.31650528e+09  3.37673320e-02 
 3.39379160e+09  3.05970757e-02 
 3.47287898e+09  3.41050485e-02 
 3.55380937e+09  3.57427389e-02 
 3.63662572e+09  3.72200405e-02 
 3.72137199e+09  3.61790586e-02 
 3.80809314e+09  3.96552833e-02 
 3.89683521e+09  4.11749562e-02 
 3.98764528e+09  4.27324870e-02 
 4.08057155e+09  4.43929750e-02 
 4.17566333e+09  4.61981588e-02 
 4.27297108e+09  4.82229814e-02 
 4.37254645e+09  5.04706734e-02 
 4.47444228e+09  5.31026614e-02 
 4.57871264e+09  5.62586665e-02 
 4.68541287e+09  6.00599511e-02 
 4.79459960e+09  6.19775470e-02 
 4.90633076e+09  3.89086405e-02 
 5.02066566e+09  5.19544238e-02 
 5.13766496e+09  6.62103520e-02 
 5.25739076e+09  6.76906239e-02 
 5.37990660e+09  7.70011456e-02 
 5.50527749e+09  4.80896303e-02 
 5.63356997e+09  4.26773974e-02 
 5.76485211e+09  3.00204617e-02 
 5.89919360e+09  3.55690511e-02 
 6.03666571e+09  4.81278107e-02 
 6.17734142e+09  7.80920372e-02 
 6.32129537e+09  3.20119205e-02 
 6.46860395e+09  3.81295615e-02 
 6.61934535e+09  4.60097594e-02 
 6.77359956e+09  5.04647193e-02 
 6.93144843e+09  5.80863793e-02 
 7.09297575e+09  7.32160896e-02 
 7.25826722e+09  3.51378509e-02 
 7.42741057e+09  7.07468543e-02 
 7.60049556e+09  5.16159785e-02 
 7.77761404e+09  4.95372288e-02 
 7.95886001e+09  6.55992581e-02 
 8.14432966e+09  7.91721180e-02 
 8.33412140e+09  1.17516873e-01 
 8.52833597e+09  1.88075636e-01 
 8.72707642e+09  1.35282378e-02 
 8.93044823e+09  4.56293677e-02 
 9.13855932e+09  5.74044146e-02 
 9.35152014e+09  5.84616492e-02 
 9.56944371e+09  6.22792129e-02 
 9.79244566e+09  6.76542455e-02 
 1.00206443e+10  7.17847799e-02 
 1.02541609e+10  7.57333931e-02 
 1.04931192e+10  7.96163579e-02 
 1.07376460e+10  8.35572641e-02 
 1.09878712e+10  8.76602081e-02 
 1.12439276e+10  9.20366443e-02 
 1.15059509e+10  9.68259891e-02 
 1.17740804e+10  1.02220937e-01 
 1.20484582e+10  1.08501161e-01 
 1.23292299e+10  1.16055261e-01 
 1.26165447e+10  1.25194383e-01 
 1.29105549e+10  1.34289888e-01 
 1.32114166e+10  1.28929409e-01 
 1.35192894e+10  8.61115971e-02 
 1.38343368e+10  6.31999894e-02 
 1.41567259e+10  7.33714943e-02 
 1.44866277e+10  9.50335934e-02 
 1.48242175e+10  9.27246493e-02 
 1.51696743e+10  9.99567921e-02 
 1.55231815e+10  9.81094222e-02 
 1.58849266e+10  1.09416816e-01 
 1.62551017e+10  1.15711378e-01 
 1.66339032e+10  1.15805669e-01 
 1.70215321e+10  1.15788105e-01 
 1.74181941e+10  1.18617203e-01 
 1.78240998e+10  1.22850452e-01 
 1.82394645e+10  1.27563605e-01 
 1.86645086e+10  1.32488658e-01 
 1.90994578e+10  1.37551024e-01 
 1.95445429e+10  1.42729411e-01 
 2.00000000e+10  1.48027507e-01 
