 1.00000000e+08  1.88762432e-02 
 1.02330354e+08  1.90671244e-02 
 1.04715014e+08  1.92672659e-02 
 1.07155245e+08  1.94771399e-02 
 1.09652342e+08  1.96972399e-02 
 1.12207630e+08  1.99280805e-02 
 1.14822466e+08  2.01701958e-02 
 1.17498236e+08  2.04241380e-02 
 1.20236362e+08  2.06904743e-02 
 1.23038295e+08  2.09697828e-02 
 1.25905523e+08  2.12626471e-02 
 1.28839568e+08  2.15696479e-02 
 1.31841987e+08  2.18913533e-02 
 1.34914372e+08  2.22283045e-02 
 1.38058355e+08  2.25809976e-02 
 1.41275604e+08  2.29498605e-02 
 1.44567827e+08  2.33352223e-02 
 1.47936769e+08  2.37372751e-02 
 1.51384220e+08  2.41560252e-02 
 1.54912009e+08  2.45912316e-02 
 1.58522008e+08  2.50423303e-02 
 1.62216133e+08  2.55083407e-02 
 1.65996343e+08  2.59877520e-02 
 1.69864646e+08  2.64783876e-02 
 1.73823095e+08  2.69772471e-02 
 1.77873789e+08  2.74803265e-02 
 1.82018879e+08  2.79824212e-02 
 1.86260564e+08  2.84769239e-02 
 1.90601095e+08  2.89556326e-02 
 1.95042776e+08  2.94085991e-02 
 1.99587964e+08  2.98240567e-02 
 2.04239071e+08  3.01884767e-02 
 2.08998565e+08  3.04868141e-02 
 2.13868972e+08  3.07029958e-02 
 2.18852877e+08  3.08206902e-02 
 2.23952925e+08  3.08243552e-02 
 2.29171822e+08  3.07005013e-02 
 2.34512337e+08  3.04390337e-02 
 2.39977306e+08  3.00344743e-02 
 2.45569627e+08  2.94868380e-02 
 2.51292270e+08  2.88019704e-02 
 2.57148271e+08  2.79912472e-02 
 2.63140737e+08  2.70706684e-02 
 2.69272848e+08  2.60595067e-02 
 2.75547860e+08  2.49787496e-02 
 2.81969102e+08  2.38495829e-02 
 2.88539981e+08  2.26921158e-02 
 2.95263985e+08  2.15244601e-02 
 3.02144683e+08  2.03621899e-02 
 3.09185725e+08  1.92181419e-02 
 3.16390848e+08  1.81024814e-02 
 3.23763876e+08  1.70229481e-02 
 3.31308722e+08  1.59852045e-02 
 3.39029389e+08  1.49932285e-02 
 3.46929975e+08  1.40497100e-02 
 3.55014673e+08  1.31564287e-02 
 3.63287773e+08  1.23146050e-02 
 3.71753666e+08  1.15252264e-02 
 3.80416844e+08  1.07893559e-02 
 3.89281904e+08  1.01084378e-02 
 3.98353552e+08  9.48461954e-03 
 4.07636602e+08  8.92111015e-03 
 4.17135980e+08  8.42260831e-03 
 4.26856726e+08  7.99584414e-03 
 4.36804001e+08  7.65031824e-03 
 4.46983082e+08  7.39941629e-03 
 4.57399372e+08  7.26232639e-03 
 4.68058398e+08  7.26784791e-03 
 4.78965818e+08  7.46302359e-03 
 4.90127419e+08  7.93524653e-03 
 5.01549125e+08  8.87771231e-03 
 5.13236997e+08  1.08291658e-02 
 5.25197238e+08  1.58572558e-02 
 5.37436195e+08  2.64251905e-02 
 5.49960363e+08  1.23694206e-02 
 5.62776388e+08  1.18246597e-02 
 5.75891073e+08  1.12253802e-02 
 5.89311376e+08  5.83804043e-03 
 6.03044419e+08  6.43316469e-03 
 6.17097492e+08  7.90076900e-03 
 6.31478050e+08  9.34208364e-03 
 6.46193727e+08  1.18991519e-02 
 6.61252331e+08  1.46163552e-02 
 6.76661854e+08  1.33471596e-02 
 6.92430473e+08  1.81777865e-02 
 7.08566557e+08  2.54583652e-02 
 7.25078669e+08  2.84610613e-02 
 7.41975572e+08  1.74967778e-02 
 7.59266232e+08  1.05371778e-02 
 7.76959826e+08  1.06885742e-02 
 7.95065744e+08  1.20578025e-02 
 8.13593593e+08  1.70065750e-02 
 8.32553207e+08  2.21960393e-02 
 8.51954648e+08  1.69498693e-02 
 8.71808210e+08  1.17173671e-02 
 8.92124431e+08  1.51491772e-02 
 9.12914092e+08  1.59697965e-02 
 9.34188226e+08  1.59677258e-02 
 9.55958123e+08  1.57726133e-02 
 9.78235335e+08  1.55947611e-02 
 1.00103169e+09  1.54993930e-02 
 1.02435927e+09  1.54989167e-02 
 1.04823047e+09  1.55858092e-02 
 1.07265796e+09  1.57441644e-02 
 1.09765469e+09  1.59530978e-02 
 1.12323393e+09  1.61871676e-02 
 1.14940927e+09  1.64165017e-02 
 1.17619457e+09  1.66088805e-02 
 1.20360408e+09  1.67359724e-02 
 1.23165232e+09  1.67849222e-02 
 1.26035418e+09  1.67744124e-02 
 1.28972490e+09  1.67679715e-02 
 1.31978006e+09  1.62730365e-02 
 1.35053561e+09  1.32897156e-02 
 1.38200788e+09  1.46130525e-02 
 1.41421356e+09  1.49195299e-02 
 1.44716975e+09  1.50979921e-02 
 1.48089393e+09  1.52929422e-02 
 1.51540401e+09  1.55388625e-02 
 1.55071830e+09  1.58441530e-02 
 1.58685553e+09  1.62110513e-02 
 1.62383489e+09  1.66435436e-02 
 1.66167599e+09  1.71538949e-02 
 1.70039893e+09  1.77749048e-02 
 1.74002425e+09  1.85971239e-02 
 1.78057299e+09  1.99362627e-02 
 1.82206665e+09  2.38512657e-02 
 1.86452726e+09  1.25906157e-02 
 1.90797735e+09  1.60873959e-02 
 1.95243999e+09  1.77278852e-02 
 1.99793876e+09  1.87233947e-02 
 2.04449781e+09  1.95150347e-02 
 2.09214185e+09  2.02236447e-02 
 2.14089617e+09  2.08954557e-02 
 2.19078664e+09  2.15523093e-02 
 2.24183974e+09  2.22065294e-02 
 2.29408255e+09  2.28665417e-02 
 2.34754280e+09  2.35391967e-02 
 2.40224887e+09  2.42303916e-02 
 2.45822978e+09  2.49448553e-02 
 2.51551525e+09  2.56861339e-02 
 2.57413567e+09  2.64574086e-02 
 2.63412215e+09  2.72629035e-02 
 2.69550653e+09  2.81094719e-02 
 2.75832139e+09  2.90086701e-02 
 2.82260005e+09  2.99808027e-02 
 2.88837664e+09  3.10649745e-02 
 2.95568605e+09  3.23485275e-02 
 3.02456401e+09  3.40687469e-02 
 3.09504707e+09  3.64993603e-02 
 3.16717263e+09  2.57181832e-02 
 3.24097898e+09  3.17867808e-02 
 3.31650528e+09  3.51359391e-02 
 3.39379160e+09  3.20544963e-02 
 3.47287898e+09  3.57416623e-02 
 3.55380937e+09  3.75330078e-02 
 3.63662572e+09  3.91986405e-02 
 3.72137199e+09  3.74076846e-02 
 3.80809314e+09  4.18313230e-02 
 3.89683521e+09  4.35837350e-02 
 3.98764528e+09  4.53772582e-02 
 4.08057155e+09  4.72997406e-02 
 4.17566333e+09  4.94048423e-02 
 4.27297108e+09  5.17919365e-02 
 4.37254645e+09  5.44612532e-02 
 4.47444228e+09  5.76251515e-02 
 4.57871264e+09  6.14740986e-02 
 4.68541287e+09  6.62202801e-02 
 4.79459960e+09  6.91226891e-02 
 4.90633076e+09  3.91857267e-02 
 5.02066566e+09  5.61056268e-02 
 5.13766496e+09  7.37445757e-02 
 5.25739076e+09  7.74025490e-02 
 5.37990660e+09  9.02278531e-02 
 5.50527749e+09  5.50431142e-02 
 5.63356997e+09  5.06682565e-02 
 5.76485211e+09  2.89924459e-02 
 5.89919360e+09  3.29551827e-02 
 6.03666571e+09  4.95814434e-02 
 6.17734142e+09  9.65123213e-02 
 6.32129537e+09  3.45827579e-02 
 6.46860395e+09  3.04469117e-02 
 6.61934535e+09  3.93952595e-02 
 6.77359956e+09  4.55957644e-02 
 6.93144843e+09  5.17012665e-02 
 7.09297575e+09  6.48033258e-02 
 7.25826722e+09  6.29759976e-02 
 7.42741057e+09  3.38963428e-02 
 7.60049556e+09  6.43218043e-02 
 7.77761404e+09  3.59190757e-02 
 7.95886001e+09  9.36673366e-02 
 8.14432966e+09  9.89523715e-02 
 8.33412140e+09  6.90475317e-02 
 8.52833597e+09  6.66152969e-02 
 8.72707642e+09  5.59744796e-02 
 8.93044823e+09  5.04202367e-02 
 9.13855932e+09  6.05050822e-02 
 9.35152014e+09  4.62221010e-02 
 9.56944371e+09  6.12998947e-02 
 9.79244566e+09  6.79801346e-02 
 1.00206443e+10  7.16552852e-02 
 1.02541609e+10  7.59177694e-02 
 1.04931192e+10  8.00310135e-02 
 1.07376460e+10  8.42048421e-02 
 1.09878712e+10  8.85707707e-02 
 1.12439276e+10  9.32599224e-02 
 1.15059509e+10  9.84348289e-02 
 1.17740804e+10  1.04322167e-01 
 1.20484582e+10  1.11256759e-01 
 1.23292299e+10  1.19721331e-01 
 1.26165447e+10  1.30183659e-01 
 1.29105549e+10  1.41162019e-01 
 1.32114166e+10  1.37281404e-01 
 1.35192894e+10  9.08817184e-02 
 1.38343368e+10  6.14036565e-02 
 1.41567259e+10  7.15888909e-02 
 1.44866277e+10  9.95070412e-02 
 1.48242175e+10  9.71961000e-02 
 1.51696743e+10  1.29074375e-01 
 1.55231815e+10  8.32598171e-02 
 1.58849266e+10  9.94945393e-02 
 1.62551017e+10  1.08300226e-01 
 1.66339032e+10  1.10873509e-01 
 1.70215321e+10  1.12346502e-01 
 1.74181941e+10  1.15747798e-01 
 1.78240998e+10  1.20198185e-01 
 1.82394645e+10  1.25019428e-01 
 1.86645086e+10  1.30028097e-01 
 1.90994578e+10  1.35164243e-01 
 1.95445429e+10  1.40405136e-01 
 2.00000000e+10  1.45754210e-01 
