 1.00000000e+08  1.91188286e-02 
 1.02330354e+08  1.93091681e-02 
 1.04715014e+08  1.95085393e-02 
 1.07155245e+08  1.97173958e-02 
 1.09652342e+08  1.99362106e-02 
 1.12207630e+08  2.01654753e-02 
 1.14822466e+08  2.04056981e-02 
 1.17498236e+08  2.06574024e-02 
 1.20236362e+08  2.09211235e-02 
 1.23038295e+08  2.11974035e-02 
 1.25905523e+08  2.14867864e-02 
 1.28839568e+08  2.17898088e-02 
 1.31841987e+08  2.21069897e-02 
 1.34914372e+08  2.24388160e-02 
 1.38058355e+08  2.27857242e-02 
 1.41275604e+08  2.31480761e-02 
 1.44567827e+08  2.35261285e-02 
 1.47936769e+08  2.39199945e-02 
 1.51384220e+08  2.43295942e-02 
 1.54912009e+08  2.47545935e-02 
 1.58522008e+08  2.51943287e-02 
 1.62216133e+08  2.56477128e-02 
 1.65996343e+08  2.61131237e-02 
 1.69864646e+08  2.65882703e-02 
 1.73823095e+08  2.70700366e-02 
 1.77873789e+08  2.75543061e-02 
 1.82018879e+08  2.80357705e-02 
 1.86260564e+08  2.85077340e-02 
 1.90601095e+08  2.89619314e-02 
 1.95042776e+08  2.93883874e-02 
 1.99587964e+08  2.97753576e-02 
 2.04239071e+08  3.01094011e-02 
 2.08998565e+08  3.03756400e-02 
 2.13868972e+08  3.05582631e-02 
 2.18852877e+08  3.06413047e-02 
 2.23952925e+08  3.06096962e-02 
 2.29171822e+08  3.04505229e-02 
 2.34512337e+08  3.01543482e-02 
 2.39977306e+08  2.97164072e-02 
 2.45569627e+08  2.91374452e-02 
 2.51292270e+08  2.84240149e-02 
 2.57148271e+08  2.75881377e-02 
 2.63140737e+08  2.66463692e-02 
 2.69272848e+08  2.56184321e-02 
 2.75547860e+08  2.45256574e-02 
 2.81969102e+08  2.33894805e-02 
 2.88539981e+08  2.22301881e-02 
 2.95263985e+08  2.10660246e-02 
 3.02144683e+08  1.99126799e-02 
 3.09185725e+08  1.87831164e-02 
 3.16390848e+08  1.76876582e-02 
 3.23763876e+08  1.66342545e-02 
 3.31308722e+08  1.56288414e-02 
 3.39029389e+08  1.46757416e-02 
 3.46929975e+08  1.37780612e-02 
 3.55014673e+08  1.29380592e-02 
 3.63287773e+08  1.21574763e-02 
 3.71753666e+08  1.14378194e-02 
 3.80416844e+08  1.07806006e-02 
 3.89281904e+08  1.01875296e-02 
 3.98353552e+08  9.66066241e-03 
 4.07636602e+08  9.20250449e-03 
 4.17135980e+08  8.81607556e-03 
 4.26856726e+08  8.50495383e-03 
 4.36804001e+08  8.27334864e-03 
 4.46983082e+08  8.12631069e-03 
 4.57399372e+08  8.07031294e-03 
 4.68058398e+08  8.11471202e-03 
 4.78965818e+08  8.27534528e-03 
 4.90127419e+08  8.58393563e-03 
 5.01549125e+08  9.11656334e-03 
 5.13236997e+08  1.01033251e-02 
 5.25197238e+08  1.25131726e-02 
 5.37436195e+08  1.73179122e-02 
 5.49960363e+08  1.04080258e-02 
 5.62776388e+08  9.96254394e-03 
 5.75891073e+08  1.05509671e-02 
 5.89311376e+08  1.18488019e-02 
 6.03044419e+08  1.27590036e-02 
 6.17097492e+08  1.46090175e-02 
 6.31478050e+08  1.57041498e-02 
 6.46193727e+08  1.92506081e-02 
 6.61252331e+08  2.14243549e-02 
 6.76661854e+08  1.78169687e-02 
 6.92430473e+08  2.36185613e-02 
 7.08566557e+08  3.03581071e-02 
 7.25078669e+08  2.94214944e-02 
 7.41975572e+08  1.54757809e-02 
 7.59266232e+08  1.35538329e-02 
 7.76959826e+08  2.07572363e-02 
 7.95065744e+08  1.91431019e-02 
 8.13593593e+08  2.70679486e-02 
 8.32553207e+08  3.10578003e-02 
 8.51954648e+08  1.65894340e-02 
 8.71808210e+08  2.60875301e-02 
 8.92124431e+08  2.91557328e-02 
 9.12914092e+08  2.84580944e-02 
 9.34188226e+08  2.71199565e-02 
 9.55958123e+08  2.59083718e-02 
 9.78235335e+08  2.50178173e-02 
 1.00103169e+09  2.44718137e-02 
 1.02435927e+09  2.42423058e-02 
 1.04823047e+09  2.42865992e-02 
 1.07265796e+09  2.45563586e-02 
 1.09765469e+09  2.49961459e-02 
 1.12323393e+09  2.55377626e-02 
 1.14940927e+09  2.60936872e-02 
 1.17619457e+09  2.65528474e-02 
 1.20360408e+09  2.67814173e-02 
 1.23165232e+09  2.66239621e-02 
 1.26035418e+09  2.58674564e-02 
 1.28972490e+09  2.39601207e-02 
 1.31978006e+09  1.87742682e-02 
 1.35053561e+09  3.04391091e-02 
 1.38200788e+09  2.78056089e-02 
 1.41421356e+09  2.61978733e-02 
 1.44716975e+09  2.52081209e-02 
 1.48089393e+09  2.46230267e-02 
 1.51540401e+09  2.43571039e-02 
 1.55071830e+09  2.43363988e-02 
 1.58685553e+09  2.44665463e-02 
 1.62383489e+09  2.46312298e-02 
 1.66167599e+09  2.47111545e-02 
 1.70039893e+09  2.46134381e-02 
 1.74002425e+09  2.42902174e-02 
 1.78057299e+09  2.37150504e-02 
 1.82206665e+09  2.26350478e-02 
 1.86452726e+09  2.39627957e-02 
 1.90797735e+09  2.26299380e-02 
 1.95243999e+09  2.18577136e-02 
 1.99793876e+09  2.12365304e-02 
 2.04449781e+09  2.07173696e-02 
 2.09214185e+09  2.02926488e-02 
 2.14089617e+09  1.99633277e-02 
 2.19078664e+09  1.97330133e-02 
 2.24183974e+09  1.96047384e-02 
 2.29408255e+09  1.95769996e-02 
 2.34754280e+09  1.96402531e-02 
 2.40224887e+09  1.97768183e-02 
 2.45822978e+09  1.99654485e-02 
 2.51551525e+09  2.01879568e-02 
 2.57413567e+09  2.04338085e-02 
 2.63412215e+09  2.07011346e-02 
 2.69550653e+09  2.09957292e-02 
 2.75832139e+09  2.13306184e-02 
 2.82260005e+09  2.17287538e-02 
 2.88837664e+09  2.22332721e-02 
 2.95568605e+09  2.29401247e-02 
 3.02456401e+09  2.41154298e-02 
 3.09504707e+09  2.62139620e-02 
 3.16717263e+09  1.24561490e-02 
 3.24097898e+09  1.87370229e-02 
 3.31650528e+09  2.07164287e-02 
 3.39379160e+09  2.13939249e-02 
 3.47287898e+09  2.23789069e-02 
 3.55380937e+09  2.31230772e-02 
 3.63662572e+09  2.39019948e-02 
 3.72137199e+09  2.13463910e-02 
 3.80809314e+09  2.47728881e-02 
 3.89683521e+09  2.55982901e-02 
 3.98764528e+09  2.64107832e-02 
 4.08057155e+09  2.72858465e-02 
 4.17566333e+09  2.82775686e-02 
 4.27297108e+09  2.89396162e-02 
 4.37254645e+09  3.05507783e-02 
 4.47444228e+09  3.21511855e-02 
 4.57871264e+09  3.42124785e-02 
 4.68541287e+09  3.70835819e-02 
 4.79459960e+09  4.02752724e-02 
 4.90633076e+09  2.51733177e-02 
 5.02066566e+09  2.85295709e-02 
 5.13766496e+09  4.42034005e-02 
 5.25739076e+09  2.16172456e-02 
 5.37990660e+09  3.21553035e-02 
 5.50527749e+09  2.42582939e-02 
 5.63356997e+09  2.88624318e-02 
 5.76485211e+09  2.01898727e-02 
 5.89919360e+09  2.43214365e-02 
 6.03666571e+09  2.95320766e-02 
 6.17734142e+09  4.05805078e-02 
 6.32129537e+09  2.41163015e-02 
 6.46860395e+09  2.80238308e-02 
 6.61934535e+09  3.16933099e-02 
 6.77359956e+09  3.49615846e-02 
 6.93144843e+09  3.89923243e-02 
 7.09297575e+09  4.73889660e-02 
 7.25826722e+09  3.54104216e-02 
 7.42741057e+09  5.56344205e-02 
 7.60049556e+09  6.01067884e-02 
 7.77761404e+09  1.13692211e-01 
 7.95886001e+09  2.14636207e-02 
 8.14432966e+09  2.68876170e-02 
 8.33412140e+09  5.76036047e-02 
 8.52833597e+09  1.01796583e-01 
 8.72707642e+09  1.25054139e-02 
 8.93044823e+09  1.63155954e-02 
 9.13855932e+09  3.00663286e-02 
 9.35152014e+09  3.20297168e-02 
 9.56944371e+09  3.35568259e-02 
 9.79244566e+09  3.68250933e-02 
 1.00206443e+10  3.94840322e-02 
 1.02541609e+10  4.19590970e-02 
 1.04931192e+10  4.43745556e-02 
 1.07376460e+10  4.68088010e-02 
 1.09878712e+10  4.93235278e-02 
 1.12439276e+10  5.19796172e-02 
 1.15059509e+10  5.48478955e-02 
 1.17740804e+10  5.80206225e-02 
 1.20484582e+10  6.16249779e-02 
 1.23292299e+10  6.58265627e-02 
 1.26165447e+10  7.07214814e-02 
 1.29105549e+10  7.53990799e-02 
 1.32114166e+10  7.28833190e-02 
 1.35192894e+10  5.47659061e-02 
 1.38343368e+10  4.90604631e-02 
 1.41567259e+10  5.55623536e-02 
 1.44866277e+10  6.58759256e-02 
 1.48242175e+10  6.69683982e-02 
 1.51696743e+10  7.15342338e-02 
 1.55231815e+10  7.94113794e-02 
 1.58849266e+10  8.69688953e-02 
 1.62551017e+10  9.22002437e-02 
 1.66339032e+10  9.30595950e-02 
 1.70215321e+10  9.49398562e-02 
 1.74181941e+10  1.00310525e-01 
 1.78240998e+10  1.07910156e-01 
 1.82394645e+10  1.17150158e-01 
 1.86645086e+10  1.28178196e-01 
 1.90994578e+10  1.41459484e-01 
 1.95445429e+10  1.57748249e-01 
 2.00000000e+10  1.78212145e-01 
