 1.00000000e+08  2.65585579e-02 
 1.02330354e+08  2.66871852e-02 
 1.04715014e+08  2.68114948e-02 
 1.07155245e+08  2.69298906e-02 
 1.09652342e+08  2.70405529e-02 
 1.12207630e+08  2.71414287e-02 
 1.14822466e+08  2.72302284e-02 
 1.17498236e+08  2.73044306e-02 
 1.20236362e+08  2.73612987e-02 
 1.23038295e+08  2.73979110e-02 
 1.25905523e+08  2.74112071e-02 
 1.28839568e+08  2.73980540e-02 
 1.31841987e+08  2.73553313e-02 
 1.34914372e+08  2.72800371e-02 
 1.38058355e+08  2.71694101e-02 
 1.41275604e+08  2.70210656e-02 
 1.44567827e+08  2.68331368e-02 
 1.47936769e+08  2.66044111e-02 
 1.51384220e+08  2.63344510e-02 
 1.54912009e+08  2.60236876e-02 
 1.58522008e+08  2.56734742e-02 
 1.62216133e+08  2.52860938e-02 
 1.65996343e+08  2.48647146e-02 
 1.69864646e+08  2.44132962e-02 
 1.73823095e+08  2.39364516e-02 
 1.77873789e+08  2.34392761e-02 
 1.82018879e+08  2.29271581e-02 
 1.86260564e+08  2.24055842e-02 
 1.90601095e+08  2.18799548e-02 
 1.95042776e+08  2.13554205e-02 
 1.99587964e+08  2.08367462e-02 
 2.04239071e+08  2.03282092e-02 
 2.08998565e+08  1.98335294e-02 
 2.13868972e+08  1.93558308e-02 
 2.18852877e+08  1.88976289e-02 
 2.23952925e+08  1.84608386e-02 
 2.29171822e+08  1.80467956e-02 
 2.34512337e+08  1.76562842e-02 
 2.39977306e+08  1.72895653e-02 
 2.45569627e+08  1.69463938e-02 
 2.51292270e+08  1.66260161e-02 
 2.57148271e+08  1.63271320e-02 
 2.63140737e+08  1.60477983e-02 
 2.69272848e+08  1.57852480e-02 
 2.75547860e+08  1.55356463e-02 
 2.81969102e+08  1.52942248e-02 
 2.88539981e+08  1.50597554e-02 
 2.95263985e+08  1.48860025e-02 
 3.02144683e+08  1.58832534e-02 
 3.09185725e+08  2.35494527e-02 
 3.16390848e+08  1.72450295e-02 
 3.23763876e+08  1.60869810e-02 
 3.31308722e+08  1.56527219e-02 
 3.39029389e+08  1.54272537e-02 
 3.46929975e+08  1.52939584e-02 
 3.55014673e+08  1.52133455e-02 
 3.63287773e+08  1.51687746e-02 
 3.71753666e+08  1.51525078e-02 
 3.80416844e+08  1.51612637e-02 
 3.89281904e+08  1.51948863e-02 
 3.98353552e+08  1.52566747e-02 
 4.07636602e+08  1.53557716e-02 
 4.17135980e+08  1.55147425e-02 
 4.26856726e+08  1.57971542e-02 
 4.36804001e+08  1.64795907e-02 
 4.46983082e+08  1.79033116e-02 
 4.57399372e+08  2.53339899e-02 
 4.68058398e+08  2.32152932e-02 
 4.78965818e+08  1.70445327e-02 
 4.90127419e+08  1.62898261e-02 
 5.01549125e+08  1.70066192e-02 
 5.13236997e+08  1.61407449e-02 
 5.25197238e+08  1.62457190e-02 
 5.37436195e+08  1.65048848e-02 
 5.49960363e+08  1.71911922e-02 
 5.62776388e+08  1.95135049e-02 
 5.75891073e+08  1.69256788e-02 
 5.89311376e+08  1.86456368e-02 
 6.03044419e+08  1.40574116e-02 
 6.17097492e+08  1.81762781e-02 
 6.31478050e+08  1.85079650e-02 
 6.46193727e+08  1.93433761e-02 
 6.61252331e+08  2.12324068e-02 
 6.76661854e+08  1.85316661e-02 
 6.92430473e+08  1.94979481e-02 
 7.08566557e+08  2.17211497e-02 
 7.25078669e+08  1.96495515e-02 
 7.41975572e+08  1.99914657e-02 
 7.59266232e+08  1.80980469e-02 
 7.76959826e+08  1.93731555e-02 
 7.95065744e+08  2.48392798e-02 
 8.13593593e+08  2.00583947e-02 
 8.32553207e+08  2.20995252e-02 
 8.51954648e+08  2.95414859e-02 
 8.71808210e+08  2.37006522e-02 
 8.92124431e+08  2.01887960e-02 
 9.12914092e+08  2.27471363e-02 
 9.34188226e+08  2.34068586e-02 
 9.55958123e+08  2.11373619e-02 
 9.78235335e+08  2.43199402e-02 
 1.00103169e+09  2.17449706e-02 
 1.02435927e+09  3.02342903e-02 
 1.04823047e+09  2.29096053e-02 
 1.07265796e+09  2.51500961e-02 
 1.09765469e+09  2.51719357e-02 
 1.12323393e+09  2.55753413e-02 
 1.14940927e+09  2.88225117e-02 
 1.17619457e+09  3.03750314e-02 
 1.20360408e+09  3.19288601e-02 
 1.23165232e+09  3.63631437e-02 
 1.26035418e+09  3.41951413e-02 
 1.28972490e+09  3.48271491e-02 
 1.31978006e+09  2.81458065e-02 
 1.35053561e+09  2.85591987e-02 
 1.38200788e+09  2.61588489e-02 
 1.41421356e+09  3.32623315e-02 
 1.44716975e+09  3.42224682e-02 
 1.48089393e+09  3.42886848e-02 
 1.51540401e+09  3.54110087e-02 
 1.55071830e+09  3.38132052e-02 
 1.58685553e+09  2.75373992e-02 
 1.62383489e+09  2.44385794e-02 
 1.66167599e+09  2.18819872e-02 
 1.70039893e+09  1.94821490e-02 
 1.74002425e+09  2.15344154e-02 
 1.78057299e+09  2.58590549e-02 
 1.82206665e+09  2.36575416e-02 
 1.86452726e+09  2.10510913e-02 
 1.90797735e+09  2.22079726e-02 
 1.95243999e+09  2.27918775e-02 
 1.99793876e+09  2.05515512e-02 
 2.04449781e+09  2.00668389e-02 
 2.09214185e+09  1.94362196e-02 
 2.14089617e+09  1.87606132e-02 
 2.19078664e+09  1.83972498e-02 
 2.24183974e+09  1.82190941e-02 
 2.29408255e+09  1.81977459e-02 
 2.34754280e+09  1.82594995e-02 
 2.40224887e+09  1.84997132e-02 
 2.45822978e+09  1.87937199e-02 
 2.51551525e+09  1.91283386e-02 
 2.57413567e+09  1.94949156e-02 
 2.63412215e+09  1.98836326e-02 
 2.69550653e+09  2.02850956e-02 
 2.75832139e+09  2.06871274e-02 
 2.82260005e+09  2.10700228e-02 
 2.88837664e+09  2.13992960e-02 
 2.95568605e+09  2.16147094e-02 
 3.02456401e+09  2.16169444e-02 
 3.09504707e+09  2.12624945e-02 
 3.16717263e+09  2.03960300e-02 
 3.24097898e+09  1.89404085e-02 
 3.31650528e+09  1.69016238e-02 
 3.39379160e+09  1.50198615e-02 
 3.47287898e+09  1.36724900e-02 
 3.55380937e+09  1.29657675e-02 
 3.63662572e+09  1.28085735e-02 
 3.72137199e+09  1.30234724e-02 
 3.80809314e+09  1.34370050e-02 
 3.89683521e+09  1.39361082e-02 
 3.98764528e+09  1.44602595e-02 
 4.08057155e+09  1.49816794e-02 
 4.17566333e+09  1.54903646e-02 
 4.27297108e+09  1.59854071e-02 
 4.37254645e+09  1.64703260e-02 
 4.47444228e+09  1.69505864e-02 
 4.57871264e+09  1.74329891e-02 
 4.68541287e+09  1.79274549e-02 
 4.79459960e+09  1.84491982e-02 
 4.90633076e+09  1.90179539e-02 
 5.02066566e+09  1.96562348e-02 
 5.13766496e+09  2.03897392e-02 
 5.25739076e+09  2.12482605e-02 
 5.37990660e+09  2.22640988e-02 
 5.50527749e+09  2.34652623e-02 
 5.63356997e+09  2.48601454e-02 
 5.76485211e+09  2.64144424e-02 
 5.89919360e+09  2.81769308e-02 
 6.03666571e+09  2.92542871e-02 
 6.17734142e+09  3.02557740e-02 
 6.32129537e+09  3.07194065e-02 
 6.46860395e+09  3.06579486e-02 
 6.61934535e+09  3.02875660e-02 
 6.77359956e+09  2.98316682e-02 
 6.93144843e+09  2.94797572e-02 
 7.09297575e+09  2.94833819e-02 
 7.25826722e+09  3.00634991e-02 
 7.42741057e+09  2.99174275e-02 
 7.60049556e+09  2.87909227e-02 
 7.77761404e+09  2.83663542e-02 
 7.95886001e+09  2.80605321e-02 
 8.14432966e+09  2.80673704e-02 
 8.33412140e+09  2.86959875e-02 
 8.52833597e+09  2.93220620e-02 
 8.72707642e+09  2.35785831e-02 
 8.93044823e+09  2.65617193e-02 
 9.13855932e+09  2.71355455e-02 
 9.35152014e+09  2.74848348e-02 
 9.56944371e+09  2.77831159e-02 
 9.79244566e+09  2.80724495e-02 
 1.00206443e+10  2.83674225e-02 
 1.02541609e+10  2.86741148e-02 
 1.04931192e+10  2.89953782e-02 
 1.07376460e+10  2.93326979e-02 
 1.09878712e+10  2.96869575e-02 
 1.12439276e+10  3.00587973e-02 
 1.15059509e+10  3.04488050e-02 
 1.17740804e+10  3.08576431e-02 
 1.20484582e+10  3.12861650e-02 
 1.23292299e+10  3.17355669e-02 
 1.26165447e+10  3.22076395e-02 
 1.29105549e+10  3.27052586e-02 
 1.32114166e+10  3.32334684e-02 
 1.35192894e+10  3.38022543e-02 
 1.38343368e+10  3.44352955e-02 
 1.41567259e+10  3.52092894e-02 
 1.44866277e+10  3.66595109e-02 
 1.48242175e+10  3.47488310e-02 
 1.51696743e+10  3.68296613e-02 
 1.55231815e+10  3.59799314e-02 
 1.58849266e+10  3.69902658e-02 
 1.62551017e+10  3.78016255e-02 
 1.66339032e+10  3.85679274e-02 
 1.70215321e+10  3.93270855e-02 
 1.74181941e+10  4.00935950e-02 
 1.78240998e+10  4.08745149e-02 
 1.82394645e+10  4.16739177e-02 
 1.86645086e+10  4.24944906e-02 
 1.90994578e+10  4.33382159e-02 
 1.95445429e+10  4.42066959e-02 
 2.00000000e+10  4.51013232e-02 
