 1.00000000e+08  1.63890387e-02 
 1.02330354e+08  1.62847117e-02 
 1.04715014e+08  1.61647412e-02 
 1.07155245e+08  1.60285021e-02 
 1.09652342e+08  1.58755196e-02 
 1.12207630e+08  1.57054966e-02 
 1.14822466e+08  1.55183376e-02 
 1.17498236e+08  1.53141687e-02 
 1.20236362e+08  1.50933518e-02 
 1.23038295e+08  1.48564920e-02 
 1.25905523e+08  1.46044368e-02 
 1.28839568e+08  1.43382676e-02 
 1.31841987e+08  1.40592820e-02 
 1.34914372e+08  1.37689700e-02 
 1.38058355e+08  1.34689825e-02 
 1.41275604e+08  1.31610959e-02 
 1.44567827e+08  1.28471733e-02 
 1.47936769e+08  1.25291248e-02 
 1.51384220e+08  1.22088688e-02 
 1.54912009e+08  1.18882953e-02 
 1.58522008e+08  1.15692335e-02 
 1.62216133e+08  1.12534241e-02 
 1.65996343e+08  1.09424970e-02 
 1.69864646e+08  1.06379538e-02 
 1.73823095e+08  1.03411567e-02 
 1.77873789e+08  1.00533220e-02 
 1.82018879e+08  9.77551696e-03 
 1.86260564e+08  9.50866224e-03 
 1.90601095e+08  9.25353550e-03 
 1.95042776e+08  9.01077844e-03 
 1.99587964e+08  8.78090509e-03 
 2.04239071e+08  8.56431142e-03 
 2.08998565e+08  8.36128588e-03 
 2.13868972e+08  8.17202056e-03 
 2.18852877e+08  7.99662297e-03 
 2.23952925e+08  7.83512879e-03 
 2.29171822e+08  7.68751586e-03 
 2.34512337e+08  7.55372080e-03 
 2.39977306e+08  7.43365986e-03 
 2.45569627e+08  7.32725817e-03 
 2.51292270e+08  7.23449474e-03 
 2.57148271e+08  7.15547953e-03 
 2.63140737e+08  7.09059973e-03 
 2.69272848e+08  7.04082818e-03 
 2.75547860e+08  7.00845448e-03 
 2.81969102e+08  6.99908078e-03 
 2.88539981e+08  7.02817688e-03 
 2.95263985e+08  7.14909426e-03 
 3.02144683e+08  7.63103667e-03 
 3.09185725e+08  1.01887584e-02 
 3.16390848e+08  8.41955339e-03 
 3.23763876e+08  7.36340002e-03 
 3.31308722e+08  7.16825425e-03 
 3.39029389e+08  7.14275110e-03 
 3.46929975e+08  7.18138277e-03 
 3.55014673e+08  7.26592932e-03 
 3.63287773e+08  7.41195493e-03 
 3.71753666e+08  7.70711577e-03 
 3.80416844e+08  8.77391466e-03 
 3.89281904e+08  1.02665538e-02 
 3.98353552e+08  7.70744043e-03 
 4.07636602e+08  7.77576589e-03 
 4.17135980e+08  8.19215289e-03 
 4.26856726e+08  9.31157284e-03 
 4.36804001e+08  1.08913002e-02 
 4.46983082e+08  8.34830116e-03 
 4.57399372e+08  8.57526751e-03 
 4.68058398e+08  8.51102451e-03 
 4.78965818e+08  8.60006281e-03 
 4.90127419e+08  9.60346884e-03 
 5.01549125e+08  1.17319247e-02 
 5.13236997e+08  8.82956990e-03 
 5.25197238e+08  9.37013053e-03 
 5.37436195e+08  1.13492693e-02 
 5.49960363e+08  8.76157819e-03 
 5.62776388e+08  8.74433082e-03 
 5.75891073e+08  8.24631875e-03 
 5.89311376e+08  9.14052322e-03 
 6.03044419e+08  8.32105654e-03 
 6.17097492e+08  8.58240031e-03 
 6.31478050e+08  9.03804338e-03 
 6.46193727e+08  9.48225967e-03 
 6.61252331e+08  1.00805753e-02 
 6.76661854e+08  1.15163121e-02 
 6.92430473e+08  9.97072280e-03 
 7.08566557e+08  9.72589704e-03 
 7.25078669e+08  1.06173518e-02 
 7.41975572e+08  1.15986587e-02 
 7.59266232e+08  1.18276775e-02 
 7.76959826e+08  9.13947985e-03 
 7.95065744e+08  1.09526835e-02 
 8.13593593e+08  1.03917148e-02 
 8.32553207e+08  1.11780353e-02 
 8.51954648e+08  1.33698482e-02 
 8.71808210e+08  1.33664751e-02 
 8.92124431e+08  1.37261979e-02 
 9.12914092e+08  1.05936355e-02 
 9.34188226e+08  1.13398752e-02 
 9.55958123e+08  1.41197809e-02 
 9.78235335e+08  1.38360250e-02 
 1.00103169e+09  1.19394982e-02 
 1.02435927e+09  1.16156685e-02 
 1.04823047e+09  1.11004690e-02 
 1.07265796e+09  1.12456917e-02 
 1.09765469e+09  1.15524238e-02 
 1.12323393e+09  1.21089352e-02 
 1.14940927e+09  1.25523437e-02 
 1.17619457e+09  1.29225762e-02 
 1.20360408e+09  1.30782021e-02 
 1.23165232e+09  1.42797664e-02 
 1.26035418e+09  1.22169921e-02 
 1.28972490e+09  1.25454430e-02 
 1.31978006e+09  1.29009899e-02 
 1.35053561e+09  1.33041263e-02 
 1.38200788e+09  1.38057956e-02 
 1.41421356e+09  1.36350003e-02 
 1.44716975e+09  1.38974605e-02 
 1.48089393e+09  1.42222665e-02 
 1.51540401e+09  1.44207546e-02 
 1.55071830e+09  1.45925355e-02 
 1.58685553e+09  1.47645295e-02 
 1.62383489e+09  1.49460342e-02 
 1.66167599e+09  1.51423902e-02 
 1.70039893e+09  1.53555681e-02 
 1.74002425e+09  1.55828902e-02 
 1.78057299e+09  1.58205048e-02 
 1.82206665e+09  1.60665893e-02 
 1.86452726e+09  1.63248137e-02 
 1.90797735e+09  1.66518473e-02 
 1.95243999e+09  1.68512155e-02 
 1.99793876e+09  1.71195292e-02 
 2.04449781e+09  1.74003563e-02 
 2.09214185e+09  1.76896984e-02 
 2.14089617e+09  1.79868846e-02 
 2.19078664e+09  1.82916446e-02 
 2.24183974e+09  1.86037471e-02 
 2.29408255e+09  1.89228516e-02 
 2.34754280e+09  1.92483706e-02 
 2.40224887e+09  1.95794364e-02 
 2.45822978e+09  1.99152786e-02 
 2.51551525e+09  2.02561556e-02 
 2.57413567e+09  2.06038861e-02 
 2.63412215e+09  2.09606996e-02 
 2.69550653e+09  2.13278656e-02 
 2.75832139e+09  2.17060452e-02 
 2.82260005e+09  2.20960105e-02 
 2.88837664e+09  2.24985208e-02 
 2.95568605e+09  2.29139844e-02 
 3.02456401e+09  2.33424576e-02 
 3.09504707e+09  2.37838276e-02 
 3.16717263e+09  2.42379416e-02 
 3.24097898e+09  2.47046323e-02 
 3.31650528e+09  2.51836656e-02 
 3.39379160e+09  2.56746330e-02 
 3.47287898e+09  2.61768228e-02 
 3.55380937e+09  2.66891881e-02 
 3.63662572e+09  2.72107044e-02 
 3.72137199e+09  2.77413980e-02 
 3.80809314e+09  2.82839553e-02 
 3.89683521e+09  2.88376213e-02 
 3.98764528e+09  2.94120406e-02 
 4.08057155e+09  3.00049164e-02 
 4.17566333e+09  3.06165093e-02 
 4.27297108e+09  3.12463006e-02 
 4.37254645e+09  3.18938555e-02 
 4.47444228e+09  3.25590051e-02 
 4.57871264e+09  3.32418491e-02 
 4.68541287e+09  3.39422412e-02 
 4.79459960e+09  3.46612635e-02 
 4.90633076e+09  3.53988263e-02 
 5.02066566e+09  3.61555022e-02 
 5.13766496e+09  3.69318162e-02 
 5.25739076e+09  3.77283253e-02 
 5.37990660e+09  3.85456276e-02 
 5.50527749e+09  3.93843901e-02 
 5.63356997e+09  4.02457422e-02 
 5.76485211e+09  4.11279906e-02 
 5.89919360e+09  4.20355902e-02 
 6.03666571e+09  4.29677747e-02 
 6.17734142e+09  4.39323204e-02 
 6.32129537e+09  4.49106488e-02 
 6.46860395e+09  4.59287490e-02 
 6.61934535e+09  4.69818324e-02 
 6.77359956e+09  4.81306073e-02 
 6.93144843e+09  4.82725421e-02 
 7.09297575e+09  4.95103753e-02 
 7.25826722e+09  5.11568311e-02 
 7.42741057e+09  5.24181813e-02 
 7.60049556e+09  5.36713815e-02 
 7.77761404e+09  5.48645066e-02 
 7.95886001e+09  5.62225325e-02 
 8.14432966e+09  5.76157587e-02 
 8.33412140e+09  5.91608537e-02 
 8.52833597e+09  6.16644834e-02 
 8.72707642e+09  6.01345708e-02 
 8.93044823e+09  6.18159921e-02 
 9.13855932e+09  6.39487934e-02 
 9.35152014e+09  6.55820255e-02 
 9.56944371e+09  6.71976788e-02 
 9.79244566e+09  6.88334272e-02 
 1.00206443e+10  7.05020168e-02 
 1.02541609e+10  7.22099096e-02 
 1.04931192e+10  7.39613313e-02 
 1.07376460e+10  7.57596054e-02 
 1.09878712e+10  7.76077150e-02 
 1.12439276e+10  7.95085974e-02 
 1.15059509e+10  8.14653449e-02 
 1.17740804e+10  8.34813894e-02 
 1.20484582e+10  8.55607286e-02 
 1.23292299e+10  8.77082560e-02 
 1.26165447e+10  8.99303067e-02 
 1.29105549e+10  9.22356455e-02 
 1.32114166e+10  9.46374146e-02 
 1.35192894e+10  9.71573791e-02 
 1.38343368e+10  9.98364553e-02 
 1.41567259e+10  1.02765982e-01 
 1.44866277e+10  1.06210814e-01 
 1.48242175e+10  1.11438401e-01 
 1.51696743e+10  1.42032475e-01 
 1.55231815e+10  1.06004131e-01 
 1.58849266e+10  1.11770584e-01 
 1.62551017e+10  1.15700199e-01 
 1.66339032e+10  1.19255581e-01 
 1.70215321e+10  1.22727996e-01 
 1.74181941e+10  1.26217753e-01 
 1.78240998e+10  1.29771635e-01 
 1.82394645e+10  1.33417026e-01 
 1.86645086e+10  1.37173356e-01 
 1.90994578e+10  1.41056817e-01 
 1.95445429e+10  1.45082717e-01 
 2.00000000e+10  1.49266912e-01 
