 1.00000000e+08  1.78151098e-02 
 1.02330354e+08  1.77515315e-02 
 1.04715014e+08  1.76715560e-02 
 1.07155245e+08  1.75741327e-02 
 1.09652342e+08  1.74583351e-02 
 1.12207630e+08  1.73233989e-02 
 1.14822466e+08  1.71687618e-02 
 1.17498236e+08  1.69941010e-02 
 1.20236362e+08  1.67993667e-02 
 1.23038295e+08  1.65848100e-02 
 1.25905523e+08  1.63510016e-02 
 1.28839568e+08  1.60988408e-02 
 1.31841987e+08  1.58295531e-02 
 1.34914372e+08  1.55446750e-02 
 1.38058355e+08  1.52460282e-02 
 1.41275604e+08  1.49356816e-02 
 1.44567827e+08  1.46159056e-02 
 1.47936769e+08  1.42891200e-02 
 1.51384220e+08  1.39578378e-02 
 1.54912009e+08  1.36246086e-02 
 1.58522008e+08  1.32919642e-02 
 1.62216133e+08  1.29623685e-02 
 1.65996343e+08  1.26381728e-02 
 1.69864646e+08  1.23215788e-02 
 1.73823095e+08  1.20146095e-02 
 1.77873789e+08  1.17190873e-02 
 1.82018879e+08  1.14366200e-02 
 1.86260564e+08  1.11685929e-02 
 1.90601095e+08  1.09161679e-02 
 1.95042776e+08  1.06802863e-02 
 1.99587964e+08  1.04616775e-02 
 2.04239071e+08  1.02608696e-02 
 2.08998565e+08  1.00782042e-02 
 2.13868972e+08  9.91385270e-03 
 2.18852877e+08  9.76783516e-03 
 2.23952925e+08  9.64004068e-03 
 2.29171822e+08  9.53024960e-03 
 2.34512337e+08  9.43815761e-03 
 2.39977306e+08  9.36340232e-03 
 2.45569627e+08  9.30559357e-03 
 2.51292270e+08  9.26435000e-03 
 2.57148271e+08  9.23934734e-03 
 2.63140737e+08  9.23038950e-03 
 2.69272848e+08  9.23752796e-03 
 2.75547860e+08  9.26129340e-03 
 2.81969102e+08  9.30322100e-03 
 2.88539981e+08  9.36728928e-03 
 2.95263985e+08  9.46501104e-03 
 3.02144683e+08  9.64239414e-03 
 3.09185725e+08  1.02930384e-02 
 3.16390848e+08  1.09905076e-02 
 3.23763876e+08  9.96931849e-03 
 3.31308722e+08  1.02638516e-02 
 3.39029389e+08  1.15734082e-02 
 3.46929975e+08  1.13881453e-02 
 3.55014673e+08  9.94384668e-03 
 3.63287773e+08  1.00351936e-02 
 3.71753666e+08  1.02254652e-02 
 3.80416844e+08  1.04506576e-02 
 3.89281904e+08  1.07270549e-02 
 3.98353552e+08  1.11317114e-02 
 4.07636602e+08  1.20970851e-02 
 4.17135980e+08  1.21642785e-02 
 4.26856726e+08  1.14732574e-02 
 4.36804001e+08  1.23931010e-02 
 4.46983082e+08  1.23901228e-02 
 4.57399372e+08  1.31538427e-02 
 4.68058398e+08  1.33855469e-02 
 4.78965818e+08  1.24523506e-02 
 4.90127419e+08  1.32133764e-02 
 5.01549125e+08  1.47603961e-02 
 5.13236997e+08  1.50087358e-02 
 5.25197238e+08  1.65981080e-02 
 5.37436195e+08  1.66141007e-02 
 5.49960363e+08  2.10302903e-02 
 5.62776388e+08  2.44761450e-02 
 5.75891073e+08  1.65405692e-02 
 5.89311376e+08  1.40544350e-02 
 6.03044419e+08  1.50110843e-02 
 6.17097492e+08  7.42353723e-03 
 6.31478050e+08  8.99043680e-03 
 6.46193727e+08  1.20057096e-02 
 6.61252331e+08  1.50217084e-02 
 6.76661854e+08  1.49149437e-02 
 6.92430473e+08  1.58555039e-02 
 7.08566557e+08  1.58000523e-02 
 7.25078669e+08  1.86002688e-02 
 7.41975572e+08  1.66435018e-02 
 7.59266232e+08  1.76651638e-02 
 7.76959826e+08  1.59322058e-02 
 7.95065744e+08  1.33789178e-02 
 8.13593593e+08  1.48694391e-02 
 8.32553207e+08  1.65380870e-02 
 8.51954648e+08  1.71241388e-02 
 8.71808210e+08  2.07836195e-02 
 8.92124431e+08  1.78754199e-02 
 9.12914092e+08  1.63008266e-02 
 9.34188226e+08  2.10445079e-02 
 9.55958123e+08  1.81605502e-02 
 9.78235335e+08  1.79598649e-02 
 1.00103169e+09  1.62740308e-02 
 1.02435927e+09  1.62762870e-02 
 1.04823047e+09  1.73392660e-02 
 1.07265796e+09  2.05355232e-02 
 1.09765469e+09  2.05567520e-02 
 1.12323393e+09  1.55822201e-02 
 1.14940927e+09  1.59155252e-02 
 1.17619457e+09  1.92508209e-02 
 1.20360408e+09  2.06242142e-02 
 1.23165232e+09  2.40371516e-02 
 1.26035418e+09  2.57904765e-02 
 1.28972490e+09  2.61227009e-02 
 1.31978006e+09  2.53048859e-02 
 1.35053561e+09  2.43608435e-02 
 1.38200788e+09  2.47888947e-02 
 1.41421356e+09  2.48913566e-02 
 1.44716975e+09  2.54611158e-02 
 1.48089393e+09  2.60602406e-02 
 1.51540401e+09  2.68075411e-02 
 1.55071830e+09  2.79019869e-02 
 1.58685553e+09  2.76090130e-02 
 1.62383489e+09  2.61419929e-02 
 1.66167599e+09  2.49003670e-02 
 1.70039893e+09  2.36402024e-02 
 1.74002425e+09  2.23166202e-02 
 1.78057299e+09  2.09965321e-02 
 1.82206665e+09  1.97439019e-02 
 1.86452726e+09  1.85784550e-02 
 1.90797735e+09  1.77479752e-02 
 1.95243999e+09  1.66967571e-02 
 1.99793876e+09  1.68515991e-02 
 2.04449781e+09  1.65805165e-02 
 2.09214185e+09  1.58324020e-02 
 2.14089617e+09  1.53568179e-02 
 2.19078664e+09  1.50106270e-02 
 2.24183974e+09  1.47392511e-02 
 2.29408255e+09  1.44566947e-02 
 2.34754280e+09  1.45489430e-02 
 2.40224887e+09  1.45017567e-02 
 2.45822978e+09  1.44820020e-02 
 2.51551525e+09  1.44422314e-02 
 2.57413567e+09  1.43247538e-02 
 2.63412215e+09  1.41203673e-02 
 2.69550653e+09  1.38997664e-02 
 2.75832139e+09  1.37458019e-02 
 2.82260005e+09  1.36853674e-02 
 2.88837664e+09  1.37021709e-02 
 2.95568605e+09  1.37710299e-02 
 3.02456401e+09  1.38730943e-02 
 3.09504707e+09  1.39977778e-02 
 3.16717263e+09  1.41412793e-02 
 3.24097898e+09  1.43054364e-02 
 3.31650528e+09  1.44975246e-02 
 3.39379160e+09  1.47304424e-02 
 3.47287898e+09  1.50213393e-02 
 3.55380937e+09  1.53842194e-02 
 3.63662572e+09  1.58117601e-02 
 3.72137199e+09  1.62555812e-02 
 3.80809314e+09  1.66393312e-02 
 3.89683521e+09  1.69128269e-02 
 3.98764528e+09  1.70830418e-02 
 4.08057155e+09  1.71892313e-02 
 4.17566333e+09  1.72694616e-02 
 4.27297108e+09  1.73385928e-02 
 4.37254645e+09  1.74222280e-02 
 4.47444228e+09  1.75163430e-02 
 4.57871264e+09  1.76227700e-02 
 4.68541287e+09  1.77412119e-02 
 4.79459960e+09  1.78711324e-02 
 4.90633076e+09  1.80120634e-02 
 5.02066566e+09  1.81634568e-02 
 5.13766496e+09  1.83247248e-02 
 5.25739076e+09  1.84953717e-02 
 5.37990660e+09  1.86750264e-02 
 5.50527749e+09  1.88634554e-02 
 5.63356997e+09  1.90605608e-02 
 5.76485211e+09  1.92664473e-02 
 5.89919360e+09  1.94822916e-02 
 6.03666571e+09  1.97029458e-02 
 6.17734142e+09  1.99326752e-02 
 6.32129537e+09  2.01736832e-02 
 6.46860395e+09  2.04239527e-02 
 6.61934535e+09  2.06840670e-02 
 6.77359956e+09  2.09549700e-02 
 6.93144843e+09  2.12397638e-02 
 7.09297575e+09  2.14776802e-02 
 7.25826722e+09  2.18204286e-02 
 7.42741057e+09  2.21424289e-02 
 7.60049556e+09  2.24823118e-02 
 7.77761404e+09  2.28689330e-02 
 7.95886001e+09  2.31180678e-02 
 8.14432966e+09  2.35788920e-02 
 8.33412140e+09  2.40922202e-02 
 8.52833597e+09  2.50023867e-02 
 8.72707642e+09  2.21469291e-02 
 8.93044823e+09  2.43086466e-02 
 9.13855932e+09  2.48637708e-02 
 9.35152014e+09  2.54341784e-02 
 9.56944371e+09  2.59118630e-02 
 9.79244566e+09  2.63992338e-02 
 1.00206443e+10  2.68895482e-02 
 1.02541609e+10  2.73888304e-02 
 1.04931192e+10  2.79003511e-02 
 1.07376460e+10  2.84262605e-02 
 1.09878712e+10  2.89682008e-02 
 1.12439276e+10  2.95275922e-02 
 1.15059509e+10  3.01057987e-02 
 1.17740804e+10  3.07042529e-02 
 1.20484582e+10  3.13245914e-02 
 1.23292299e+10  3.19688575e-02 
 1.26165447e+10  3.26398814e-02 
 1.29105549e+10  3.33421292e-02 
 1.32114166e+10  3.40839548e-02 
 1.35192894e+10  3.48851227e-02 
 1.38343368e+10  3.58134118e-02 
 1.41567259e+10  3.74147852e-02 
 1.44866277e+10  3.54830014e-02 
 1.48242175e+10  3.73073292e-02 
 1.51696743e+10  3.83720061e-02 
 1.55231815e+10  3.93612027e-02 
 1.58849266e+10  4.03519068e-02 
 1.62551017e+10  4.13670786e-02 
 1.66339032e+10  4.24177280e-02 
 1.70215321e+10  4.35113168e-02 
 1.74181941e+10  4.46543184e-02 
 1.78240998e+10  4.58532841e-02 
 1.82394645e+10  4.71154443e-02 
 1.86645086e+10  4.84491351e-02 
 1.90994578e+10  4.98640493e-02 
 1.95445429e+10  5.13709073e-02 
 2.00000000e+10  5.29788890e-02 
