0.7228
0.7228
0.7229
0.7228
0.7228
0.7229
0.7228
0.7228
0.7228
0.7228
0.7228
0.7228
0.7232
0.7234
0.7232
0.7232
0.7233
0.7233
0.7231
0.7230
0.7228
0.7367
0.7229
0.9797
0.9971
0.9795
0.9808
0.9957
0.9763
0.7228
0.7228
0.7423
0.7228
0.7229
0.9748
1.0000
0.9803
0.9765
0.9984
0.9766
0.7228
0.7427
0.7228
0.7230
0.7228
0.7230
0.7228
0.7229
0.7228
0.7228
0.7219
0.7414
0.7228
0.7230
0.7230
0.7228
0.7337
0.0234
0.7327
0.7264
0.7247
0.8031
0.7226
0.7230
0.7230
0.7231
0.7237
0.0115
0.0091
0.7324
0.7316
0.0131
0.0156
0.7265
0.7229
0.7230
0.7231
0.7228
0.7292
0.7294
0.7262
0.8292
0.0073
0.7395
0.7229
0.7231
0.7230
0.7231
0.7227
0.7009
0.0324
0.6908
0.7144
0.7125
0.7128
0.7230
0.7230
0.7230
0.7231
0.7209
0.0130
0.0149
0.7031
0.7003
0.0000
0.0035
0.7213
0.7230
0.7231
0.7231
0.7228
0.7319
0.7206
0.7207
0.7143
0.0179
0.7143
0.7228
0.7228
0.7228
0.7228
