 1.00000000e+08  1.97515060e-02 
 1.02329299e+08  1.99192554e-02 
 1.04712855e+08  2.00933941e-02 
 1.07151931e+08  2.02741857e-02 
 1.09647820e+08  2.04619090e-02 
 1.12201845e+08  2.06568594e-02 
 1.14815362e+08  2.08593502e-02 
 1.17489755e+08  2.10697142e-02 
 1.20226443e+08  2.12883045e-02 
 1.23026877e+08  2.15154973e-02 
 1.25892541e+08  2.17516923e-02 
 1.28824955e+08  2.19973156e-02 
 1.31825674e+08  2.22528212e-02 
 1.34896288e+08  2.25186931e-02 
 1.38038426e+08  2.27954479e-02 
 1.41253754e+08  2.30836366e-02 
 1.44543977e+08  2.33838477e-02 
 1.47910839e+08  2.36967093e-02 
 1.51356125e+08  2.40228923e-02 
 1.54881662e+08  2.43631130e-02 
 1.58489319e+08  2.47181360e-02 
 1.62181010e+08  2.50887770e-02 
 1.65958691e+08  2.54759059e-02 
 1.69824365e+08  2.58804490e-02 
 1.73780083e+08  2.63033919e-02 
 1.77827941e+08  2.67457807e-02 
 1.81970086e+08  2.72087235e-02 
 1.86208714e+08  2.76933901e-02 
 1.90546072e+08  2.82010105e-02 
 1.94984460e+08  2.87328708e-02 
 1.99526231e+08  2.92903063e-02 
 2.04173794e+08  2.98746902e-02 
 2.08929613e+08  3.04874167e-02 
 2.13796209e+08  3.11298766e-02 
 2.18776162e+08  3.18034221e-02 
 2.23872114e+08  3.25093188e-02 
 2.29086765e+08  3.32486789e-02 
 2.34422882e+08  3.40223720e-02 
 2.39883292e+08  3.48309045e-02 
 2.45470892e+08  3.56742605e-02 
 2.51188643e+08  3.65516929e-02 
 2.57039578e+08  3.74614531e-02 
 2.63026799e+08  3.84004457e-02 
 2.69153480e+08  3.93637961e-02 
 2.75422870e+08  4.03443210e-02 
 2.81838293e+08  4.13319010e-02 
 2.88403150e+08  4.23127714e-02 
 2.95120923e+08  4.32687748e-02 
 3.01995172e+08  4.41766625e-02 
 3.09029543e+08  4.50075942e-02 
 3.16227766e+08  4.57270503e-02 
 3.23593657e+08  4.62954376e-02 
 3.31131121e+08  4.66696791e-02 
 3.38844156e+08  4.68060032e-02 
 3.46736850e+08  4.66639168e-02 
 3.54813389e+08  4.62109829e-02 
 3.63078055e+08  4.54275898e-02 
 3.71535229e+08  4.43106089e-02 
 3.80189396e+08  4.28748864e-02 
 3.89045145e+08  4.11520006e-02 
 3.98107171e+08  3.91864887e-02 
 4.07380278e+08  3.70304700e-02 
 4.16869383e+08  3.47379451e-02 
 4.26579519e+08  3.23599369e-02 
 4.36515832e+08  2.99412005e-02 
 4.46683592e+08  2.75187567e-02 
 4.57088190e+08  2.51221901e-02 
 4.67735141e+08  2.27756424e-02 
 4.78630092e+08  2.05017675e-02 
 4.89778819e+08  1.83287085e-02 
 5.01187234e+08  1.63026560e-02 
 5.12861384e+08  1.45108032e-02 
 5.24807460e+08  1.31200257e-02 
 5.37031796e+08  1.24217069e-02 
 5.49540874e+08  1.28196200e-02 
 5.62341325e+08  1.46851432e-02 
 5.75439937e+08  1.82176576e-02 
 5.88843655e+08  2.34788479e-02 
 6.02559586e+08  3.03291249e-02 
 6.16595002e+08  3.79017604e-02 
 6.30957344e+08  4.39540619e-02 
 6.45654229e+08  4.59902438e-02 
 6.60693448e+08  4.38952641e-02 
 6.76082975e+08  3.89010994e-02 
 6.91830971e+08  3.17634241e-02 
 7.07945784e+08  3.63861903e-02 
 7.24435960e+08  3.27401589e-02 
 7.41310241e+08  3.00944787e-02 
 7.58577575e+08  2.80390997e-02 
 7.76247117e+08  2.64105780e-02 
 7.94328235e+08  2.51138262e-02 
 8.12830516e+08  2.40849074e-02 
 8.31763771e+08  2.32781676e-02 
 8.51138038e+08  2.26599573e-02 
 8.70963590e+08  2.22049607e-02 
 8.91250938e+08  2.18938455e-02 
 9.12010839e+08  2.17116708e-02 
 9.33254301e+08  2.16467473e-02 
 9.54992586e+08  2.16897562e-02 
 9.77237221e+08  2.18329829e-02 
 1.00000000e+09  2.20695449e-02 
 1.02329299e+09  2.23925003e-02 
 1.04712855e+09  2.27937312e-02 
 1.07151931e+09  2.32625178e-02 
 1.09647820e+09  2.37838091e-02 
 1.12201845e+09  2.43363874e-02 
 1.14815362e+09  2.48914904e-02 
 1.17489755e+09  2.54129399e-02 
 1.20226443e+09  2.58601679e-02 
 1.23026877e+09  2.61950980e-02 
 1.25892541e+09  2.63920584e-02 
 1.28824955e+09  2.64472214e-02 
 1.31825674e+09  2.63826501e-02 
 1.34896288e+09  2.62421235e-02 
 1.38038426e+09  2.60805936e-02 
 1.41253754e+09  2.59524926e-02 
 1.44543977e+09  2.59035592e-02 
 1.47910839e+09  2.59677849e-02 
 1.51356125e+09  2.61684078e-02 
 1.54881662e+09  2.65209480e-02 
 1.58489319e+09  2.70366368e-02 
 1.62181010e+09  2.77253219e-02 
 1.65958691e+09  2.85974754e-02 
 1.69824365e+09  2.96651610e-02 
 1.73780083e+09  3.09417628e-02 
 1.77827941e+09  3.24400025e-02 
 1.81970086e+09  3.41673105e-02 
 1.86208714e+09  3.61170602e-02 
 1.90546072e+09  3.82539242e-02 
 1.94984460e+09  4.04928379e-02 
 1.99526231e+09  4.26761907e-02 
 2.04173794e+09  4.45650250e-02 
 2.08929613e+09  4.58717225e-02 
 2.13796209e+09  4.63513029e-02 
 2.18776162e+09  4.59158365e-02 
 2.23872114e+09  4.46854559e-02 
 2.29086765e+09  4.29282480e-02 
 2.34422882e+09  4.09427517e-02 
 2.39883292e+09  3.89691762e-02 
 2.45470892e+09  3.71607405e-02 
 2.51188643e+09  3.55954057e-02 
 2.57039578e+09  3.43002970e-02 
 2.63026799e+09  3.32736617e-02 
 2.69153480e+09  3.25002499e-02 
 2.75422870e+09  3.19609407e-02 
 2.81838293e+09  3.16386991e-02 
 2.88403150e+09  3.15230050e-02 
 2.95120923e+09  3.16149105e-02 
 3.01995172e+09  3.19322100e-02 
 3.09029543e+09  3.24072155e-02 
 3.16227766e+09  2.62081291e-02 
 3.23593657e+09  2.93460960e-02 
 3.31131121e+09  3.19311254e-02 
 3.38844156e+09  3.40130800e-02 
 3.46736850e+09  3.32145281e-02 
 3.54813389e+09  3.53607732e-02 
 3.63078055e+09  3.72155286e-02 
 3.71535229e+09  3.94597344e-02 
 3.80189396e+09  4.41009916e-02 
 3.89045145e+09  4.31979868e-02 
 3.98107171e+09  4.68733308e-02 
 4.07380278e+09  4.31972626e-02 
 4.16869383e+09  2.58794591e-02 
 4.26579519e+09  4.55431941e-02 
 4.36515832e+09  5.50140340e-02 
 4.46683592e+09  5.57276446e-02 
 4.57088190e+09  3.95156804e-02 
 4.67735141e+09  2.48760841e-02 
 4.78630092e+09  3.10895339e-02 
 4.89778819e+09  4.80561716e-02 
 5.01187234e+09  3.32603570e-02 
 5.12861384e+09  5.91699290e-02 
 5.24807460e+09  8.67782121e-02 
 5.37031796e+09  6.41215924e-02 
 5.49540874e+09  3.68733735e-02 
 5.62341325e+09  4.24212472e-02 
 5.75439937e+09  3.55991125e-02 
 5.88843655e+09  2.84461085e-02 
 6.02559586e+09  3.43700505e-02 
 6.16595002e+09  5.11993327e-02 
 6.30957344e+09  5.51317457e-02 
 6.45654229e+09  4.58106638e-02 
 6.60693448e+09  3.69130801e-02 
 6.76082975e+09  3.36529312e-02 
 6.91830971e+09  3.33452888e-02 
 7.07945784e+09  3.47865775e-02 
 7.24435960e+09  1.91923593e-02 
 7.41310241e+09  3.37562010e-02 
 7.58577575e+09  1.15978779e-02 
 7.76247117e+09  2.84995760e-02 
 7.94328235e+09  1.81446527e-02 
 8.12830516e+09  2.65849422e-02 
 8.31763771e+09  3.07196977e-02 
 8.51138038e+09  2.76449024e-02 
 8.70963590e+09  2.84877252e-02 
 8.91250938e+09  4.00091906e-02 
 9.12010839e+09  3.41276234e-02 
 9.33254301e+09  3.47268024e-02 
 9.54992586e+09  3.77758492e-02 
 9.77237221e+09  3.75019866e-02 
 1.00000000e+10  3.93949875e-02 
 1.02329299e+10  4.16023460e-02 
 1.04712855e+10  4.37559009e-02 
 1.07151931e+10  4.60481482e-02 
 1.09647820e+10  4.85645012e-02 
 1.12201845e+10  5.13754761e-02 
 1.14815362e+10  5.45219527e-02 
 1.17489755e+10  5.79062632e-02 
 1.20226443e+10  6.09288351e-02 
 1.23026877e+10  6.17418280e-02 
 1.25892541e+10  5.78077159e-02 
 1.28824955e+10  5.09047205e-02 
 1.31825674e+10  4.65542390e-02 
 1.34896288e+10  4.61208376e-02 
 1.38038426e+10  4.80507823e-02 
 1.41253754e+10  5.13325015e-02 
 1.44543977e+10  5.75514829e-02 
 1.47910839e+10  5.72544323e-02 
 1.51356125e+10  6.43304519e-02 
 1.54881662e+10  5.73564331e-02 
 1.58489319e+10  6.58895875e-02 
 1.62181010e+10  7.05534026e-02 
 1.65958691e+10  7.49403221e-02 
 1.69824365e+10  7.96170905e-02 
 1.73780083e+10  8.47602333e-02 
 1.77827941e+10  9.05090234e-02 
 1.81970086e+10  9.70275319e-02 
 1.86208714e+10  1.04530765e-01 
 1.90546072e+10  1.13312163e-01 
 1.94984460e+10  1.23783478e-01 
 1.99526231e+10  1.36536184e-01 
