 1.00000000e+08  1.81451026e-02 
 1.02330354e+08  1.81136305e-02 
 1.04715014e+08  1.80653516e-02 
 1.07155245e+08  1.79986826e-02 
 1.09652342e+08  1.79120992e-02 
 1.12207630e+08  1.78041838e-02 
 1.14822466e+08  1.76736779e-02 
 1.17498236e+08  1.75195378e-02 
 1.20236362e+08  1.73409900e-02 
 1.23038295e+08  1.71375824e-02 
 1.25905523e+08  1.69092302e-02 
 1.28839568e+08  1.66562495e-02 
 1.31841987e+08  1.63793783e-02 
 1.34914372e+08  1.60797807e-02 
 1.38058355e+08  1.57590332e-02 
 1.41275604e+08  1.54190943e-02 
 1.44567827e+08  1.50622570e-02 
 1.47936769e+08  1.46910891e-02 
 1.51384220e+08  1.43083632e-02 
 1.54912009e+08  1.39169824e-02 
 1.58522008e+08  1.35199053e-02 
 1.62216133e+08  1.31200752e-02 
 1.65996343e+08  1.27203554e-02 
 1.69864646e+08  1.23234757e-02 
 1.73823095e+08  1.19319889e-02 
 1.77873789e+08  1.15482392e-02 
 1.82018879e+08  1.11743425e-02 
 1.86260564e+08  1.08121761e-02 
 1.90601095e+08  1.04633778e-02 
 1.95042776e+08  1.01293526e-02 
 1.99587964e+08  9.81128557e-03 
 2.04239071e+08  9.51015979e-03 
 2.08998565e+08  9.22677966e-03 
 2.13868972e+08  8.96179966e-03 
 2.18852877e+08  8.71576134e-03 
 2.23952925e+08  8.48914371e-03 
 2.29171822e+08  8.28243803e-03 
 2.34512337e+08  8.09626916e-03 
 2.39977306e+08  7.93161076e-03 
 2.45569627e+08  7.79020097e-03 
 2.51292270e+08  7.67541914e-03 
 2.57148271e+08  7.59432610e-03 
 2.63140737e+08  7.56301280e-03 
 2.69272848e+08  7.62294881e-03 
 2.75547860e+08  7.90256505e-03 
 2.81969102e+08  8.92904084e-03 
 2.88539981e+08  1.38283676e-02 
 2.95263985e+08  1.67759104e-02 
 3.02144683e+08  1.00300238e-02 
 3.09185725e+08  8.48132533e-03 
 3.16390848e+08  8.05464715e-03 
 3.23763876e+08  8.14523842e-03 
 3.31308722e+08  9.36671018e-03 
 3.39029389e+08  1.82559742e-02 
 3.46929975e+08  1.18971203e-02 
 3.55014673e+08  8.96941727e-03 
 3.63287773e+08  8.30021654e-03 
 3.71753666e+08  8.08916588e-03 
 3.80416844e+08  8.11419219e-03 
 3.89281904e+08  8.07861300e-03 
 3.98353552e+08  8.08737139e-03 
 4.07636602e+08  8.16042519e-03 
 4.17135980e+08  8.26409576e-03 
 4.26856726e+08  8.39814721e-03 
 4.36804001e+08  8.58150346e-03 
 4.46983082e+08  8.98421394e-03 
 4.57399372e+08  9.04989449e-03 
 4.68058398e+08  9.44648083e-03 
 4.78965818e+08  9.84414319e-03 
 4.90127419e+08  1.15768891e-02 
 5.01549125e+08  9.46633341e-03 
 5.13236997e+08  9.49926650e-03 
 5.25197238e+08  1.00123773e-02 
 5.37436195e+08  1.11302864e-02 
 5.49960363e+08  1.15527925e-02 
 5.62776388e+08  1.17407597e-02 
 5.75891073e+08  1.11585387e-02 
 5.89311376e+08  1.38224844e-02 
 6.03044419e+08  1.33618410e-02 
 6.17097492e+08  1.10482183e-02 
 6.31478050e+08  9.17327992e-03 
 6.46193727e+08  1.16801903e-02 
 6.61252331e+08  6.65776157e-03 
 6.76661854e+08  8.37786212e-03 
 6.92430473e+08  9.62333309e-03 
 7.08566557e+08  1.11576197e-02 
 7.25078669e+08  1.08551016e-02 
 7.41975572e+08  9.89386967e-03 
 7.59266232e+08  1.06688764e-02 
 7.76959826e+08  1.32809018e-02 
 7.95065744e+08  1.15170319e-02 
 8.13593593e+08  1.17813071e-02 
 8.32553207e+08  1.32332685e-02 
 8.51954648e+08  1.36108144e-02 
 8.71808210e+08  1.66318819e-02 
 8.92124431e+08  1.75839265e-02 
 9.12914092e+08  1.44790759e-02 
 9.34188226e+08  1.29970946e-02 
 9.55958123e+08  1.33657460e-02 
 9.78235335e+08  1.23580891e-02 
 1.00103169e+09  1.43574930e-02 
 1.02435927e+09  1.38601895e-02 
 1.04823047e+09  1.47702089e-02 
 1.07265796e+09  1.45330377e-02 
 1.09765469e+09  1.42456117e-02 
 1.12323393e+09  1.66867335e-02 
 1.14940927e+09  1.72418967e-02 
 1.17619457e+09  1.80610901e-02 
 1.20360408e+09  2.26909808e-02 
 1.23165232e+09  3.61949079e-02 
 1.26035418e+09  2.28601911e-02 
 1.28972490e+09  1.15596372e-02 
 1.31978006e+09  1.03615948e-02 
 1.35053561e+09  1.34373942e-02 
 1.38200788e+09  1.74138103e-02 
 1.41421356e+09  1.48242793e-02 
 1.44716975e+09  1.69049339e-02 
 1.48089393e+09  1.70086584e-02 
 1.51540401e+09  1.72124030e-02 
 1.55071830e+09  1.75731376e-02 
 1.58685553e+09  1.91727397e-02 
 1.62383489e+09  2.21282358e-02 
 1.66167599e+09  1.81622590e-02 
 1.70039893e+09  2.01858411e-02 
 1.74002425e+09  2.43678549e-02 
 1.78057299e+09  2.44653501e-02 
 1.82206665e+09  2.97502539e-02 
 1.86452726e+09  1.40881444e-02 
 1.90797735e+09  2.13174819e-02 
 1.95243999e+09  1.42067556e-02 
 1.99793876e+09  1.74762674e-02 
 2.04449781e+09  1.97389474e-02 
 2.09214185e+09  2.14105111e-02 
 2.14089617e+09  2.31379738e-02 
 2.19078664e+09  2.46917069e-02 
 2.24183974e+09  2.61395480e-02 
 2.29408255e+09  2.74288421e-02 
 2.34754280e+09  2.78220415e-02 
 2.40224887e+09  2.46119335e-02 
 2.45822978e+09  2.63704570e-02 
 2.51551525e+09  2.88683419e-02 
 2.57413567e+09  3.03813391e-02 
 2.63412215e+09  3.15056800e-02 
 2.69550653e+09  3.24357724e-02 
 2.75832139e+09  3.32480823e-02 
 2.82260005e+09  3.39799954e-02 
 2.88837664e+09  3.46525976e-02 
 2.95568605e+09  3.52786514e-02 
 3.02456401e+09  3.58659477e-02 
 3.09504707e+09  3.64190087e-02 
 3.16717263e+09  3.69401238e-02 
 3.24097898e+09  3.74300735e-02 
 3.31650528e+09  3.78886719e-02 
 3.39379160e+09  3.83151875e-02 
 3.47287898e+09  3.87086654e-02 
 3.55380937e+09  3.90681702e-02 
 3.63662572e+09  3.93929588e-02 
 3.72137199e+09  3.96825957e-02 
 3.80809314e+09  3.99370188e-02 
 3.89683521e+09  4.01565651e-02 
 3.98764528e+09  4.03419653e-02 
 4.08057155e+09  4.04943154e-02 
 4.17566333e+09  4.06150313e-02 
 4.27297108e+09  4.07057949e-02 
 4.37254645e+09  4.07684946e-02 
 4.47444228e+09  4.08051665e-02 
 4.57871264e+09  4.08179387e-02 
 4.68541287e+09  4.08089806e-02 
 4.79459960e+09  4.07804590e-02 
 4.90633076e+09  4.07345019e-02 
 5.02066566e+09  4.06731687e-02 
 5.13766496e+09  4.05984292e-02 
 5.25739076e+09  4.05121477e-02 
 5.37990660e+09  4.04160740e-02 
 5.50527749e+09  4.03118406e-02 
 5.63356997e+09  4.02009645e-02 
 5.76485211e+09  4.00848564e-02 
 5.89919360e+09  3.99648371e-02 
 6.03666571e+09  3.98421673e-02 
 6.17734142e+09  3.97180996e-02 
 6.32129537e+09  3.95939795e-02 
 6.46860395e+09  3.94714505e-02 
 6.61934535e+09  3.93528688e-02 
 6.77359956e+09  3.92409680e-02 
 6.93144843e+09  3.92807513e-02 
 7.09297575e+09  2.33684926e-02 
 7.25826722e+09  3.84985242e-02 
 7.42741057e+09  3.85067203e-02 
 7.60049556e+09  3.85652518e-02 
 7.77761404e+09  3.83915195e-02 
 7.95886001e+09  3.82747596e-02 
 8.14432966e+09  3.81603069e-02 
 8.33412140e+09  3.80384144e-02 
 8.52833597e+09  3.80119374e-02 
 8.72707642e+09  3.80244533e-02 
 8.93044823e+09  3.78136489e-02 
 9.13855932e+09  3.77020755e-02 
 9.35152014e+09  3.76034496e-02 
 9.56944371e+09  3.75108186e-02 
 9.79244566e+09  3.74224602e-02 
 1.00206443e+10  3.73377229e-02 
 1.02541609e+10  3.72562848e-02 
 1.04931192e+10  3.71779493e-02 
 1.07376460e+10  3.71025729e-02 
 1.09878712e+10  3.70300359e-02 
 1.12439276e+10  3.69602278e-02 
 1.15059509e+10  3.68930391e-02 
 1.17740804e+10  3.68283550e-02 
 1.20484582e+10  3.67660473e-02 
 1.23292299e+10  3.67059621e-02 
 1.26165447e+10  3.66478935e-02 
 1.29105549e+10  3.65915240e-02 
 1.32114166e+10  3.65362611e-02 
 1.35192894e+10  3.64806779e-02 
 1.38343368e+10  3.64197151e-02 
 1.41567259e+10  3.63112706e-02 
 1.44866277e+10  3.63442145e-02 
 1.48242175e+10  3.63436333e-02 
 1.51696743e+10  3.62943902e-02 
 1.55231815e+10  3.62511324e-02 
 1.58849266e+10  3.62113171e-02 
 1.62551017e+10  3.61739586e-02 
 1.66339032e+10  3.61386040e-02 
 1.70215321e+10  3.61050013e-02 
 1.74181941e+10  3.60729877e-02 
 1.78240998e+10  3.60424452e-02 
 1.82394645e+10  3.60132803e-02 
 1.86645086e+10  3.59854148e-02 
 1.90994578e+10  3.59587801e-02 
 1.95445429e+10  3.59333146e-02 
 2.00000000e+10  3.59089618e-02 
