 1.00000000e+08  2.07136589e-02 
 1.02330354e+08  2.08355297e-02 
 1.04715014e+08  2.09525565e-02 
 1.07155245e+08  2.10630514e-02 
 1.09652342e+08  2.11651015e-02 
 1.12207630e+08  2.12565639e-02 
 1.14822466e+08  2.13350680e-02 
 1.17498236e+08  2.13980286e-02 
 1.20236362e+08  2.14426711e-02 
 1.23038295e+08  2.14660733e-02 
 1.25905523e+08  2.14652240e-02 
 1.28839568e+08  2.14371008e-02 
 1.31841987e+08  2.13787663e-02 
 1.34914372e+08  2.12874814e-02 
 1.38058355e+08  2.11608305e-02 
 1.41275604e+08  2.09968519e-02 
 1.44567827e+08  2.07941650e-02 
 1.47936769e+08  2.05520822e-02 
 1.51384220e+08  2.02706965e-02 
 1.54912009e+08  1.99509324e-02 
 1.58522008e+08  1.95945545e-02 
 1.62216133e+08  1.92041303e-02 
 1.65996343e+08  1.87829479e-02 
 1.69864646e+08  1.83348953e-02 
 1.73823095e+08  1.78643123e-02 
 1.77873789e+08  1.73758259e-02 
 1.82018879e+08  1.68741840e-02 
 1.86260564e+08  1.63640983e-02 
 1.90601095e+08  1.58501076e-02 
 1.95042776e+08  1.53364659e-02 
 1.99587964e+08  1.48270598e-02 
 2.04239071e+08  1.43253546e-02 
 2.08998565e+08  1.38343673e-02 
 2.13868972e+08  1.33566616e-02 
 2.18852877e+08  1.28943616e-02 
 2.23952925e+08  1.24491780e-02 
 2.29171822e+08  1.20224436e-02 
 2.34512337e+08  1.16151536e-02 
 2.39977306e+08  1.12280079e-02 
 2.45569627e+08  1.08614531e-02 
 2.51292270e+08  1.05157223e-02 
 2.57148271e+08  1.01908726e-02 
 2.63140737e+08  9.88681848e-03 
 2.69272848e+08  9.60336229e-03 
 2.75547860e+08  9.34022124e-03 
 2.81969102e+08  9.09705180e-03 
 2.88539981e+08  8.87347204e-03 
 2.95263985e+08  8.66908313e-03 
 3.02144683e+08  8.48349131e-03 
 3.09185725e+08  8.31633248e-03 
 3.16390848e+08  8.16730282e-03 
 3.23763876e+08  8.03620097e-03 
 3.31308722e+08  7.92299205e-03 
 3.39029389e+08  7.82791356e-03 
 3.46929975e+08  7.75166522e-03 
 3.55014673e+08  7.69577961e-03 
 3.63287773e+08  7.66341924e-03 
 3.71753666e+08  7.66130937e-03 
 3.80416844e+08  7.70523244e-03 
 3.89281904e+08  7.83960243e-03 
 3.98353552e+08  8.23688681e-03 
 4.07636602e+08  1.01650814e-02 
 4.17135980e+08  1.39326858e-02 
 4.26856726e+08  8.46625005e-03 
 4.36804001e+08  8.15097219e-03 
 4.46983082e+08  1.02357986e-02 
 4.57399372e+08  9.07091795e-03 
 4.68058398e+08  1.79965094e-02 
 4.78965818e+08  9.40315846e-03 
 4.90127419e+08  8.20500200e-03 
 5.01549125e+08  8.17973827e-03 
 5.13236997e+08  8.46375265e-03 
 5.25197238e+08  9.20690158e-03 
 5.37436195e+08  1.12945311e-02 
 5.49960363e+08  1.55610096e-02 
 5.62776388e+08  8.65369591e-03 
 5.75891073e+08  9.36635669e-03 
 5.89311376e+08  9.56243666e-03 
 6.03044419e+08  8.85457969e-03 
 6.17097492e+08  9.45039149e-03 
 6.31478050e+08  8.61333653e-03 
 6.46193727e+08  9.00458438e-03 
 6.61252331e+08  9.92238119e-03 
 6.76661854e+08  1.04674905e-02 
 6.92430473e+08  1.15389792e-02 
 7.08566557e+08  1.13451793e-02 
 7.25078669e+08  1.35069323e-02 
 7.41975572e+08  1.15811270e-02 
 7.59266232e+08  1.01186678e-02 
 7.76959826e+08  1.16430968e-02 
 7.95065744e+08  1.20986413e-02 
 8.13593593e+08  1.18918641e-02 
 8.32553207e+08  1.27511515e-02 
 8.51954648e+08  1.57420833e-02 
 8.71808210e+08  1.70032274e-02 
 8.92124431e+08  2.79446916e-02 
 9.12914092e+08  1.43217132e-02 
 9.34188226e+08  9.45871365e-03 
 9.55958123e+08  1.17062048e-02 
 9.78235335e+08  1.60241229e-02 
 1.00103169e+09  2.29119879e-02 
 1.02435927e+09  1.56635585e-02 
 1.04823047e+09  8.92993388e-03 
 1.07265796e+09  1.09291446e-02 
 1.09765469e+09  1.12447693e-02 
 1.12323393e+09  1.18453178e-02 
 1.14940927e+09  1.38496406e-02 
 1.17619457e+09  1.82490688e-02 
 1.20360408e+09  3.15758276e-02 
 1.23165232e+09  7.50466633e-03 
 1.26035418e+09  9.97541129e-03 
 1.28972490e+09  1.06876712e-02 
 1.31978006e+09  1.36345875e-02 
 1.35053561e+09  1.17406207e-02 
 1.38200788e+09  1.44813622e-02 
 1.41421356e+09  1.31020285e-02 
 1.44716975e+09  1.34462645e-02 
 1.48089393e+09  1.51413306e-02 
 1.51540401e+09  1.62981565e-02 
 1.55071830e+09  1.69068246e-02 
 1.58685553e+09  1.61485858e-02 
 1.62383489e+09  1.98488815e-02 
 1.66167599e+09  1.43724979e-02 
 1.70039893e+09  1.72236508e-02 
 1.74002425e+09  1.35740995e-02 
 1.78057299e+09  1.52213507e-02 
 1.82206665e+09  1.74590830e-02 
 1.86452726e+09  1.59657720e-02 
 1.90797735e+09  1.78095662e-02 
 1.95243999e+09  1.71425564e-02 
 1.99793876e+09  1.83708045e-02 
 2.04449781e+09  1.68997705e-02 
 2.09214185e+09  1.84618562e-02 
 2.14089617e+09  1.98573254e-02 
 2.19078664e+09  2.10800712e-02 
 2.24183974e+09  2.24357207e-02 
 2.29408255e+09  2.43285916e-02 
 2.34754280e+09  2.60796289e-02 
 2.40224887e+09  1.95724509e-02 
 2.45822978e+09  2.18454482e-02 
 2.51551525e+09  2.34173589e-02 
 2.57413567e+09  2.46151156e-02 
 2.63412215e+09  2.56589853e-02 
 2.69550653e+09  2.66244467e-02 
 2.75832139e+09  2.75420634e-02 
 2.82260005e+09  2.84253139e-02 
 2.88837664e+09  2.92801106e-02 
 2.95568605e+09  3.01086975e-02 
 3.02456401e+09  3.09114925e-02 
 3.09504707e+09  3.16880673e-02 
 3.16717263e+09  3.24377133e-02 
 3.24097898e+09  3.31597807e-02 
 3.31650528e+09  3.38538760e-02 
 3.39379160e+09  3.45199613e-02 
 3.47287898e+09  3.51583790e-02 
 3.55380937e+09  3.57698254e-02 
 3.63662572e+09  3.63552861e-02 
 3.72137199e+09  3.69159524e-02 
 3.80809314e+09  3.74531302e-02 
 3.89683521e+09  3.79681530e-02 
 3.98764528e+09  3.84623081e-02 
 4.08057155e+09  3.89367795e-02 
 4.17566333e+09  3.93926088e-02 
 4.27297108e+09  3.98306763e-02 
 4.37254645e+09  4.02516953e-02 
 4.47444228e+09  4.06562202e-02 
 4.57871264e+09  4.10446608e-02 
 4.68541287e+09  4.14173004e-02 
 4.79459960e+09  4.17743101e-02 
 4.90633076e+09  4.21157547e-02 
 5.02066566e+09  4.24415770e-02 
 5.13766496e+09  4.27515406e-02 
 5.25739076e+09  4.30450786e-02 
 5.37990660e+09  4.33208983e-02 
 5.50527749e+09  4.35757932e-02 
 5.63356997e+09  4.37997159e-02 
 5.76485211e+09  4.39285407e-02 
 5.89919360e+09  4.44168500e-02 
 6.03666571e+09  4.41862593e-02 
 6.17734142e+09  4.55543551e-02 
 6.32129537e+09  4.53575315e-02 
 6.46860395e+09  4.54614262e-02 
 6.61934535e+09  4.56137762e-02 
 6.77359956e+09  4.57713510e-02 
 6.93144843e+09  4.38322123e-02 
 7.09297575e+09  4.61940568e-02 
 7.25826722e+09  4.63777552e-02 
 7.42741057e+09  4.65819431e-02 
 7.60049556e+09  4.68084570e-02 
 7.77761404e+09  4.71757051e-02 
 7.95886001e+09  4.77371419e-02 
 8.14432966e+09  4.78023526e-02 
 8.33412140e+09  4.65173244e-02 
 8.52833597e+09  4.10561344e-02 
 8.72707642e+09  1.44831762e-02 
 8.93044823e+09  3.69824618e-02 
 9.13855932e+09  4.14691086e-02 
 9.35152014e+09  4.31291125e-02 
 9.56944371e+09  4.39782266e-02 
 9.79244566e+09  4.44943083e-02 
 1.00206443e+10  4.48429227e-02 
 1.02541609e+10  4.50955685e-02 
 1.04931192e+10  4.52879483e-02 
 1.07376460e+10  4.54398328e-02 
 1.09878712e+10  4.55630554e-02 
 1.12439276e+10  4.56651423e-02 
 1.15059509e+10  4.57511207e-02 
 1.17740804e+10  4.58244868e-02 
 1.20484582e+10  4.58877560e-02 
 1.23292299e+10  4.59427906e-02 
 1.26165447e+10  4.59910042e-02 
 1.29105549e+10  4.60334928e-02 
 1.32114166e+10  4.60711224e-02 
 1.35192894e+10  4.61045880e-02 
 1.38343368e+10  4.61344560e-02 
 1.41567259e+10  4.61611933e-02 
 1.44866277e+10  4.61851892e-02 
 1.48242175e+10  4.62067716e-02 
 1.51696743e+10  4.62262187e-02 
 1.55231815e+10  4.62437687e-02 
 1.58849266e+10  4.62596264e-02 
 1.62551017e+10  4.62739693e-02 
 1.66339032e+10  4.62869520e-02 
 1.70215321e+10  4.62987094e-02 
 1.74181941e+10  4.63093602e-02 
 1.78240998e+10  4.63190086e-02 
 1.82394645e+10  4.63277469e-02 
 1.86645086e+10  4.63356565e-02 
 1.90994578e+10  4.63428099e-02 
 1.95445429e+10  4.63492713e-02 
 2.00000000e+10  4.63550979e-02 
